./asc:main.c:294: warning: auxv random bytes were not cleared
  Round	    PC	Excited	Hamming	   Loss	 Regret	    MSE	  Error	   MIPS
      0	400144	     30	42269.0	42269.0	42269.0	 0.1569	 100.00	  58.15
      1	400804	     30	 1219.0	43482.0	21741.0	 0.2224	 100.00	 252.57
      2	400804	     30	    8.0	43482.0	14494.0	 0.2260	 100.00	 397.83
      3	400804	     30	   10.0	43484.0	10871.0	 0.2159	 100.00	 499.70
      4	400804	     30	   10.0	43482.0	17393.2	 0.1940	 100.00	 574.56
      5	400804	     30	    6.0	43488.0	21742.3	 0.1744	 100.00	 633.46
      6	400804	     30	   12.0	43484.0	24848.3	 0.1724	 100.00	 680.32
      7	400804	     30	    8.0	43488.0	27178.2	 0.1542	 100.00	 728.63
      8	400804	     30	   10.0	43482.0	28989.8	 0.1586	 100.00	 775.23
      9	400804	     30	    6.0	43484.0	30439.2	 0.1446	 100.00	 815.68
     10	400804	     30	    8.0	43488.0	31625.5	 0.1402	 100.00	 851.85
     11	400804	     30	   12.0	43484.0	32613.7	 0.1471	 100.00	 883.04
     12	400804	     30	   12.0	43484.0	33449.8	 0.1428	 100.00	 911.99
     13	400804	     30	    8.0	43484.0	34166.6	 0.1356	 100.00	 939.62
     14	400804	     30	    8.0	43488.0	34788.0	 0.1312	 100.00	 963.17
     15	400804	     30	    6.0	43490.0	35331.9	 0.1256	 100.00	 984.39
     16	400804	     30	   12.0	43482.0	35811.3	 0.1399	 100.00	1004.08
     17	400804	     30	    8.0	43486.0	36237.7	 0.1340	 100.00	1021.92
     18	400804	     30	   10.0	43484.0	36619.1	 0.1367	 100.00	1038.43
     19	400804	     30	    6.0	43490.0	36962.6	 0.1316	 100.00	1054.33
     20	400804	     30	   10.0	43488.0	37273.3	 0.1287	 100.00	1066.70
     21	400804	     30	   16.0	43484.0	37555.6	 0.1345	 100.00	1077.65
     22	400804	     30	    8.0	43484.0	37813.4	 0.1320	 100.00	1088.36
     23	400804	     30	    6.0	43490.0	38049.9	 0.1267	 100.00	1097.61
     24	400804	     30	   10.0	43484.0	38267.3	 0.1248	 100.00	1106.91
     25	400804	     30	    6.0	43486.0	38468.0	 0.1209	 100.00	1115.33
     26	400804	     30	   14.0	43484.0	38653.8	 0.1204	 100.00	1123.55
     27	400804	     30	    6.0	43486.0	38826.4	 0.1162	 100.00	1130.86
     28	400804	     30	   10.0	43488.0	38987.1	 0.1161	 100.00	1138.31
     29	400804	     30	    8.0	43488.0	39137.1	 0.1133	 100.00	1144.61
     30	400804	     30	   10.0	43490.0	39277.5	 0.1128	 100.00	1150.96
