./asc:main.c:294: warning: auxv random bytes were not cleared
  Round	    PC	Excited	Hamming	   Loss	 Regret	    MSE	  Error	   MIPS
      0	400144	     17	42215.0	42215.0	42215.0	 0.2495	 100.00	   3.86
      1	4007f2	     17	 1202.0	43411.0	21705.5	 0.2526	 100.00	   6.27
      2	4007f2	     17	    8.0	43409.0	14469.7	 0.2466	 100.00	   8.41
      3	4007f2	     17	    2.0	43411.0	10852.8	 0.2314	 100.00	  10.25
      4	4007f2	     17	    6.0	43409.0	17364.0	 0.2226	 100.00	  11.87
      5	4007f2	     17	    2.0	43411.0	21705.2	 0.2085	 100.00	  13.26
      6	4007f2	     17	    4.0	43411.0	24806.0	 0.1937	 100.00	  14.51
      7	4007f2	     17	    2.0	43413.0	27131.9	 0.1804	 100.00	  15.62
      8	4007f2	     17	    8.0	43409.0	28940.4	 0.1836	 100.00	  19.05
