./asc:main.c:294: warning: auxv random bytes were not cleared
  Round	    PC	Excited	Hamming	   Loss	 Regret	    MSE	  Error	   MIPS
      0	400144	     33	42208.0	42208.0	42208.0	 0.2621	 100.00	   2.96
      1	4007e8	     33	 1145.0	43347.0	21673.5	 0.2562	 100.00	   5.04
      2	4007e8	     33	   14.0	43345.0	14448.3	 0.2452	 100.00	   6.85
      3	4007e8	     33	    5.0	43350.0	10837.5	 0.2276	 100.00	   8.45
      4	4007e8	     33	   15.0	43345.0	17339.0	 0.2185	 100.00	   9.87
      5	4007e8	     33	    5.0	43350.0	21674.2	 0.2060	 100.00	  11.24
      6	4007e8	     33	   10.0	43350.0	24770.7	 0.1894	 100.00	  12.59
      7	4007e8	     33	    5.0	43355.0	27093.8	 0.1783	 100.00	  13.85
      8	4007e8	     33	   20.0	43345.0	28899.4	 0.1946	 100.00	  17.25
