./asc:main.c:294: warning: auxv random bytes were not cleared
  Round	    PC	Excited	Hamming	   Loss	 Regret	    MSE	  Error	   MIPS
      0	400144	     17	42208.0	42208.0	42208.0	 0.2462	 100.00	   4.10
      1	4007fe	     17	 1200.0	43404.0	21702.0	 0.2524	 100.00	   6.79
      2	4007fe	     17	    8.0	43402.0	14467.3	 0.2451	 100.00	   9.05
      3	4007fe	     17	    2.0	43404.0	10851.0	 0.2300	 100.00	  10.98
      4	4007fe	     17	    6.0	43402.0	17361.2	 0.2213	 100.00	  12.65
      5	4007fe	     17	    2.0	43404.0	21701.7	 0.2075	 100.00	  14.28
      6	4007fe	     17	    4.0	43404.0	24802.0	 0.1922	 100.00	  15.88
      7	4007fe	     17	    2.0	43406.0	27127.5	 0.1791	 100.00	  17.34
      8	4007fe	     17	    8.0	43402.0	28935.8	 0.1821	 100.00	  21.44
