./asc:main.c:294: warning: auxv random bytes were not cleared
  Round	    PC	Excited	Hamming	   Loss	 Regret	    MSE	  Error	   MIPS
      0	400144	     33	42223.0	42223.0	42223.0	 0.2547	 100.00	   3.17
      1	4007ed	     33	 1139.0	43358.0	21679.0	 0.2514	 100.00	   5.35
      2	4007ed	     33	   12.0	43356.0	14452.0	 0.2372	 100.00	   7.23
      3	4007ed	     33	    4.0	43360.0	10840.0	 0.2170	 100.00	   8.89
      4	4007ed	     33	   12.0	43356.0	17343.2	 0.2048	 100.00	  10.35
      5	4007ed	     33	    4.0	43360.0	21679.3	 0.1921	 100.00	  11.65
      6	4007ed	     33	    8.0	43360.0	24776.6	 0.1748	 100.00	  12.81
      7	4007ed	     33	    4.0	43364.0	27100.0	 0.1628	 100.00	  13.92
      8	4007ed	     33	   16.0	43356.0	28906.2	 0.1731	 100.00	  17.32
