./asc:main.c:294: warning: auxv random bytes were not cleared
  Round	    PC	Excited	Hamming	   Loss	 Regret	    MSE	  Error	   MIPS
      0	400144	     17	42211.0	42211.0	42211.0	 0.2506	 100.00	   4.37
      1	4007fa	     17	 1199.0	43404.0	21702.0	 0.2578	 100.00	   7.21
      2	4007fa	     17	    8.0	43402.0	14467.3	 0.2486	 100.00	   9.54
      3	4007fa	     17	    2.0	43404.0	10851.0	 0.2329	 100.00	  11.54
      4	4007fa	     17	    6.0	43402.0	17361.2	 0.2227	 100.00	  13.25
      5	4007fa	     17	    2.0	43404.0	21701.7	 0.2080	 100.00	  14.73
      6	4007fa	     17	    4.0	43404.0	24802.0	 0.1915	 100.00	  16.03
      7	4007fa	     17	    2.0	43406.0	27127.5	 0.1779	 100.00	  17.12
      8	4007fa	     17	    8.0	43402.0	28935.8	 0.1822	 100.00	  20.78
