./asc:main.c:242: warning: could not find file `.//317/basic_317_400800_1.net'
./asc:main.c:294: warning: auxv random bytes were not cleared
  Round	    PC	Excited	Hamming	   Loss	 Regret	    MSE	  Error	   MIPS
      0	400144	      0	42214.0	42214.0	42214.0	 0.2500	 100.00	0.00022
      1	400800	      0	 1197.0	43401.0	21700.5	 0.2500	 100.00	   6.39
      2	400800	      8	    8.0	43399.0	14466.3	 0.2506	 100.00	   9.15
      3	400800	      8	    2.0	43401.0	10850.2	 0.2613	 100.00	  12.09
      4	400800	     10	    6.0	43399.0	17360.0	 0.2459	 100.00	  13.45
      5	400800	     10	    2.0	43401.0	21700.2	 0.2418	 100.00	  15.55
      6	400800	     10	    4.0	43401.0	24800.3	 0.2280	 100.00	  17.40
      7	400800	     10	    2.0	43403.0	27125.6	 0.2155	 100.00	  19.04
      8	400800	     12	    8.0	43399.0	28933.8	 0.2504	 100.00	  19.27
