./asc:main.c:294: warning: auxv random bytes were not cleared
  Round	    PC	Excited	Hamming	   Loss	 Regret	    MSE	  Error	   MIPS
      0	400144	     17	42211.0	42211.0	42211.0	 0.2512	 100.00	   4.14
      1	40080a	     17	 1197.0	43398.0	21699.0	 0.2542	 100.00	   6.86
      2	40080a	     17	    8.0	43396.0	14465.3	 0.2469	 100.00	   9.14
      3	40080a	     17	    2.0	43398.0	10849.5	 0.2320	 100.00	  11.09
      4	40080a	     17	    6.0	43396.0	17358.8	 0.2241	 100.00	  12.72
      5	40080a	     17	    2.0	43398.0	21698.7	 0.2099	 100.00	  14.47
      6	40080a	     17	    4.0	43398.0	24798.6	 0.1951	 100.00	  16.09
      7	40080a	     17	    2.0	43400.0	27123.8	 0.1816	 100.00	  17.56
      8	40080a	     17	    8.0	43396.0	28931.8	 0.1848	 100.00	  21.69
