./asc:main.c:242: warning: could not find file `.//317/basic_317_400843_1.net'
./asc:main.c:294: warning: auxv random bytes were not cleared
  Round	    PC	Excited	Hamming	   Loss	 Regret	    MSE	  Error	   MIPS
      0	400144	      0	42223.0	42223.0	42223.0	 0.2500	 100.00	   5.70
      1	400843	      0	 1194.0	43409.0	21704.5	 0.2500	 100.00	   9.45
      2	400843	      8	    8.0	43407.0	14469.0	 0.2522	 100.00	  10.75
      3	400843	     10	    5.0	43408.0	10852.0	 0.2573	 100.00	  12.09
      4	400843	     11	    5.0	43407.0	17363.0	 0.2463	 100.00	  13.34
      5	400843	     11	    3.0	43408.0	21703.8	 0.2405	 100.00	  15.15
      6	400843	     11	    4.0	43410.0	24804.7	 0.2259	 100.00	  16.81
      7	400843	     13	    6.0	43410.0	27130.4	 0.2538	 100.00	  17.39
      8	400843	     14	    7.0	43407.0	28938.9	 0.2487	 100.00	  20.52
