./asc:main.c:294: warning: auxv random bytes were not cleared
  Round	    PC	Excited	Hamming	   Loss	 Regret	    MSE	  Error	   MIPS
      0	400144	     17	42211.0	42211.0	42211.0	 0.2481	 100.00	   5.21
      1	40081c	     17	 1196.0	43399.0	21699.5	 0.2523	 100.00	   8.44
      2	40081c	     17	    8.0	43397.0	14465.7	 0.2457	 100.00	  11.04
      3	40081c	     17	    2.0	43399.0	10849.8	 0.2299	 100.00	  13.18
      4	40081c	     17	    6.0	43397.0	17359.2	 0.2213	 100.00	  14.90
      5	40081c	     17	    2.0	43399.0	21699.2	 0.2070	 100.00	  16.42
      6	40081c	     17	    4.0	43399.0	24799.1	 0.1916	 100.00	  17.73
      7	40081c	     17	    2.0	43401.0	27124.4	 0.1785	 100.00	  18.86
      8	40081c	     17	    8.0	43397.0	28932.4	 0.1818	 100.00	  22.76
