./asc:main.c:242: warning: could not find file `.//317/basic_317_400824_1.net'
./asc:main.c:294: warning: auxv random bytes were not cleared
  Round	    PC	Excited	Hamming	   Loss	 Regret	    MSE	  Error	   MIPS
      0	400144	      0	42218.0	42218.0	42218.0	 0.2500	 100.00	0.00023
      1	400824	      0	 1193.0	43403.0	21701.5	 0.2500	 100.00	   6.94
      2	400824	      8	    8.0	43401.0	14467.0	 0.2575	 100.00	   9.79
      3	400824	     10	    5.0	43402.0	10850.5	 0.2493	 100.00	  15.23
      4	400824	     11	    5.0	43401.0	17360.6	 0.2532	 100.00	  16.11
      5	400824	     11	    3.0	43402.0	21700.8	 0.2455	 100.00	  17.98
      6	400824	     11	    4.0	43404.0	24801.3	 0.2298	 100.00	  19.65
      7	400824	     13	    6.0	43404.0	27126.6	 0.2474	 100.00	  19.86
      8	400824	     14	    7.0	43401.0	28934.9	 0.2472	 100.00	  23.05
