./asc:main.c:294: warning: auxv random bytes were not cleared
  Round	    PC	Excited	Hamming	   Loss	 Regret	    MSE	  Error	   MIPS
      0	400144	     20	42275.0	42275.0	42275.0	 0.2340	 100.00	  60.58
      1	40080a	     20	 1226.0	43493.0	21746.5	 0.2591	 100.00	 616.63
      2	40080a	     24	    8.0	43493.0	14497.7	 0.2538	 100.00	 922.60
      3	40080a	     26	   10.0	43495.0	10873.8	 0.2508	 100.00	1087.55
      4	40080a	     26	    6.0	43493.0	17397.6	 0.2415	 100.00	1153.32
      5	40080a	     27	   10.0	43491.0	21746.5	 0.2469	 100.00	1241.23
      6	40080a	     28	   12.0	43495.0	24853.4	 0.2526	 100.00	1305.56
      7	40080a	     28	    8.0	43495.0	27183.6	 0.2402	 100.00	1332.92
      8	40080a	     28	    6.0	43493.0	28995.8	 0.2176	 100.00	1369.11
      9	40080a	     29	   14.0	43491.0	30445.3	 0.2569	 100.00	1408.98
     10	40080a	     29	    8.0	43491.0	31631.3	 0.2485	 100.00	1422.51
     11	40080a	     30	   14.0	43497.0	32620.1	 0.2486	 100.00	1451.20
     12	40080a	     30	    6.0	43495.0	33456.6	 0.2447	 100.00	1465.01
