./asc:main.c:294: warning: auxv random bytes were not cleared
  Round	    PC	Excited	Hamming	   Loss	 Regret	    MSE	  Error	   MIPS
      0	40010c	     52	12742.0	12742.0	12742.0	 0.2263	 100.00	0.13432
      1	400145	     52	  297.0	13033.0	 6516.5	 0.2156	 100.00	0.29448
      2	400145	     52	    6.0	13035.0	 4345.0	 0.2473	 100.00	0.45904
      3	400145	     52	   13.0	13036.0	 3259.0	 0.2290	 100.00	0.62121
      4	400145	     52	   13.0	13041.0	 5215.4	 0.2292	 100.00	0.76671
      5	400145	     52	   21.0	13036.0	 6518.8	 0.2309	 100.00	0.89649
      6	400145	     52	   16.0	13040.0	 7450.4	 0.2287	 100.00	   1.02
      7	400145	     52	   10.0	13042.0	 8149.4	 0.2339	 100.00	   1.13
      8	400145	     52	   17.0	13039.0	 8692.7	 0.2304	 100.00	   1.23
      9	400145	     52	   19.0	13042.0	 9127.6	 0.2378	 100.00	   1.32
     10	400145	     52	   18.0	13036.0	 9482.9	 0.2453	 100.00	   1.40
     11	400145	     52	   15.0	13039.0	 9779.2	 0.2427	 100.00	   1.49
     12	400145	     52	   11.0	13034.0	10029.6	 0.2385	 100.00	   1.56
     13	400145	     52	   19.0	13043.0	10244.9	 0.2316	 100.00	   1.64
     14	400145	     52	   15.0	13038.0	10431.1	 0.2343	 100.00	   1.71
     15	400145	     52	   14.0	13044.0	10594.4	 0.2323	 100.00	   1.77
     16	400145	     52	   17.0	13037.0	10738.1	 0.2305	 100.00	   1.84
     17	400145	     52	   17.0	13036.0	10865.7	 0.2305	 100.00	   1.89
     18	400145	     52	   12.0	13040.0	10980.2	 0.2310	 100.00	   1.95
     19	400145	     52	   23.0	13039.0	11083.1	 0.2287	 100.00	   2.00
     20	400145	     52	   15.0	13034.0	11176.0	 0.2290	 100.00	   2.05
     21	400145	     52	   21.0	13037.0	11260.6	 0.2352	 100.00	   2.11
     22	400145	     52	   24.0	13045.0	11338.2	 0.2381	 100.00	   2.16
     23	400145	     52	   16.0	13045.0	11409.3	 0.2398	 100.00	   2.21
     24	400145	     52	   17.0	13046.0	11474.8	 0.2427	 100.00	   2.26
     25	400145	     52	   25.0	13043.0	11535.1	 0.2452	 100.00	   2.30
     26	400145	     52	   16.0	13039.0	11590.8	 0.2463	 100.00	   2.34
     27	400145	     52	   22.0	13041.0	11642.6	 0.2481	 100.00	   2.39
     28	400145	     52	   21.0	13046.0	11691.0	 0.2499	 100.00	   2.43
     29	400145	     52	   17.0	13041.0	11736.0	 0.2499	 100.00	   2.47
     30	400145	     52	   17.0	13042.0	11778.1	 0.2504	 100.00	   2.50
     31	400145	     52	   20.0	13042.0	11817.6	 0.2464	 100.00	   2.54
     32	400145	     52	   19.0	13041.0	11854.7	 0.2439	 100.00	   2.57
     33	400145	     52	   27.0	13036.0	11889.4	 0.2429	 100.00	   2.61
     34	400145	     52	    8.0	13040.0	11922.3	 0.2449	 100.00	   2.64
     35	400145	     52	   17.0	13049.0	11953.6	 0.2463	 100.00	   2.67
     36	400145	     52	   15.0	13040.0	11982.9	 0.2445	 100.00	   2.70
     37	400145	     52	   19.0	13041.0	12010.8	 0.2464	 100.00	   2.73
     38	400145	     52	   16.0	13037.0	12037.1	 0.2465	 100.00	   2.76
     39	400145	     52	   16.0	13041.0	12062.2	 0.2478	 100.00	   2.79
     40	400145	     52	   13.0	13042.0	12086.1	 0.2494	 100.00	   2.81
     41	400145	     52	   21.0	13043.0	12108.9	 0.2484	 100.00	   2.84
     42	400145	     52	   16.0	13043.0	12130.6	 0.2466	 100.00	   2.87
     43	400145	     52	   20.0	13051.0	12151.5	 0.2482	 100.00	   2.89
     44	400145	     52	   14.0	13043.0	12171.3	 0.2473	 100.00	   2.91
     45	400145	     52	    9.0	13046.0	12190.3	 0.2476	 100.00	   2.94
     46	400145	     52	   25.0	13039.0	12208.4	 0.2505	 100.00	   2.96
     47	400145	     52	   17.0	13046.0	12225.9	 0.2506	 100.00	   2.98
     48	400145	     52	   12.0	13044.0	12242.6	 0.2513	 100.00	   3.00
     49	400145	     52	   23.0	13041.0	12258.5	 0.2523	 100.00	   3.02
     50	400145	     52	   16.0	13041.0	12273.9	 0.2522	 100.00	   3.04
     51	400145	     52	   24.0	13043.0	12288.7	 0.2533	 100.00	   3.06
     52	400145	     52	   26.0	13043.0	12302.9	 0.2523	 100.00	   3.08
     53	400145	     52	   23.0	13040.0	12316.5	 0.2554	 100.00	   3.10
     54	400145	     52	   21.0	13045.0	12329.8	 0.2554	 100.00	   3.12
     55	400145	     52	   21.0	13048.0	12342.6	 0.2566	 100.00	   3.13
     56	400145	     52	   22.0	13044.0	12354.9	 0.2561	 100.00	   3.15
     57	400145	     52	   26.0	13044.0	12366.8	 0.2554	 100.00	   3.17
     58	400145	     52	   21.0	13039.0	12378.2	 0.2564	 100.00	   3.18
     59	400145	     52	   19.0	13048.0	12389.4	 0.2561	 100.00	   3.20
     60	400145	     52	   24.0	13034.0	12399.9	 0.2573	 100.00	   3.21
     61	400145	     52	   17.0	13045.0	12410.3	 0.2576	 100.00	   3.23
     62	400145	     52	   23.0	13040.0	12420.3	 0.2578	 100.00	   3.24
     63	400145	     52	   11.0	13045.0	12430.1	 0.2588	 100.00	   3.26
     64	400145	     52	   16.0	13043.0	12439.5	 0.2580	 100.00	   3.27
     65	400145	     52	   25.0	13054.0	12448.8	 0.2595	 100.00	   3.29
     66	400145	     52	   24.0	13046.0	12457.7	 0.2607	 100.00	   3.30
     67	400145	     52	   26.0	13030.0	12466.1	 0.2604	 100.00	   3.31
     68	400145	     52	   18.0	13042.0	12474.5	 0.2603	 100.00	   3.33
     69	400145	     52	   23.0	13035.0	12482.5	 0.2596	 100.00	   3.34
     70	400145	     52	   22.0	13041.0	12490.4	 0.2599	 100.00	   3.35
     71	400145	     52	   21.0	13044.0	12498.1	 0.2595	 100.00	   3.37
     72	400145	     52	   18.0	13040.0	12505.5	 0.2600	 100.00	   3.38
     73	400145	     52	   20.0	13038.0	12512.7	 0.2603	 100.00	   3.39
     74	400145	     52	   17.0	13041.0	12519.7	 0.2622	 100.00	   3.40
     75	400145	     52	   22.0	13045.0	12526.6	 0.2634	 100.00	   3.41
     76	400145	     52	   20.0	13043.0	12533.3	 0.2634	 100.00	   3.42
     77	400145	     52	   15.0	13036.0	12539.8	 0.2650	 100.00	   3.42
     78	400145	     52	   19.0	13039.0	12546.1	 0.2653	 100.00	   3.43
     79	400145	     52	   15.0	13040.0	12552.3	 0.2649	 100.00	   3.44
     80	400145	     52	   16.0	13042.0	12558.3	 0.2638	 100.00	   3.44
     81	400145	     52	   17.0	13045.0	12564.3	 0.2629	 100.00	   3.45
     82	400145	     52	   20.0	13045.0	12570.0	 0.2629	 100.00	   3.46
     83	400145	     52	   16.0	13043.0	12575.7	 0.2634	 100.00	   3.47
     84	400145	     52	   24.0	13037.0	12581.1	 0.2628	 100.00	   3.47
     85	400145	     52	   17.0	13040.0	12586.4	 0.2631	 100.00	   3.48
     86	400145	     52	   19.0	13041.0	12591.7	 0.2643	 100.00	   3.49
     87	400145	     52	   17.0	13044.0	12596.8	 0.2636	 100.00	   3.49
     88	400145	     52	   23.0	13039.0	12601.8	 0.2651	 100.00	   3.50
     89	400145	     52	   21.0	13044.0	12606.7	 0.2659	 100.00	   3.51
     90	400145	     52	   14.0	13042.0	12611.5	 0.2656	 100.00	   3.51
     91	400145	     52	   16.0	13046.0	12616.2	 0.2659	 100.00	   3.51
     92	400145	     52	   15.0	13049.0	12620.8	 0.2663	 100.00	   3.52
     93	400145	     52	   22.0	13035.0	12625.3	 0.2674	 100.00	   3.52
     94	400145	     52	   23.0	13046.0	12629.7	 0.2676	 100.00	   3.53
     95	400145	     52	   25.0	13049.0	12634.1	 0.2678	 100.00	   3.53
     96	400145	     52	   13.0	13050.0	12638.3	 0.2685	 100.00	   3.54
     97	400145	     52	   19.0	13049.0	12642.5	 0.2688	 100.00	   3.54
     98	400145	     52	   22.0	13047.0	12646.6	 0.2687	 100.00	   3.54
     99	400145	     52	   21.0	13040.0	12650.5	 0.2694	 100.00	   3.55
    100	400145	     52	   17.0	13041.0	12654.4	 0.2690	 100.00	   3.55
    101	400145	     52	   16.0	13045.0	12658.2	 0.2688	 100.00	   3.56
    102	400145	     52	   16.0	13045.0	12662.0	 0.2697	 100.00	   3.56
    103	400145	     52	   25.0	13048.0	12665.7	 0.2704	 100.00	   3.56
    104	400145	     52	   25.0	13045.0	12669.3	 0.2707	 100.00	   3.57
    105	400145	     52	   17.0	13046.0	12672.9	 0.2707	 100.00	   3.57
    106	400145	     52	   24.0	13038.0	12676.3	 0.2711	 100.00	   3.57
    107	400145	     52	   16.0	13042.0	12679.7	 0.2715	 100.00	   3.58
    108	400145	     52	   21.0	13051.0	12683.1	 0.2725	 100.00	   3.58
    109	400145	     52	   24.0	13039.0	12686.3	 0.2722	 100.00	   3.59
    110	400145	     52	   19.0	13042.0	12689.5	 0.2724	 100.00	   3.59
    111	400145	     52	   19.0	13039.0	12692.6	 0.2727	 100.00	   3.60
    112	400145	     52	   13.0	13044.0	12695.8	 0.2726	 100.00	   3.60
    113	400145	     52	   26.0	13042.0	12698.8	 0.2726	 100.00	   3.60
    114	400145	     52	    8.0	13042.0	12701.8	 0.2718	 100.00	   3.61
    115	400145	     52	   26.0	13042.0	12704.7	 0.2721	 100.00	   3.61
    116	400145	     52	   19.0	13049.0	12707.6	 0.2727	 100.00	   3.62
    117	400145	     52	   20.0	13041.0	12710.5	 0.2722	 100.00	   3.62
    118	400145	     52	   23.0	13044.0	12713.3	 0.2716	 100.00	   3.63
    119	400145	     52	   17.0	13039.0	12716.0	 0.2711	 100.00	   3.63
    120	400145	     52	   19.0	13046.0	12718.7	 0.2704	 100.00	   3.63
    121	400145	     52	   21.0	13051.0	12721.4	 0.2708	 100.00	   3.64
    122	400145	     52	   24.0	13043.0	12724.1	 0.2700	 100.00	   3.64
    123	400145	     52	   26.0	13041.0	12726.6	 0.2706	 100.00	   3.64
    124	400145	     52	   23.0	13048.0	12729.2	 0.2708	 100.00	   3.65
    125	400145	     52	   32.0	13040.0	12731.7	 0.2704	 100.00	   3.65
    126	400145	     52	   27.0	13051.0	12734.2	 0.2701	 100.00	   3.66
    127	400145	     52	   19.0	13040.0	12736.6	 0.2704	 100.00	   3.66
    128	400145	     52	   21.0	13041.0	12738.9	 0.2702	 100.00	   3.67
    129	400145	     52	   20.0	13045.0	12741.3	 0.2708	 100.00	   3.67
    130	400145	     52	   19.0	13046.0	12743.6	 0.2706	 100.00	   3.67
    131	400145	     52	   22.0	13046.0	12745.9	 0.2710	 100.00	   3.68
    132	400145	     52	   28.0	13044.0	12748.1	 0.2714	 100.00	   3.68
    133	400145	     52	   23.0	13049.0	12750.4	 0.2712	 100.00	   3.68
    134	400145	     52	   21.0	13048.0	12752.6	 0.2716	 100.00	   3.68
    135	400145	     52	   19.0	13045.0	12754.7	 0.2707	 100.00	   3.69
    136	400145	     52	   25.0	13042.0	12756.8	 0.2716	 100.00	   3.69
    137	400145	     52	   26.0	13042.0	12758.9	 0.2712	 100.00	   3.69
    138	400145	     52	   15.0	13039.0	12760.9	 0.2709	 100.00	   3.69
    139	400145	     52	   24.0	13049.0	12763.0	 0.2706	 100.00	   3.70
    140	400145	     52	   22.0	13049.0	12765.0	 0.2709	 100.00	   3.70
    141	400145	     52	   17.0	13044.0	12767.0	 0.2707	 100.00	   3.70
    142	400145	     52	   24.0	13046.0	12768.9	 0.2716	 100.00	   3.71
    143	400145	     52	   15.0	13043.0	12770.8	 0.2715	 100.00	   3.71
    144	400145	     52	   17.0	13044.0	12772.7	 0.2712	 100.00	   3.71
    145	400145	     52	   19.0	13045.0	12774.6	 0.2716	 100.00	   3.72
    146	400145	     52	   21.0	13044.0	12776.4	 0.2715	 100.00	   3.72
    147	400145	     52	   16.0	13046.0	12778.2	 0.2718	 100.00	   3.72
    148	400145	     52	   27.0	13045.0	12780.0	 0.2723	 100.00	   3.73
    149	400145	     52	   19.0	13042.0	12781.8	 0.2725	 100.00	   3.73
    150	400145	     52	   29.0	13041.0	12783.5	 0.2729	 100.00	   3.73
    151	400145	     52	   21.0	13044.0	12785.2	 0.2734	 100.00	   3.74
    152	400145	     52	   17.0	13045.0	12786.9	 0.2733	 100.00	   3.74
    153	400145	     52	   16.0	13047.0	12788.6	 0.2734	 100.00	   3.74
    154	400145	     52	   17.0	13050.0	12790.3	 0.2735	 100.00	   3.74
    155	400145	     52	   23.0	13047.0	12791.9	 0.2735	 100.00	   3.75
    156	400145	     52	   24.0	13041.0	12793.5	 0.2739	 100.00	   3.75
    157	400145	     52	   19.0	13042.0	12795.1	 0.2735	 100.00	   3.75
    158	400145	     52	   26.0	13046.0	12796.6	 0.2728	 100.00	   3.75
    159	400145	     52	   21.0	13049.0	12798.2	 0.2725	 100.00	   3.75
    160	400145	     52	   21.0	13046.0	12799.8	 0.2727	 100.00	   3.75
    161	400145	     52	   26.0	13042.0	12801.3	 0.2726	 100.00	   3.75
    162	400145	     52	   27.0	13047.0	12802.8	 0.2732	 100.00	   3.76
    163	400145	     52	   24.0	13049.0	12804.3	 0.2734	 100.00	   3.76
    164	400145	     52	   22.0	13049.0	12805.7	 0.2733	 100.00	   3.76
    165	400145	     52	   21.0	13040.0	12807.2	 0.2733	 100.00	   3.76
    166	400145	     52	   29.0	13039.0	12808.5	 0.2743	 100.00	   3.76
    167	400145	     52	   17.0	13050.0	12810.0	 0.2744	 100.00	   3.76
    168	400145	     52	   17.0	13039.0	12811.3	 0.2748	 100.00	   3.76
    169	400145	     52	   22.0	13039.0	12812.7	 0.2743	 100.00	   3.77
    170	400145	     52	   19.0	13036.0	12814.0	 0.2744	 100.00	   3.77
    171	400145	     52	   20.0	13048.0	12815.3	 0.2748	 100.00	   3.77
    172	400145	     52	   15.0	13047.0	12816.7	 0.2742	 100.00	   3.77
    173	400145	     52	   16.0	13047.0	12818.0	 0.2748	 100.00	   3.77
    174	400145	     52	   17.0	13048.0	12819.3	 0.2751	 100.00	   3.78
    175	400145	     52	   20.0	13044.0	12820.6	 0.2755	 100.00	   3.78
    176	400145	     52	   25.0	13049.0	12821.9	 0.2754	 100.00	   3.78
    177	400145	     52	   29.0	13044.0	12823.1	 0.2750	 100.00	   3.78
    178	400145	     52	   22.0	13050.0	12824.4	 0.2746	 100.00	   3.79
    179	400145	     52	   25.0	13047.0	12825.6	 0.2751	 100.00	   3.79
    180	400145	     52	   25.0	13044.0	12826.8	 0.2751	 100.00	   3.79
    181	400145	     52	   19.0	13045.0	12828.0	 0.2753	 100.00	   3.79
    182	400145	     52	   27.0	13044.0	12829.2	 0.2759	 100.00	   3.80
    183	400145	     52	   20.0	13044.0	12830.4	 0.2766	 100.00	   3.80
    184	400145	     52	   17.0	13049.0	12831.6	 0.2766	 100.00	   3.80
    185	400145	     52	   30.0	13049.0	12832.7	 0.2765	 100.00	   3.80
    186	400145	     52	   18.0	13043.0	12833.9	 0.2765	 100.00	   3.80
    187	400145	     52	   18.0	13049.0	12835.0	 0.2763	 100.00	   3.80
    188	400145	     52	   25.0	13038.0	12836.1	 0.2767	 100.00	   3.81
    189	400145	     52	   18.0	13040.0	12837.2	 0.2772	 100.00	   3.81
    190	400145	     52	   17.0	13045.0	12838.2	 0.2772	 100.00	   3.81
    191	400145	     52	   16.0	13045.0	12839.3	 0.2769	 100.00	   3.81
    192	400145	     52	   19.0	13048.0	12840.4	 0.2766	 100.00	   3.81
    193	400145	     52	   27.0	13041.0	12841.4	 0.2772	 100.00	   3.81
    194	400145	     52	   22.0	13047.0	12842.5	 0.2766	 100.00	   3.81
    195	400145	     52	   27.0	13046.0	12843.5	 0.2770	 100.00	   3.81
    196	400145	     52	   27.0	13045.0	12844.6	 0.2775	 100.00	   3.81
    197	400145	     52	   27.0	13046.0	12845.6	 0.2776	 100.00	   3.81
    198	400145	     52	   20.0	13042.0	12846.6	 0.2781	 100.00	   3.81
    199	400145	     52	   22.0	13040.0	12847.5	 0.2781	 100.00	   3.81
    200	400145	     52	   25.0	13041.0	12848.5	 0.2782	 100.00	   3.81
    201	400145	     52	   24.0	13039.0	12849.4	 0.2781	 100.00	   3.81
    202	400145	     52	   24.0	13047.0	12850.4	 0.2779	 100.00	   3.81
    203	400145	     52	   25.0	13044.0	12851.4	 0.2782	 100.00	   3.81
    204	400145	     52	   19.0	13043.0	12852.3	 0.2784	 100.00	   3.81
    205	400145	     52	   18.0	13041.0	12853.2	 0.2787	 100.00	   3.81
    206	400145	     52	   25.0	13042.0	12854.1	 0.2785	 100.00	   3.81
    207	400145	     52	   20.0	13042.0	12855.0	 0.2784	 100.00	   3.81
    208	400145	     52	   21.0	13043.0	12855.9	 0.2787	 100.00	   3.81
    209	400145	     52	   15.0	13048.0	12856.8	 0.2789	 100.00	   3.81
    210	400145	     52	   20.0	13044.0	12857.7	 0.2786	 100.00	   3.82
    211	400145	     52	   21.0	13037.0	12858.6	 0.2783	 100.00	   3.82
    212	400145	     52	   25.0	13050.0	12859.5	 0.2784	 100.00	   3.82
    213	400145	     52	   23.0	13043.0	12860.3	 0.2792	 100.00	   3.82
    214	400145	     52	   17.0	13050.0	12861.2	 0.2799	 100.00	   3.82
    215	400145	     52	   21.0	13045.0	12862.1	 0.2798	 100.00	   3.82
    216	400145	     52	   22.0	13041.0	12862.9	 0.2797	 100.00	   3.83
    217	400145	     52	   18.0	13049.0	12863.7	 0.2798	 100.00	   3.83
    218	400145	     52	   16.0	13053.0	12864.6	 0.2802	 100.00	   3.83
    219	400145	     52	   15.0	13054.0	12865.5	 0.2808	 100.00	   3.83
    220	400145	     52	   26.0	13050.0	12866.3	 0.2807	 100.00	   3.83
    221	400145	     52	   25.0	13049.0	12867.1	 0.2808	 100.00	   3.83
    222	400145	     52	   32.0	13047.0	12867.9	 0.2810	 100.00	   3.83
    223	400145	     52	   21.0	13046.0	12868.7	 0.2809	 100.00	   3.83
    224	400145	     52	   22.0	13042.0	12869.5	 0.2806	 100.00	   3.83
    225	400145	     52	   26.0	13046.0	12870.3	 0.2808	 100.00	   3.83
    226	400145	     52	   30.0	13048.0	12871.1	 0.2810	 100.00	   3.83
    227	400145	     52	   20.0	13050.0	12871.8	 0.2807	 100.00	   3.83
    228	400145	     52	   22.0	13046.0	12872.6	 0.2807	 100.00	   3.83
    229	400145	     52	   19.0	13047.0	12873.4	 0.2807	 100.00	   3.84
    230	400145	     52	   23.0	13048.0	12874.1	 0.2807	 100.00	   3.84
    231	400145	     52	   19.0	13041.0	12874.8	 0.2811	 100.00	   3.84
    232	400145	     52	   24.0	13039.0	12875.5	 0.2815	 100.00	   3.84
    233	400145	     52	   20.0	13041.0	12876.2	 0.2820	 100.00	   3.84
    234	400145	     52	   20.0	13045.0	12877.0	 0.2817	 100.00	   3.84
    235	400145	     52	   19.0	13054.0	12877.7	 0.2821	 100.00	   3.84
    236	400145	     52	   22.0	13038.0	12878.4	 0.2823	 100.00	   3.84
    237	400145	     52	   27.0	13047.0	12879.1	 0.2823	 100.00	   3.84
    238	400145	     52	   28.0	13045.0	12879.8	 0.2824	 100.00	   3.84
    239	400145	     52	   25.0	13044.0	12880.5	 0.2826	 100.00	   3.84
    240	400145	     52	   16.0	13034.0	12881.1	 0.2827	 100.00	   3.84
    241	400145	     52	   23.0	13051.0	12881.8	 0.2829	 100.00	   3.84
    242	400145	     52	   28.0	13047.0	12882.5	 0.2829	 100.00	   3.84
    243	400145	     52	   18.0	13047.0	12883.2	 0.2837	 100.00	   3.84
    244	400145	     52	   18.0	13043.0	12883.8	 0.2835	 100.00	   3.84
    245	400145	     52	   17.0	13050.0	12884.5	 0.2833	 100.00	   3.84
    246	400145	     52	   27.0	13045.0	12885.1	 0.2833	 100.00	   3.83
    247	400145	     52	   15.0	13046.0	12885.8	 0.2835	 100.00	   3.83
    248	400145	     52	   22.0	13046.0	12886.4	 0.2832	 100.00	   3.83
    249	400145	     52	   24.0	13040.0	12887.1	 0.2833	 100.00	   3.83
    250	400145	     52	   18.0	13042.0	12887.7	 0.2836	 100.00	   3.83
    251	400145	     52	   19.0	13043.0	12888.3	 0.2842	 100.00	   3.83
    252	400145	     52	   20.0	13049.0	12888.9	 0.2839	 100.00	   3.83
    253	400145	     52	   17.0	13044.0	12889.5	 0.2836	 100.00	   3.83
    254	400145	     52	   26.0	13048.0	12890.2	 0.2838	 100.00	   3.83
    255	400145	     52	   21.0	13047.0	12890.8	 0.2838	 100.00	   3.83
    256	400145	     52	   16.0	13041.0	12891.4	 0.2836	 100.00	   3.83
    257	400145	     52	   20.0	13049.0	12892.0	 0.2837	 100.00	   3.83
    258	400145	     52	   12.0	13049.0	12892.6	 0.2832	 100.00	   3.84
    259	400145	     52	   20.0	13055.0	12893.2	 0.2832	 100.00	   3.84
    260	400145	     52	   19.0	13050.0	12893.8	 0.2832	 100.00	   3.84
    261	400145	     52	   24.0	13054.0	12894.4	 0.2834	 100.00	   3.84
    262	400145	     52	   22.0	13052.0	12895.0	 0.2834	 100.00	   3.84
    263	400145	     52	   31.0	13045.0	12895.6	 0.2842	 100.00	   3.84
    264	400145	     52	   19.0	13040.0	12896.1	 0.2838	 100.00	   3.84
    265	400145	     52	   19.0	13047.0	12896.7	 0.2837	 100.00	   3.85
    266	400145	     52	   16.0	13043.0	12897.2	 0.2838	 100.00	   3.85
    267	400145	     52	   24.0	13045.0	12897.8	 0.2839	 100.00	   3.85
    268	400145	     52	   25.0	13038.0	12898.3	 0.2842	 100.00	   3.85
    269	400145	     52	   18.0	13040.0	12898.8	 0.2840	 100.00	   3.85
    270	400145	     52	   15.0	13047.0	12899.4	 0.2840	 100.00	   3.85
    271	400145	     52	   22.0	13041.0	12899.9	 0.2843	 100.00	   3.85
    272	400145	     52	   21.0	13042.0	12900.4	 0.2844	 100.00	   3.85
    273	400145	     52	   24.0	13050.0	12901.0	 0.2843	 100.00	   3.85
    274	400145	     52	   16.0	13054.0	12901.5	 0.2842	 100.00	   3.85
    275	400145	     52	   28.0	13044.0	12902.0	 0.2843	 100.00	   3.85
    276	400145	     52	   19.0	13043.0	12902.5	 0.2842	 100.00	   3.85
    277	400145	     52	   18.0	13041.0	12903.0	 0.2845	 100.00	   3.85
    278	400145	     52	   22.0	13051.0	12903.6	 0.2844	 100.00	   3.85
    279	400145	     52	   27.0	13048.0	12904.1	 0.2848	 100.00	   3.85
    280	400145	     52	   23.0	13043.0	12904.6	 0.2849	 100.00	   3.85
    281	400145	     52	   21.0	13048.0	12905.1	 0.2846	 100.00	   3.85
    282	400145	     52	   24.0	13040.0	12905.6	 0.2848	 100.00	   3.85
    283	400145	     52	   25.0	13035.0	12906.0	 0.2852	 100.00	   3.85
    284	400145	     52	   15.0	13046.0	12906.5	 0.2854	 100.00	   3.85
    285	400145	     52	   18.0	13040.0	12907.0	 0.2851	 100.00	   3.85
    286	400145	     52	   25.0	13049.0	12907.5	 0.2848	 100.00	   3.85
    287	400145	     52	   24.0	13041.0	12907.9	 0.2847	 100.00	   3.85
    288	400145	     52	   17.0	13046.0	12908.4	 0.2847	 100.00	   3.85
    289	400145	     52	   25.0	13043.0	12908.9	 0.2850	 100.00	   3.85
    290	400145	     52	   24.0	13051.0	12909.4	 0.2849	 100.00	   3.85
    291	400145	     52	   26.0	13043.0	12909.8	 0.2848	 100.00	   3.85
    292	400145	     52	   25.0	13044.0	12910.3	 0.2851	 100.00	   3.85
    293	400145	     52	   18.0	13050.0	12910.8	 0.2850	 100.00	   3.85
    294	400145	     52	   26.0	13048.0	12911.2	 0.2852	 100.00	   3.85
    295	400145	     52	   28.0	13036.0	12911.6	 0.2853	 100.00	   3.85
    296	400145	     52	   25.0	13045.0	12912.1	 0.2852	 100.00	   3.85
    297	400145	     52	   27.0	13044.0	12912.5	 0.2848	 100.00	   3.85
    298	400145	     52	   20.0	13036.0	12913.0	 0.2849	 100.00	   3.85
    299	400145	     52	   28.0	13048.0	12913.4	 0.2859	 100.00	   3.85
    300	400145	     52	   17.0	13049.0	12913.9	 0.2860	 100.00	   3.85
    301	400145	     52	   15.0	13046.0	12914.3	 0.2860	 100.00	   3.85
    302	400145	     52	   28.0	13048.0	12914.7	 0.2862	 100.00	   3.85
