../../../asc/asc:main.c:225: warning: auxv random bytes were not cleared
  Round	    PC	Excited	Hamming	   Loss	 Regret	    MSE	Logloss	 Misses	   MIPS
      0	400144	     24	    0.0	42078.0	42078.0	 0.0000	    inf	 100.00	   1.07
      1	4007f2	     24	    0.0	 1290.0	  645.0	 0.0000	    inf	 100.00	 622.99
      2	4007f2	     24	    8.0	 1216.0	  405.3	 0.0111	 2.0207	 100.00	 882.15
      3	4007f2	     24	   10.0	    0.0	    0.0	 0.0079	 1.9618	 +75.00	1314.14
      4	4007f2	     24	    6.0	    6.0	    1.2	 0.0087	 2.1202	  80.00	1303.15
      5	4007f2	     24	   10.0	   12.0	    3.0	 0.0080	 2.1394	  83.33	1351.17
      6	4007f2	     24	   12.0	   10.0	    4.0	 0.0072	 1.5997	  85.71	1383.38
      7	400160	     24	   12.0	   10.0	    4.8	 0.0072	 1.5997	  87.50	1351.72
