../../../asc/asc:main.c:225: warning: auxv random bytes were not cleared
  Round	    PC	Excited	Hamming	   Loss	 Regret	    MSE	Logloss	 Misses	   MIPS
      0	400144	     56	    0.0	42075.0	42075.0	 0.0000	    inf	 100.00	0.90569
      1	4007ed	     56	    0.0	 1235.0	  617.5	 0.0000	    inf	 100.00	 571.22
      2	4007ed	     56	   16.0	 1161.0	  387.0	 0.0595	 2.1105	 100.00	 892.34
      3	4007ed	     56	   20.0	    6.0	    1.5	 0.0492	 1.1298	 100.00	1056.96
      4	4007ed	     56	   12.0	    7.0	    2.6	 0.0620	17.5193	 100.00	1171.23
      5	4007ed	     56	   20.0	   10.0	    3.8	 0.0672	 9.1860	 100.00	1254.28
      6	4007ed	     56	   24.0	   20.0	    6.1	 0.0642	 3.2729	 100.00	1316.87
      7	400160	     56	   24.0	   20.0	    7.9	 0.0642	 3.2729	 100.00	1282.14
