./asc:main.c:294: warning: auxv random bytes were not cleared
  Round	    PC	Excited	Hamming	   Loss	 Regret	    MSE	  Error	   MIPS
      0	400144	      9	42212.0	42212.0	42212.0	 0.2319	 100.00	   4.34
      1	4007fe	      9	 1200.0	43408.0	21704.0	 0.1937	 100.00	   7.17
      2	4007fe	     15	    8.0	43406.0	14468.7	 0.2479	 100.00	   8.59
      3	4007fe	     15	    2.0	43408.0	10852.0	 0.2450	 100.00	  10.45
      4	4007fe	     16	    6.0	43406.0	17362.8	 0.2475	 100.00	  11.18
      5	4007fe	     16	    2.0	43408.0	21703.7	 0.2375	 100.00	  12.56
      6	4007fe	     16	    4.0	43408.0	24804.3	 0.2192	 100.00	  13.81
      7	4007fe	     16	    2.0	43410.0	27130.0	 0.2028	 100.00	  15.17
      8	4007fe	     17	    8.0	43406.0	28938.4	 0.2487	 100.00	  18.09
