./asc:main.c:294: warning: auxv random bytes were not cleared
  Round	    PC	Excited	Hamming	   Loss	 Regret	    MSE	  Error	   MIPS
      0	400144	      9	42217.0	42217.0	42217.0	 0.2376	 100.00	0.83042
      1	40080a	      9	 1197.0	43404.0	21702.0	 0.1960	 100.00	   1.48
      2	40080a	     15	    8.0	43402.0	14467.3	 0.2531	 100.00	   2.08
      3	40080a	     15	    2.0	43404.0	10851.0	 0.2513	 100.00	   2.70
      4	40080a	     16	    6.0	43402.0	17361.2	 0.2501	 100.00	   3.25
      5	40080a	     16	    2.0	43404.0	21701.7	 0.2382	 100.00	   3.83
      6	40080a	     16	    4.0	43404.0	24802.0	 0.2154	 100.00	   4.39
      7	40080a	     16	    2.0	43406.0	27127.5	 0.1952	 100.00	   4.94
      8	40080a	     17	    8.0	43402.0	28935.8	 0.2525	 100.00	   6.20
