./asc:main.c:294: warning: auxv random bytes were not cleared
  Round	    PC	Excited	Hamming	   Loss	 Regret	    MSE	  Error	   MIPS
      0	400144	      9	42205.0	42205.0	42205.0	 0.2364	 100.00	   2.74
      1	400806	      9	 1197.0	43394.0	21697.0	 0.1954	 100.00	   4.69
      2	400806	     15	    8.0	43392.0	14464.0	 0.2575	 100.00	   5.99
      3	400806	     15	    2.0	43394.0	10848.5	 0.2486	 100.00	   7.44
      4	400806	     16	    6.0	43392.0	17357.2	 0.2531	 100.00	   8.29
      5	400806	     16	    2.0	43394.0	21696.7	 0.2398	 100.00	   9.45
      6	400806	     16	    4.0	43394.0	24796.3	 0.2182	 100.00	  10.51
      7	400806	     16	    2.0	43396.0	27121.2	 0.1989	 100.00	  11.57
      8	400806	     17	    8.0	43392.0	28929.1	 0.2545	 100.00	  14.03
