./asc:main.c:294: warning: auxv random bytes were not cleared
  Round	    PC	Excited	Hamming	   Loss	 Regret	    MSE	  Error	   MIPS
      0	400144	     17	42220.0	42220.0	42220.0	 0.1676	 100.00	   4.36
      1	400804	     17	 1196.0	43408.0	21704.0	 0.1982	 100.00	   7.42
      2	400804	     17	    8.0	43406.0	14468.7	 0.1995	 100.00	  10.12
      3	400804	     17	    2.0	43408.0	10852.0	 0.1750	 100.00	  12.51
      4	400804	     17	    6.0	43406.0	17362.8	 0.1663	 100.00	  14.64
      5	400804	     17	    2.0	43408.0	21703.7	 0.1533	 100.00	  16.57
      6	400804	     17	    4.0	43408.0	24804.3	 0.1408	 100.00	  18.30
      7	400804	     17	    2.0	43410.0	27130.0	 0.1315	 100.00	  19.86
      8	400804	     17	    8.0	43406.0	28938.4	 0.1402	 100.00	  24.33
