./asc:main.c:225: warning: auxv random bytes were not cleared
  Round	    PC	Excited	Hamming	   Loss	 Regret	    MSE	Logloss	 Misses	   MIPS
      0	400144	     30	    0.0	42315.0	42315.0	 0.0000	    inf	 100.00	   1.05
      1	4007fa	     30	    0.0	 1283.0	  641.5	 0.0000	    inf	 100.00	 220.87
./asc:main.c:284: warning: worker pid `12564' SIGSEGV: bad speculation?
      2	4007fa	     34	    8.0	 1219.0	  406.3	 0.2491	26.4412	 100.00	 447.69
      3	4007fa	     36	   10.0	 1225.0	  306.2	 0.2494	28.4027	 100.00	 524.43
      4	4007fa	     37	   10.0	 1223.0	  489.6	 0.2520	28.0292	 100.00	 590.57
      5	4007fa	     37	    6.0	 1227.0	  612.5	 0.2352	21.3210	 100.00	 619.69
      6	4007fa	     38	   12.0	 1223.0	  699.7	 0.2464	25.7797	 100.00	 684.16
      7	4007fa	     38	    8.0	 1227.0	  765.6	 0.2266	16.5580	 100.00	 717.54
      8	4007fa	     38	   10.0	 1225.0	  816.7	 0.2046	10.7305	 100.00	 761.67
      9	4007fa	     38	    6.0	 1225.0	  857.5	 0.1894	13.9392	 100.00	 799.29
     10	4007fa	     38	    8.0	 1225.0	  890.9	 0.1767	12.8913	 100.00	 832.41
     11	4007fa	     39	   12.0	 1223.0	  918.6	 0.2491	28.3361	 100.00	 883.89
     12	4007fa	     39	   12.0	 1225.0	  942.2	 0.2383	20.0821	 100.00	 881.18
     13	4007fa	     39	    8.0	 1227.0	  962.5	 0.2083	11.4790	 100.00	 907.28
     14	4007fa	     39	    8.0	 1227.0	  980.1	 0.1897	10.4258	 100.00	 929.12
     15	4007fa	     39	    6.0	 1227.0	  995.6	 0.1701	 7.2169	 100.00	 949.05
     16	4007fa	     39	   12.0	 1223.0	 1008.9	 0.1750	18.5298	 100.00	 967.03
     17	4007fa	     39	    8.0	 1227.0	 1021.1	 0.1688	13.1310	 100.00	 982.55
     18	4007fa	     39	   10.0	 1225.0	 1031.8	 0.1564	 5.5203	 100.00	 997.36
     19	4007fa	     39	    6.0	 1229.0	 1041.7	 0.1552	17.3759	 100.00	1011.18
     20	4007fa	     39	   10.0	 1227.0	 1050.5	 0.1492	 7.4192	 100.00	1024.20
     21	4007fa	     40	   16.0	 1227.0	 1058.5	 0.2539	30.7395	 100.00	1044.70
     22	4007fa	     40	    8.0	 1223.0	 1065.7	 0.2387	22.1065	 100.00	1037.29
     23	4007fa	     40	    6.0	 1227.0	 1072.4	 0.2080	10.1466	 100.00	1045.87
     24	4007fa	     40	   10.0	 1225.0	 1078.5	 0.2085	12.6005	 100.00	1052.17
     25	4007fa	     40	    6.0	 1225.0	 1084.1	 0.1901	12.6764	 100.00	1058.47
     26	4007fa	     40	   14.0	 1225.0	 1089.3	 0.1804	13.9780	 100.00	1064.40
     27	4007fa	     40	    6.0	 1225.0	 1094.2	 0.1681	 9.2119	 100.00	1070.26
     28	4007fa	     40	   10.0	 1227.0	 1098.8	 0.1642	14.7424	 100.00	1077.78
     29	4007fa	     40	    8.0	 1229.0	 1103.1	 0.1577	13.1717	 100.00	1086.20
     30	4007fa	     40	   10.0	 1229.0	 1107.2	 0.1504	 6.5232	 100.00	1093.12
     31	4007fa	     40	   12.0	 1227.0	 1110.9	 0.1512	14.8696	 100.00	1100.66
     32	4007fa	     40	    8.0	 1223.0	 1114.3	 0.1505	17.2652	 100.00	1106.88
     33	4007fa	     40	    6.0	 1227.0	 1117.6	 0.1487	14.0676	 100.00	1112.80
     34	4007fa	     40	   10.0	 1225.0	 1120.7	 0.1445	 4.6341	 100.00	1118.72
     35	4007fa	     40	    8.0	 1229.0	 1123.7	 0.1412	 7.4317	 100.00	1124.19
     36	4007fa	     40	   14.0	 1227.0	 1126.5	 0.1426	12.7934	 100.00	1129.43
     37	4007fa	     40	    6.0	 1231.0	 1129.2	 0.1412	13.4117	 100.00	1134.49
     38	4007fa	     40	    8.0	 1227.0	 1131.7	 0.1371	 6.9482	 100.00	1139.33
     39	4007fa	     40	   10.0	 1233.0	 1134.3	 0.1344	 8.6478	 100.00	1143.76
     40	4007fa	     40	    8.0	 1229.0	 1136.6	 0.1347	12.6473	 100.00	1148.30
     41	4007fa	     41	   16.0	 1223.0	 1138.6	 0.2553	29.5541	 100.00	1155.26
     42	4007fa	     41	    8.0	 1223.0	 1140.6	 0.2493	29.9397	 100.00	1151.42
     43	4007fa	     41	    6.0	 1223.0	 1142.5	 0.2220	12.7605	 100.00	1155.95
     44	4007fa	     41	   14.0	 1227.0	 1144.4	 0.2008	 8.9782	 100.00	1159.96
     45	4007fa	     41	    6.0	 1227.0	 1146.2	 0.1884	14.1473	 100.00	1164.83
     46	4007fa	     41	    8.0	 1227.0	 1147.9	 0.1734	 8.3237	 100.00	1168.29
     47	4007fa	     41	   10.0	 1227.0	 1149.5	 0.1707	 9.8319	 100.00	1171.36
     48	4007fa	     41	    8.0	 1223.0	 1151.0	 0.1679	19.4786	 100.00	1174.71
     49	4007fa	     41	   10.0	 1229.0	 1152.6	 0.1617	11.5568	 100.00	1177.81
     50	4007fa	     41	    8.0	 1225.0	 1154.0	 0.1514	 5.3863	 100.00	1180.91
     51	4007fa	     41	    6.0	 1229.0	 1155.4	 0.1476	12.4096	 100.00	1183.56
     52	4007fa	     41	   16.0	 1225.0	 1156.8	 0.1525	35.5071	 100.00	1186.46
     53	4007fa	     41	    8.0	 1229.0	 1158.1	 0.1505	11.9115	 100.00	1189.04
     54	4007fa	     41	   10.0	 1227.0	 1159.3	 0.1425	 2.2928	 100.00	1191.76
     55	4007fa	     41	    6.0	 1231.0	 1160.6	 0.1444	13.9258	 100.00	1194.37
     56	4007fa	     41	    8.0	 1227.0	 1161.8	 0.1448	12.9939	 100.00	1197.08
     57	4007fa	     41	   10.0	 1227.0	 1162.9	 0.1432	10.4513	 100.00	1199.19
     58	4007fa	     41	   10.0	 1227.0	 1164.0	 0.1401	 8.6055	 100.00	1201.49
     59	4007fa	     41	    8.0	 1229.0	 1165.1	 0.1379	 8.1618	 100.00	1203.62
     60	4007fa	     41	   10.0	 1231.0	 1166.2	 0.1375	12.7811	 100.00	1205.83
     61	4007fa	     41	    6.0	 1231.0	 1167.2	 0.1345	 6.4940	 100.00	1207.71
     62	4007fa	     41	   18.0	 1227.0	 1168.2	 0.1377	32.2026	 100.00	1209.82
     63	4007fa	     41	    6.0	 1227.0	 1169.1	 0.1351	 7.2487	 100.00	1211.59
     64	4007fa	     41	   10.0	 1225.0	 1169.9	 0.1344	10.9627	 100.00	1213.59
     65	4007fa	     41	    6.0	 1229.0	 1170.8	 0.1343	21.1473	 100.00	1215.46
     66	4007fa	     41	    8.0	 1225.0	 1171.6	 0.1340	 7.0298	 100.00	1217.45
     67	4007fa	     41	   12.0	 1229.0	 1172.5	 0.1325	 2.1792	 100.00	1219.33
     68	4007fa	     41	   10.0	 1227.0	 1173.3	 0.1356	22.0904	 100.00	1221.33
     69	4007fa	     41	    6.0	 1231.0	 1174.1	 0.1348	 6.4294	 100.00	1222.84
     70	4007fa	     41	   10.0	 1229.0	 1174.9	 0.1338	 3.8152	 100.00	1224.86
     71	4007fa	     41	    8.0	 1233.0	 1175.7	 0.1320	 4.2460	 100.00	1226.40
     72	4007fa	     41	   14.0	 1227.0	 1176.4	 0.1364	17.7312	 100.00	1228.01
     73	4007fa	     41	    6.0	 1227.0	 1177.1	 0.1334	 3.5402	 100.00	1229.68
     74	4007fa	     41	    8.0	 1227.0	 1177.7	 0.1326	 7.5968	 100.00	1231.12
     75	4007fa	     41	    8.0	 1229.0	 1178.4	 0.1316	 6.6436	 100.00	1232.79
     76	4007fa	     41	   12.0	 1231.0	 1179.1	 0.1312	 9.3689	 100.00	1234.31
     77	4007fa	     41	   10.0	 1231.0	 1179.8	 0.1310	 6.6382	 100.00	1235.76
     78	4007fa	     41	    8.0	 1231.0	 1180.4	 0.1303	 4.8628	 100.00	1237.34
     79	4007fa	     41	    6.0	 1231.0	 1181.0	 0.1287	 3.4651	 100.00	1238.73
     80	4007fa	     41	   10.0	 1229.0	 1181.6	 0.1293	 8.0418	 100.00	1240.02
     81	4007fa	     41	    8.0	 1233.0	 1182.3	 0.1290	 5.6718	 100.00	1241.40
     82	4007fa	     42	   20.0	 1221.0	 1182.7	 0.2519	30.5320	 100.00	1243.50
     83	4007fa	     42	    6.0	 1225.0	 1183.2	 0.2516	31.0519	 100.00	1240.85
     84	4007fa	     42	   10.0	 1223.0	 1183.7	 0.2261	12.6955	 100.00	1242.47
     85	4007fa	     42	   10.0	 1229.0	 1184.2	 0.2010	10.4441	 100.00	1243.72
     86	4007fa	     42	    8.0	 1225.0	 1184.7	 0.1804	 8.3138	 100.00	1244.94
     87	4007fa	     42	    6.0	 1229.0	 1185.2	 0.1674	10.8551	 100.00	1246.18
     88	4007fa	     42	   12.0	 1225.0	 1185.6	 0.1765	22.3644	 100.00	1247.33
     89	4007fa	     42	    6.0	 1225.0	 1186.1	 0.1651	 7.0402	 100.00	1248.52
     90	4007fa	     42	   12.0	 1227.0	 1186.5	 0.1572	 7.9824	 100.00	1249.53
     91	4007fa	     42	    6.0	 1227.0	 1187.0	 0.1493	 9.1731	 100.00	1250.70
     92	4007fa	     42	   10.0	 1229.0	 1187.4	 0.1473	15.5397	 100.00	1251.58
     93	4007fa	     42	   12.0	 1227.0	 1187.8	 0.1491	25.0326	 100.00	1252.70
     94	4007fa	     42	   10.0	 1227.0	 1188.3	 0.1453	 5.9441	 100.00	1253.68
     95	4007fa	     42	    8.0	 1229.0	 1188.7	 0.1395	 4.1753	 100.00	1254.66
     96	4007fa	     42	    8.0	 1225.0	 1189.1	 0.1403	11.4471	 100.00	1255.59
     97	4007fa	     42	    6.0	 1229.0	 1189.5	 0.1390	17.0050	 100.00	1256.58
     98	4007fa	     42	   12.0	 1225.0	 1189.8	 0.1375	 9.7157	 100.00	1257.40
     99	4007fa	     42	    8.0	 1229.0	 1190.2	 0.1345	 9.1451	 100.00	1258.32
    100	4007fa	     42	   12.0	 1229.0	 1190.6	 0.1338	11.3654	 100.00	1259.16
    101	4007fa	     42	    6.0	 1233.0	 1191.0	 0.1321	11.0825	 100.00	1260.01
    102	4007fa	     42	    8.0	 1229.0	 1191.4	 0.1280	 3.0001	 100.00	1260.86
    103	4007fa	     42	   16.0	 1229.0	 1191.7	 0.1323	71.8944	 100.00	1261.73
    104	4007fa	     42	    8.0	 1225.0	 1192.1	 0.1345	18.3733	 100.00	1262.48
    105	4007fa	     42	    8.0	 1227.0	 1192.4	 0.1301	 1.9527	 100.00	1263.31
    106	4007fa	     42	    8.0	 1227.0	 1192.7	 0.1317	14.9441	 100.00	1264.04
    107	4007fa	     42	    6.0	 1227.0	 1193.0	 0.1292	 2.8928	 100.00	1264.82
    108	4007fa	     42	   16.0	 1229.0	 1193.4	 0.1313	11.6313	 100.00	1265.54
    109	4007fa	     42	    6.0	 1229.0	 1193.7	 0.1302	 2.8023	 100.00	1266.32
    110	4007fa	     42	    8.0	 1229.0	 1194.0	 0.1297	 6.5814	 100.00	1266.93
    111	4007fa	     42	    8.0	 1231.0	 1194.3	 0.1286	 5.2906	 100.00	1267.59
    112	4007fa	     42	    8.0	 1227.0	 1194.6	 0.1278	 4.5474	 100.00	1268.29
    113	4007fa	     42	   14.0	 1229.0	 1194.9	 0.1322	17.1327	 100.00	1268.99
    114	4007fa	     42	    8.0	 1225.0	 1195.2	 0.1294	 2.0648	 100.00	1269.65
    115	4007fa	     42	    6.0	 1229.0	 1195.5	 0.1288	 8.0485	 100.00	1270.14
    116	4007fa	     42	   12.0	 1229.0	 1195.8	 0.1287	15.3633	 100.00	1270.79
    117	4007fa	     42	    8.0	 1233.0	 1196.1	 0.1269	17.1231	 100.00	1271.47
    118	4007fa	     42	   12.0	 1229.0	 1196.4	 0.1266	 9.0225	 100.00	1272.12
    119	4007fa	     42	    6.0	 1233.0	 1196.7	 0.1265	13.3715	 100.00	1272.79
    120	4007fa	     42	    8.0	 1229.0	 1196.9	 0.1255	 8.1375	 100.00	1273.43
    121	4007fa	     42	    8.0	 1231.0	 1197.2	 0.1246	10.3864	 100.00	1273.98
    122	4007fa	     42	   10.0	 1231.0	 1197.5	 0.1240	 8.1036	 100.00	1274.68
    123	4007fa	     42	   16.0	 1225.0	 1197.7	 0.1265	37.7376	 100.00	1275.37
    124	4007fa	     42	   10.0	 1227.0	 1197.9	 0.1282	 6.8502	 100.00	1276.04
    125	4007fa	     42	    6.0	 1227.0	 1198.2	 0.1261	 2.5169	 100.00	1276.73
    126	4007fa	     42	   12.0	 1229.0	 1198.4	 0.1255	 5.7153	 100.00	1277.37
    127	4007fa	     42	    6.0	 1229.0	 1198.6	 0.1244	 4.2937	 100.00	1277.84
    128	4007fa	     42	   12.0	 1225.0	 1198.9	 0.1261	14.2255	 100.00	1278.48
    129	4007fa	     42	    6.0	 1229.0	 1199.1	 0.1257	10.6762	 100.00	1279.04
    130	4007fa	     42	    8.0	 1225.0	 1199.3	 0.1241	 3.2485	 100.00	1279.65
    131	4007fa	     42	   10.0	 1231.0	 1199.5	 0.1245	11.4833	 100.00	1280.17
    132	4007fa	     42	   10.0	 1229.0	 1199.7	 0.1230	 5.7648	 100.00	1280.80
    133	4007fa	     42	    6.0	 1233.0	 1200.0	 0.1224	 7.3003	 100.00	1281.25
    134	4007fa	     42	   14.0	 1227.0	 1200.2	 0.1243	21.1012	 100.00	1281.85
    135	4007fa	     42	    8.0	 1231.0	 1200.4	 0.1224	 2.4383	 100.00	1282.44
    136	4007fa	     42	   10.0	 1229.0	 1200.6	 0.1239	 9.9649	 100.00	1283.03
    137	4007fa	     42	    6.0	 1229.0	 1200.8	 0.1228	 2.8836	 100.00	1283.47
    138	4007fa	     42	    8.0	 1229.0	 1201.0	 0.1225	 7.8847	 100.00	1284.05
    139	4007fa	     42	   10.0	 1229.0	 1201.2	 0.1225	 8.2238	 100.00	1284.44
    140	4007fa	     42	   12.0	 1231.0	 1201.4	 0.1217	 2.2634	 100.00	1284.92
    141	4007fa	     42	    8.0	 1233.0	 1201.7	 0.1211	11.4178	 100.00	1285.29
    142	4007fa	     42	    8.0	 1233.0	 1201.9	 0.1212	 5.5266	 100.00	1285.73
    143	4007fa	     42	    6.0	 1233.0	 1202.1	 0.1202	 2.0664	 100.00	1286.09
    144	4007fa	     42	   16.0	 1225.0	 1202.3	 0.1228	37.1938	 100.00	1286.50
    145	4007fa	     42	    8.0	 1229.0	 1202.4	 0.1229	 4.6442	 100.00	1286.83
    146	4007fa	     42	   10.0	 1227.0	 1202.6	 0.1221	 5.6256	 100.00	1287.26
    147	4007fa	     42	    6.0	 1231.0	 1202.8	 0.1218	 6.4491	 100.00	1287.67
    148	4007fa	     42	   10.0	 1229.0	 1203.0	 0.1212	 1.7927	 100.00	1288.06
    149	4007fa	     42	   12.0	 1233.0	 1203.2	 0.1212	 7.2593	 100.00	1288.44
    150	4007fa	     42	    8.0	 1229.0	 1203.4	 0.1207	 2.2625	 100.00	1288.82
    151	4007fa	     42	    6.0	 1233.0	 1203.5	 0.1211	 4.4749	 100.00	1289.13
    152	4007fa	     42	   10.0	 1231.0	 1203.7	 0.1216	14.2791	 100.00	1289.50
    153	4007fa	     42	    6.0	 1231.0	 1203.9	 0.1207	 6.1424	 100.00	1289.88
    154	4007fa	     42	   16.0	 1229.0	 1204.1	 0.1207	15.0375	 100.00	1290.22
    155	4007fa	     42	    6.0	 1229.0	 1204.2	 0.1194	 1.6614	 100.00	1290.60
    156	4007fa	     42	   10.0	 1231.0	 1204.4	 0.1191	11.6343	 100.00	1291.02
    157	4007fa	     42	    8.0	 1233.0	 1204.6	 0.1189	 5.6943	 100.00	1291.22
    158	4007fa	     42	   10.0	 1233.0	 1204.8	 0.1179	 2.4088	 100.00	1291.58
    159	4007fa	     42	   10.0	 1233.0	 1204.9	 0.1178	14.9680	 100.00	1291.95
    160	4007fa	     42	    8.0	 1229.0	 1205.1	 0.1169	 1.8415	 100.00	1292.29
    161	4007fa	     42	    6.0	 1233.0	 1205.3	 0.1168	 8.9708	 100.00	1292.66
    162	4007fa	     42	   10.0	 1231.0	 1205.4	 0.1160	 2.2693	 100.00	1292.88
    163	4007fa	     42	    8.0	 1235.0	 1205.6	 0.1152	 5.7097	 100.00	1293.14
    164	4007fa	     43	   24.0	 1223.0	 1205.7	 0.2530	29.4954	 100.00	1293.53
    165	4007fa	     43	    6.0	 1227.0	 1205.8	 0.2553	35.2814	 100.00	1291.98
    166	4007fa	     43	    8.0	 1223.0	 1205.9	 0.2358	16.7369	 100.00	1292.50
    167	4007fa	     43	   10.0	 1229.0	 1206.1	 0.2049	 7.2673	 100.00	1292.90
    168	4007fa	     43	    8.0	 1225.0	 1206.2	 0.2026	13.7343	 100.00	1293.20
    169	4007fa	     43	   10.0	 1225.0	 1206.3	 0.1902	14.5446	 100.00	1293.58
    170	4007fa	     43	    8.0	 1225.0	 1206.4	 0.1827	17.5263	 100.00	1293.92
    171	4007fa	     43	    6.0	 1225.0	 1206.5	 0.1675	 5.1617	 100.00	1294.31
    172	4007fa	     43	   14.0	 1229.0	 1206.6	 0.1645	 9.9374	 100.00	1294.66
    173	4007fa	     43	    6.0	 1229.0	 1206.8	 0.1565	11.5606	 100.00	1295.05
    174	4007fa	     43	    8.0	 1229.0	 1206.9	 0.1507	 9.3364	 100.00	1295.34
    175	4007fa	     43	   12.0	 1227.0	 1207.0	 0.1519	14.5278	 100.00	1295.59
    176	4007fa	     43	    8.0	 1223.0	 1207.1	 0.1504	19.3621	 100.00	1296.15
    177	4007fa	     43	   10.0	 1229.0	 1207.2	 0.1484	11.8911	 100.00	1296.53
    178	4007fa	     43	    8.0	 1225.0	 1207.3	 0.1411	 5.1555	 100.00	1296.78
    179	4007fa	     43	    6.0	 1229.0	 1207.4	 0.1390	12.4570	 100.00	1297.06
    180	4007fa	     43	   14.0	 1227.0	 1207.5	 0.1397	13.8582	 100.00	1297.27
    181	4007fa	     43	    8.0	 1231.0	 1207.7	 0.1366	11.1310	 100.00	1297.54
    182	4007fa	     43	   10.0	 1229.0	 1207.8	 0.1334	 6.7545	 100.00	1297.77
    183	4007fa	     43	    6.0	 1233.0	 1207.9	 0.1314	14.1079	 100.00	1298.04
    184	4007fa	     43	    8.0	 1229.0	 1208.0	 0.1307	12.6882	 100.00	1298.28
    185	4007fa	     43	   14.0	 1225.0	 1208.1	 0.1330	36.9422	 100.00	1298.57
    186	4007fa	     43	   10.0	 1225.0	 1208.2	 0.1333	12.1698	 100.00	1298.76
    187	4007fa	     43	    8.0	 1227.0	 1208.3	 0.1288	 2.5738	 100.00	1299.01
    188	4007fa	     43	   10.0	 1229.0	 1208.4	 0.1314	10.3938	 100.00	1299.21
    189	4007fa	     43	    6.0	 1229.0	 1208.5	 0.1291	 4.5563	 100.00	1299.51
    190	4007fa	     43	   14.0	 1229.0	 1208.6	 0.1297	 8.5214	 100.00	1299.66
    191	4007fa	     43	    6.0	 1229.0	 1208.8	 0.1276	 7.5768	 100.00	1299.84
    192	4007fa	     43	   10.0	 1227.0	 1208.8	 0.1278	 9.9352	 100.00	1300.13
    193	4007fa	     43	    6.0	 1231.0	 1209.0	 0.1273	20.1567	 100.00	1300.40
    194	4007fa	     43	    8.0	 1227.0	 1209.1	 0.1248	 4.8786	 100.00	1300.69
    195	4007fa	     43	   14.0	 1229.0	 1209.2	 0.1252	17.6092	 100.00	1300.96
    196	4007fa	     43	   10.0	 1227.0	 1209.2	 0.1242	 8.5351	 100.00	1301.19
    197	4007fa	     43	    6.0	 1231.0	 1209.4	 0.1232	24.9391	 100.00	1301.38
    198	4007fa	     43	   10.0	 1229.0	 1209.5	 0.1230	 5.6464	 100.00	1301.65
    199	4007fa	     43	    8.0	 1233.0	 1209.6	 0.1212	 9.2559	 100.00	1301.88
    200	4007fa	     43	   12.0	 1229.0	 1209.7	 0.1231	14.6971	 100.00	1302.15
    201	4007fa	     43	    6.0	 1229.0	 1209.8	 0.1212	 4.9803	 100.00	1302.43
    202	4007fa	     43	    8.0	 1229.0	 1209.9	 0.1204	11.9796	 100.00	1302.70
    203	4007fa	     43	    8.0	 1231.0	 1210.0	 0.1210	11.3000	 100.00	1302.92
    204	4007fa	     43	   12.0	 1233.0	 1210.1	 0.1193	 1.7550	 100.00	1303.13
    205	4007fa	     43	   16.0	 1227.0	 1210.2	 0.1240	17.3588	 100.00	1303.29
    206	4007fa	     43	    8.0	 1227.0	 1210.2	 0.1225	 4.2657	 100.00	1303.47
    207	4007fa	     43	    6.0	 1227.0	 1210.3	 0.1214	 4.3135	 100.00	1303.62
    208	4007fa	     43	   10.0	 1225.0	 1210.4	 0.1216	11.1754	 100.00	1303.81
    209	4007fa	     43	    8.0	 1229.0	 1210.5	 0.1220	 8.7101	 100.00	1304.01
    210	4007fa	     43	   12.0	 1225.0	 1210.5	 0.1211	 3.7782	 100.00	1304.21
    211	4007fa	     43	    6.0	 1229.0	 1210.6	 0.1216	 8.8498	 100.00	1304.36
    212	4007fa	     43	   10.0	 1227.0	 1210.7	 0.1211	 2.2532	 100.00	1304.56
    213	4007fa	     43	   10.0	 1233.0	 1210.8	 0.1213	19.2148	 100.00	1304.76
    214	4007fa	     43	    8.0	 1229.0	 1210.9	 0.1225	 7.0166	 100.00	1304.96
    215	4007fa	     43	    6.0	 1233.0	 1211.0	 0.1218	 1.6155	 100.00	1305.10
    216	4007fa	     43	   14.0	 1227.0	 1211.1	 0.1245	 9.5536	 100.00	1305.29
    217	4007fa	     43	    6.0	 1227.0	 1211.2	 0.1258	 8.5702	 100.00	1305.47
    218	4007fa	     43	   12.0	 1229.0	 1211.2	 0.1256	11.0574	 100.00	1305.61
    219	4007fa	     43	    6.0	 1229.0	 1211.3	 0.1244	 5.0892	 100.00	1305.77
    220	4007fa	     43	   10.0	 1231.0	 1211.4	 0.1246	14.2159	 100.00	1305.97
    221	4007fa	     43	   10.0	 1231.0	 1211.5	 0.1254	 6.8260	 100.00	1306.11
    222	4007fa	     43	   10.0	 1231.0	 1211.6	 0.1245	11.8072	 100.00	1306.29
    223	4007fa	     43	    8.0	 1233.0	 1211.7	 0.1235	 2.5680	 100.00	1306.44
    224	4007fa	     43	    8.0	 1229.0	 1211.8	 0.1236	15.6180	 100.00	1306.60
    225	4007fa	     43	    6.0	 1233.0	 1211.8	 0.1229	 4.0462	 100.00	1306.77
    226	4007fa	     43	   16.0	 1225.0	 1211.9	 0.1241	14.4582	 100.00	1306.98
    227	4007fa	     43	    8.0	 1229.0	 1212.0	 0.1234	 3.0383	 100.00	1307.06
    228	4007fa	     43	   12.0	 1229.0	 1212.1	 0.1232	 7.9025	 100.00	1307.23
    229	4007fa	     43	    6.0	 1233.0	 1212.1	 0.1219	 1.3058	 100.00	1307.40
    230	4007fa	     43	    8.0	 1229.0	 1212.2	 0.1212	 1.3511	 100.00	1307.56
    231	4007fa	     43	   12.0	 1233.0	 1212.3	 0.1213	 5.8456	 100.00	1307.74
    232	4007fa	     43	    8.0	 1229.0	 1212.4	 0.1215	 6.0276	 100.00	1307.83
    233	4007fa	     43	    8.0	 1231.0	 1212.5	 0.1205	 3.9710	 100.00	1307.99
    234	4007fa	     43	    8.0	 1231.0	 1212.5	 0.1199	14.2680	 100.00	1308.14
    235	4007fa	     43	    6.0	 1231.0	 1212.6	 0.1190	 2.0727	 100.00	1308.31
    236	4007fa	     43	   18.0	 1231.0	 1212.7	 0.1202	13.4186	 100.00	1308.45
    237	4007fa	     43	    6.0	 1231.0	 1212.8	 0.1186	 1.5687	 100.00	1308.63
    238	4007fa	     43	    8.0	 1231.0	 1212.8	 0.1186	 2.3486	 100.00	1308.71
    239	4007fa	     43	    8.0	 1233.0	 1212.9	 0.1188	13.6758	 100.00	1308.88
    240	4007fa	     43	    8.0	 1229.0	 1213.0	 0.1186	12.1246	 100.00	1309.00
    241	4007fa	     43	   12.0	 1233.0	 1213.1	 0.1191	12.4206	 100.00	1309.14
    242	4007fa	     43	    8.0	 1229.0	 1213.1	 0.1179	 1.7388	 100.00	1309.24
    243	4007fa	     43	    6.0	 1233.0	 1213.2	 0.1168	 3.1843	 100.00	1309.41
    244	4007fa	     43	   12.0	 1233.0	 1213.3	 0.1163	 3.1768	 100.00	1309.56
    245	4007fa	     43	    8.0	 1237.0	 1213.4	 0.1152	 6.2914	 100.00	1309.80
    246	4007fa	     43	   20.0	 1225.0	 1213.4	 0.1165	10.5764	 100.00	1309.91
    247	4007fa	     43	    6.0	 1229.0	 1213.5	 0.1156	 2.9467	 100.00	1310.07
    248	4007fa	     43	    8.0	 1225.0	 1213.6	 0.1164	 2.7974	 100.00	1310.20
    249	4007fa	     43	    8.0	 1227.0	 1213.6	 0.1163	 5.6381	 100.00	1310.35
    250	4007fa	     43	   10.0	 1227.0	 1213.7	 0.1156	 4.4424	 100.00	1310.45
    251	4007fa	     43	   10.0	 1227.0	 1213.7	 0.1148	 3.2165	 100.00	1310.63
    252	4007fa	     43	   10.0	 1229.0	 1213.8	 0.1146	 3.4850	 100.00	1310.78
    253	4007fa	     43	    6.0	 1229.0	 1213.8	 0.1134	 1.2065	 100.00	1310.96
    254	4007fa	     43	   12.0	 1231.0	 1213.9	 0.1128	12.8192	 100.00	1311.08
    255	4007fa	     43	    6.0	 1231.0	 1214.0	 0.1128	 9.0379	 100.00	1311.22
    256	4007fa	     43	   14.0	 1225.0	 1214.0	 0.1141	17.8086	 100.00	1311.30
    257	4007fa	     43	    6.0	 1229.0	 1214.1	 0.1137	 1.5260	 100.00	1311.44
    258	4007fa	     43	    8.0	 1225.0	 1214.1	 0.1126	 1.6355	 100.00	1311.54
    259	4007fa	     43	   10.0	 1231.0	 1214.2	 0.1120	 5.9403	 100.00	1311.68
    260	4007fa	     43	   10.0	 1229.0	 1214.2	 0.1115	 7.4206	 100.00	1311.77
    261	4007fa	     43	    6.0	 1233.0	 1214.3	 0.1106	 2.6647	 100.00	1311.92
    262	4007fa	     43	   12.0	 1229.0	 1214.4	 0.1103	 4.7307	 100.00	1311.99
    263	4007fa	     43	    8.0	 1233.0	 1214.4	 0.1097	 8.2679	 100.00	1312.16
    264	4007fa	     43	   10.0	 1231.0	 1214.5	 0.1089	 5.0155	 100.00	1312.24
    265	4007fa	     43	    6.0	 1231.0	 1214.6	 0.1081	 2.4577	 100.00	1312.36
    266	4007fa	     43	    8.0	 1231.0	 1214.6	 0.1088	 4.5674	 100.00	1312.49
    267	4007fa	     43	   14.0	 1227.0	 1214.7	 0.1088	 6.0774	 100.00	1312.60
    268	4007fa	     43	   12.0	 1229.0	 1214.7	 0.1081	 3.5093	 100.00	1312.69
    269	4007fa	     43	    8.0	 1231.0	 1214.8	 0.1082	 3.4209	 100.00	1312.76
    270	4007fa	     43	    8.0	 1231.0	 1214.8	 0.1077	10.1681	 100.00	1312.87
    271	4007fa	     43	    6.0	 1231.0	 1214.9	 0.1074	 0.8774	 100.00	1312.98
    272	4007fa	     43	   12.0	 1227.0	 1214.9	 0.1082	32.4902	 100.00	1313.08
    273	4007fa	     43	    8.0	 1231.0	 1215.0	 0.1076	 0.8473	 100.00	1313.14
    274	4007fa	     43	   10.0	 1229.0	 1215.1	 0.1075	 1.5000	 100.00	1313.26
    275	4007fa	     43	    6.0	 1233.0	 1215.1	 0.1070	 2.9730	 100.00	1313.35
    276	4007fa	     43	   10.0	 1231.0	 1215.2	 0.1065	 1.6771	 100.00	1313.46
    277	4007fa	     43	   14.0	 1233.0	 1215.2	 0.1063	 4.6331	 100.00	1313.54
    278	4007fa	     43	    8.0	 1229.0	 1215.3	 0.1060	 6.6980	 100.00	1313.66
    279	4007fa	     43	    6.0	 1233.0	 1215.4	 0.1063	 7.2519	 100.00	1313.78
    280	4007fa	     43	   10.0	 1231.0	 1215.4	 0.1065	 1.8994	 100.00	1313.90
    281	4007fa	     43	    6.0	 1231.0	 1215.5	 0.1063	 0.9319	 100.00	1313.97
    282	4007fa	     43	   14.0	 1231.0	 1215.5	 0.1065	16.9851	 100.00	1314.07
    283	4007fa	     43	    6.0	 1231.0	 1215.6	 0.1060	 8.7409	 100.00	1314.17
    284	4007fa	     43	   10.0	 1233.0	 1215.6	 0.1060	17.4708	 100.00	1314.28
    285	4007fa	     43	    8.0	 1235.0	 1215.7	 0.1059	 0.9162	 100.00	1314.35
    286	4007fa	     43	   10.0	 1235.0	 1215.8	 0.1055	 0.8469	 100.00	1314.46
    287	4007fa	     43	   16.0	 1229.0	 1215.8	 0.1065	16.9300	 100.00	1314.56
    288	4007fa	     43	    8.0	 1225.0	 1215.8	 0.1066	18.9265	 100.00	1314.66
    289	4007fa	     43	    6.0	 1229.0	 1215.9	 0.1065	 5.0041	 100.00	1314.76
    290	4007fa	     43	   10.0	 1227.0	 1215.9	 0.1058	 0.8922	 100.00	1314.88
    291	4007fa	     43	    8.0	 1231.0	 1216.0	 0.1052	 4.3986	 100.00	1314.95
    292	4007fa	     43	   14.0	 1229.0	 1216.0	 0.1048	 6.6251	 100.00	1315.07
    293	4007fa	     43	    6.0	 1233.0	 1216.1	 0.1042	 3.3386	 100.00	1315.16
    294	4007fa	     43	    8.0	 1229.0	 1216.1	 0.1038	 2.8744	 100.00	1315.28
    295	4007fa	     43	   10.0	 1235.0	 1216.2	 0.1038	14.4165	 100.00	1315.37
    296	4007fa	     43	    8.0	 1231.0	 1216.2	 0.1036	 3.8770	 100.00	1315.48
    297	4007fa	     43	   12.0	 1229.0	 1216.3	 0.1033	 6.3718	 100.00	1315.51
    298	4007fa	     43	    8.0	 1229.0	 1216.3	 0.1032	16.0592	 100.00	1315.60
    299	4007fa	     43	    6.0	 1229.0	 1216.4	 0.1030	 0.7155	 100.00	1315.71
    300	4007fa	     43	   14.0	 1233.0	 1216.4	 0.1026	 3.5619	 100.00	1315.81
    301	4007fa	     43	    6.0	 1233.0	 1216.5	 0.1020	 0.3779	 100.00	1315.91
    302	4007fa	     43	    8.0	 1233.0	 1216.5	 0.1023	15.9546	 100.00	1315.96
    303	4007fa	     43	   10.0	 1233.0	 1216.6	 0.1020	 1.7760	 100.00	1316.06
    304	4007fa	     43	    8.0	 1229.0	 1216.6	 0.1020	 8.5512	 100.00	1316.16
    305	4007fa	     43	   10.0	 1235.0	 1216.7	 0.1019	 2.3276	 100.00	1316.25
    306	4007fa	     43	    8.0	 1231.0	 1216.7	 0.1016	 3.9901	 100.00	1316.35
    307	4007fa	     43	    6.0	 1235.0	 1216.8	 0.1015	 5.3784	 100.00	1316.44
    308	4007fa	     43	   18.0	 1229.0	 1216.8	 0.1023	21.2868	 100.00	1316.48
    309	4007fa	     43	    8.0	 1233.0	 1216.9	 0.1020	 7.9970	 100.00	1316.58
    310	4007fa	     43	   10.0	 1231.0	 1216.9	 0.1016	 6.8448	 100.00	1316.64
    311	4007fa	     43	    6.0	 1235.0	 1217.0	 0.1018	 3.3247	 100.00	1316.75
    312	4007fa	     43	    8.0	 1231.0	 1217.0	 0.1017	 6.1841	 100.00	1316.81
    313	4007fa	     43	   10.0	 1231.0	 1217.1	 0.1016	 5.3995	 100.00	1316.92
    314	4007fa	     43	   10.0	 1231.0	 1217.1	 0.1010	 1.2159	 100.00	1317.00
    315	4007fa	     43	    8.0	 1233.0	 1217.2	 0.1005	 1.6136	 100.00	1317.10
    316	4007fa	     43	   10.0	 1235.0	 1217.2	 0.1002	 1.8634	 100.00	1317.15
    317	4007fa	     43	    6.0	 1235.0	 1217.3	 0.0995	 0.5621	 100.00	1317.25
    318	4007fa	     43	   16.0	 1233.0	 1217.3	 0.0996	10.5421	 100.00	1317.33
    319	4007fa	     43	    6.0	 1233.0	 1217.4	 0.0993	 0.7193	 100.00	1317.41
    320	4007fa	     43	   10.0	 1231.0	 1217.4	 0.0993	 4.2371	 100.00	1317.47
    321	4007fa	     43	    6.0	 1235.0	 1217.5	 0.0987	 0.4862	 100.00	1317.47
    322	4007fa	     43	    8.0	 1231.0	 1217.5	 0.0981	 1.1979	 100.00	1317.56
    323	4007fa	     43	   12.0	 1235.0	 1217.6	 0.0979	13.4515	 100.00	1317.67
    324	4007fa	     43	   10.0	 1233.0	 1217.6	 0.0977	 2.1998	 100.00	1317.72
    325	4007fa	     43	    6.0	 1237.0	 1217.7	 0.0971	 0.7552	 100.00	1317.83
    326	4007fa	     43	   10.0	 1235.0	 1217.7	 0.0967	 5.1462	 100.00	1317.89
    327	4007fa	     43	    8.0	 1239.0	 1217.8	 0.0962	 3.7423	 100.00	1318.00
    328	4007fa	     44	   24.0	 1223.0	 1217.8	 0.2552	33.8131	 100.00	1318.12
    329	4007fa	     44	    6.0	 1223.0	 1217.8	 0.2547	30.8818	 100.00	1317.17
    330	4007fa	     44	    8.0	 1223.0	 1217.8	 0.2323	15.9890	 100.00	1317.39
    331	4007fa	     44	    8.0	 1225.0	 1217.9	 0.1993	 7.2445	 100.00	1317.27
    332	4007fa	     44	   12.0	 1227.0	 1217.9	 0.1891	14.2253	 100.00	1317.05
    333	4007fa	     44	   10.0	 1227.0	 1217.9	 0.1770	10.8768	 100.00	1316.81
    334	4007fa	     44	    8.0	 1227.0	 1218.0	 0.1722	18.5621	 100.00	1316.61
    335	4007fa	     44	    6.0	 1227.0	 1218.0	 0.1596	 3.7900	 100.00	1316.38
    336	4007fa	     44	   10.0	 1225.0	 1218.0	 0.1591	12.3709	 100.00	1316.16
    337	4007fa	     44	    8.0	 1229.0	 1218.0	 0.1534	 9.5625	 100.00	1316.18
    338	4007fa	     44	   14.0	 1223.0	 1218.0	 0.1532	13.9523	 100.00	1316.32
    339	4007fa	     44	    6.0	 1227.0	 1218.1	 0.1513	17.3824	 100.00	1316.41
    340	4007fa	     44	   10.0	 1225.0	 1218.1	 0.1461	 8.1042	 100.00	1316.55
    341	4007fa	     44	   10.0	 1231.0	 1218.1	 0.1428	 9.0742	 100.00	1316.67
    342	4007fa	     44	    8.0	 1227.0	 1218.2	 0.1372	 7.7584	 100.00	1316.78
    343	4007fa	     44	    6.0	 1231.0	 1218.2	 0.1343	12.5270	 100.00	1316.86
    344	4007fa	     44	   12.0	 1227.0	 1218.2	 0.1376	31.9399	 100.00	1316.98
    345	4007fa	     44	    6.0	 1227.0	 1218.2	 0.1357	 7.3696	 100.00	1317.04
    346	4007fa	     44	   12.0	 1229.0	 1218.3	 0.1316	 2.5415	 100.00	1317.13
    347	4007fa	     44	    6.0	 1229.0	 1218.3	 0.1308	 8.4715	 100.00	1317.23
    348	4007fa	     44	   10.0	 1231.0	 1218.3	 0.1312	16.5523	 100.00	1317.30
    349	4007fa	     44	   14.0	 1227.0	 1218.4	 0.1346	16.6948	 100.00	1317.41
    350	4007fa	     44	   10.0	 1227.0	 1218.4	 0.1329	 7.7298	 100.00	1317.51
    351	4007fa	     44	    8.0	 1229.0	 1218.4	 0.1305	 4.8081	 100.00	1317.59
    352	4007fa	     44	    8.0	 1225.0	 1218.4	 0.1295	13.1761	 100.00	1317.67
    353	4007fa	     44	    6.0	 1229.0	 1218.5	 0.1290	12.9477	 100.00	1317.76
    354	4007fa	     44	   12.0	 1225.0	 1218.5	 0.1269	 3.5919	 100.00	1317.80
    355	4007fa	     44	    8.0	 1229.0	 1218.5	 0.1269	 7.6708	 100.00	1317.87
    356	4007fa	     44	   12.0	 1229.0	 1218.5	 0.1255	 4.3492	 100.00	1317.95
    357	4007fa	     44	    6.0	 1233.0	 1218.6	 0.1251	29.9798	 100.00	1318.05
    358	4007fa	     44	    8.0	 1229.0	 1218.6	 0.1245	 7.1255	 100.00	1318.13
    359	4007fa	     44	   14.0	 1231.0	 1218.7	 0.1249	 9.9075	 100.00	1318.24
    360	4007fa	     44	    8.0	 1227.0	 1218.7	 0.1275	17.1526	 100.00	1318.29
    361	4007fa	     44	    8.0	 1229.0	 1218.7	 0.1255	 3.4543	 100.00	1318.39
    362	4007fa	     44	    8.0	 1229.0	 1218.7	 0.1247	 9.8579	 100.00	1318.46
    363	4007fa	     44	    6.0	 1229.0	 1218.8	 0.1231	 4.3192	 100.00	1318.57
    364	4007fa	     44	   16.0	 1231.0	 1218.8	 0.1240	12.3936	 100.00	1318.66
    365	4007fa	     44	    6.0	 1231.0	 1218.8	 0.1224	 3.6690	 100.00	1318.75
    366	4007fa	     44	    8.0	 1231.0	 1218.9	 0.1211	14.8556	 100.00	1318.81
    367	4007fa	     44	    8.0	 1233.0	 1218.9	 0.1201	 1.9341	 100.00	1318.90
    368	4007fa	     44	    8.0	 1229.0	 1218.9	 0.1199	11.5451	 100.00	1318.98
    369	4007fa	     44	   18.0	 1227.0	 1218.9	 0.1240	46.5955	 100.00	1319.05
    370	4007fa	     44	    8.0	 1223.0	 1219.0	 0.1230	 2.7738	 100.00	1319.15
    371	4007fa	     44	    6.0	 1227.0	 1219.0	 0.1224	 6.0934	 100.00	1319.27
    372	4007fa	     44	   12.0	 1227.0	 1219.0	 0.1223	 6.3614	 100.00	1319.36
    373	4007fa	     44	    8.0	 1231.0	 1219.0	 0.1207	 6.1065	 100.00	1319.50
    374	4007fa	     44	   12.0	 1227.0	 1219.1	 0.1205	 7.6996	 100.00	1319.61
    375	4007fa	     44	    6.0	 1231.0	 1219.1	 0.1209	11.8503	 100.00	1319.74
    376	4007fa	     44	    8.0	 1227.0	 1219.1	 0.1205	 2.8777	 100.00	1319.84
    377	4007fa	     44	    8.0	 1229.0	 1219.1	 0.1196	 3.0108	 100.00	1319.97
    378	4007fa	     44	   10.0	 1229.0	 1219.2	 0.1185	 4.0552	 100.00	1320.03
    379	4007fa	     44	   12.0	 1227.0	 1219.2	 0.1196	 6.3681	 100.00	1320.12
    380	4007fa	     44	   10.0	 1229.0	 1219.2	 0.1196	 9.4907	 100.00	1320.19
    381	4007fa	     44	    6.0	 1229.0	 1219.2	 0.1184	 3.0450	 100.00	1320.28
    382	4007fa	     44	   12.0	 1231.0	 1219.3	 0.1180	 7.7134	 100.00	1320.32
    383	4007fa	     44	    6.0	 1231.0	 1219.3	 0.1163	 2.0380	 100.00	1320.42
    384	4007fa	     44	   12.0	 1227.0	 1219.3	 0.1174	19.6681	 100.00	1320.47
    385	4007fa	     44	    6.0	 1231.0	 1219.3	 0.1175	 6.3354	 100.00	1320.57
    386	4007fa	     44	    8.0	 1227.0	 1219.4	 0.1160	 2.3850	 100.00	1320.65
    387	4007fa	     44	   10.0	 1233.0	 1219.4	 0.1156	 4.9994	 100.00	1320.73
    388	4007fa	     44	   10.0	 1231.0	 1219.4	 0.1146	 2.6952	 100.00	1320.81
    389	4007fa	     44	    6.0	 1235.0	 1219.5	 0.1132	 5.8570	 100.00	1320.92
    390	4007fa	     44	   16.0	 1227.0	 1219.5	 0.1144	23.2744	 100.00	1320.94
    391	4007fa	     44	    8.0	 1231.0	 1219.5	 0.1140	 3.9037	 100.00	1321.02
    392	4007fa	     44	   10.0	 1229.0	 1219.5	 0.1148	 8.9538	 100.00	1321.11
    393	4007fa	     44	    6.0	 1229.0	 1219.6	 0.1132	 3.1446	 100.00	1321.19
    394	4007fa	     44	    8.0	 1229.0	 1219.6	 0.1126	 7.3661	 100.00	1321.25
    395	4007fa	     44	   10.0	 1229.0	 1219.6	 0.1122	 3.8571	 100.00	1321.30
    396	4007fa	     44	   12.0	 1231.0	 1219.6	 0.1111	 7.1863	 100.00	1321.37
    397	4007fa	     44	    8.0	 1233.0	 1219.7	 0.1103	 1.7485	 100.00	1321.44
    398	4007fa	     44	    8.0	 1233.0	 1219.7	 0.1100	 8.8492	 100.00	1321.51
    399	4007fa	     44	    6.0	 1233.0	 1219.7	 0.1090	 2.6683	 100.00	1321.60
    400	4007fa	     44	   14.0	 1227.0	 1219.8	 0.1105	21.6589	 100.00	1321.67
    401	4007fa	     44	    8.0	 1231.0	 1219.8	 0.1093	 4.5096	 100.00	1321.72
    402	4007fa	     44	   10.0	 1229.0	 1219.8	 0.1082	 1.1931	 100.00	1321.79
    403	4007fa	     44	    6.0	 1233.0	 1219.8	 0.1080	18.5972	 100.00	1321.88
    404	4007fa	     44	   10.0	 1231.0	 1219.9	 0.1075	 3.2291	 100.00	1321.96
    405	4007fa	     44	   12.0	 1235.0	 1219.9	 0.1076	10.7386	 100.00	1322.01
    406	4007fa	     44	    8.0	 1231.0	 1219.9	 0.1072	 4.3760	 100.00	1322.10
    407	4007fa	     44	    6.0	 1235.0	 1220.0	 0.1074	 6.6903	 100.00	1322.12
    408	4007fa	     44	   10.0	 1233.0	 1220.0	 0.1075	 2.8133	 100.00	1322.21
    409	4007fa	     44	    6.0	 1233.0	 1220.0	 0.1078	31.0802	 100.00	1322.26
    410	4007fa	     44	   22.0	 1225.0	 1220.0	 0.1102	51.5510	 100.00	1322.37
    411	4007fa	     44	    6.0	 1225.0	 1220.1	 0.1107	21.4353	 100.00	1322.42
    412	4007fa	     44	   10.0	 1227.0	 1220.1	 0.1106	 4.8696	 100.00	1322.51
    413	4007fa	     44	    8.0	 1229.0	 1220.1	 0.1103	 1.3272	 100.00	1322.52
    414	4007fa	     44	   10.0	 1229.0	 1220.1	 0.1093	 1.6227	 100.00	1322.62
    415	4007fa	     44	   10.0	 1229.0	 1220.1	 0.1086	 4.1819	 100.00	1322.69
    416	4007fa	     44	    8.0	 1225.0	 1220.2	 0.1086	19.1993	 100.00	1322.77
    417	4007fa	     44	    6.0	 1229.0	 1220.2	 0.1082	 7.3347	 100.00	1322.84
    418	4007fa	     44	   10.0	 1227.0	 1220.2	 0.1084	11.9551	 100.00	1322.91
    419	4007fa	     44	    8.0	 1231.0	 1220.2	 0.1077	 1.0091	 100.00	1322.92
    420	4007fa	     44	   16.0	 1227.0	 1220.2	 0.1085	 2.2617	 100.00	1323.00
    421	4007fa	     44	    6.0	 1231.0	 1220.3	 0.1079	 1.4088	 100.00	1323.07
    422	4007fa	     44	    8.0	 1227.0	 1220.3	 0.1073	10.9750	 100.00	1323.15
    423	4007fa	     44	   10.0	 1233.0	 1220.3	 0.1069	12.2379	 100.00	1323.21
    424	4007fa	     44	    8.0	 1229.0	 1220.3	 0.1069	10.8561	 100.00	1323.29
    425	4007fa	     44	   10.0	 1229.0	 1220.3	 0.1068	 4.5825	 100.00	1323.34
    426	4007fa	     44	    8.0	 1229.0	 1220.4	 0.1063	 3.6200	 100.00	1323.40
    427	4007fa	     44	    6.0	 1229.0	 1220.4	 0.1053	 1.0987	 100.00	1323.46
    428	4007fa	     44	   14.0	 1233.0	 1220.4	 0.1049	 7.7324	 100.00	1323.54
    429	4007fa	     44	    6.0	 1233.0	 1220.4	 0.1039	 1.1543	 100.00	1323.60
    430	4007fa	     44	    8.0	 1233.0	 1220.5	 0.1037	 5.4150	 100.00	1323.66
    431	4007fa	     44	   14.0	 1229.0	 1220.5	 0.1041	 9.3858	 100.00	1323.66
    432	4007fa	     44	    8.0	 1225.0	 1220.5	 0.1042	 8.0848	 100.00	1323.76
    433	4007fa	     44	   10.0	 1231.0	 1220.5	 0.1040	 4.2264	 100.00	1323.80
    434	4007fa	     44	    8.0	 1227.0	 1220.5	 0.1032	 0.9904	 100.00	1323.78
    435	4007fa	     44	    6.0	 1231.0	 1220.6	 0.1031	 3.7602	 100.00	1323.86
    436	4007fa	     44	   14.0	 1229.0	 1220.6	 0.1031	27.5197	 100.00	1323.88
    437	4007fa	     44	    8.0	 1233.0	 1220.6	 0.1022	 1.0853	 100.00	1323.94
    438	4007fa	     44	   10.0	 1231.0	 1220.6	 0.1021	26.1774	 100.00	1323.99
    439	4007fa	     44	    6.0	 1235.0	 1220.7	 0.1016	 1.4276	 100.00	1324.05
    440	4007fa	     44	    8.0	 1231.0	 1220.7	 0.1020	18.7212	 100.00	1324.10
    441	4007fa	     44	   12.0	 1229.0	 1220.7	 0.1020	 2.0497	 100.00	1324.16
    442	4007fa	     44	   10.0	 1229.0	 1220.7	 0.1017	 3.9668	 100.00	1324.20
    443	4007fa	     44	    8.0	 1231.0	 1220.8	 0.1015	 1.2386	 100.00	1324.26
    444	4007fa	     44	   10.0	 1233.0	 1220.8	 0.1010	 1.9412	 100.00	1324.31
    445	4007fa	     44	    6.0	 1233.0	 1220.8	 0.1007	 4.3435	 100.00	1324.38
    446	4007fa	     44	   14.0	 1233.0	 1220.8	 0.1009	28.7413	 100.00	1324.41
    447	4007fa	     44	    6.0	 1233.0	 1220.9	 0.1003	 0.8273	 100.00	1324.48
    448	4007fa	     44	   10.0	 1231.0	 1220.9	 0.1009	18.6813	 100.00	1324.50
    449	4007fa	     44	    6.0	 1235.0	 1220.9	 0.1010	11.2887	 100.00	1324.57
    450	4007fa	     44	    8.0	 1231.0	 1220.9	 0.1005	 1.2159	 100.00	1324.63
    451	4007fa	     44	   18.0	 1229.0	 1221.0	 0.1014	17.1476	 100.00	1324.70
    452	4007fa	     44	   10.0	 1227.0	 1221.0	 0.1007	 0.7656	 100.00	1324.73
    453	4007fa	     44	    6.0	 1231.0	 1221.0	 0.1013	 4.7198	 100.00	1324.79
    454	4007fa	     44	   10.0	 1229.0	 1221.0	 0.1009	10.6879	 100.00	1324.81
    455	4007fa	     44	    8.0	 1233.0	 1221.0	 0.1004	 3.0817	 100.00	1324.88
    456	4007fa	     44	   12.0	 1229.0	 1221.1	 0.1009	12.2817	 100.00	1324.94
    457	4007fa	     44	    6.0	 1229.0	 1221.1	 0.1003	 2.1056	 100.00	1325.02
    458	4007fa	     44	    8.0	 1229.0	 1221.1	 0.0996	 4.0797	 100.00	1325.11
    459	4007fa	     44	    8.0	 1231.0	 1221.1	 0.0989	 1.4779	 100.00	1325.21
    460	4007fa	     44	   12.0	 1233.0	 1221.1	 0.0984	10.6512	 100.00	1325.28
    461	4007fa	     44	   12.0	 1231.0	 1221.2	 0.0984	11.2713	 100.00	1325.37
    462	4007fa	     44	    8.0	 1231.0	 1221.2	 0.0979	 3.3188	 100.00	1325.44
    463	4007fa	     44	    6.0	 1231.0	 1221.2	 0.0973	 0.9973	 100.00	1325.54
    464	4007fa	     44	   10.0	 1229.0	 1221.2	 0.0981	 4.2449	 100.00	1325.61
    465	4007fa	     44	    8.0	 1233.0	 1221.2	 0.0975	 1.0036	 100.00	1325.70
    466	4007fa	     44	   12.0	 1229.0	 1221.3	 0.0974	 7.2402	 100.00	1325.73
    467	4007fa	     44	    6.0	 1233.0	 1221.3	 0.0972	 1.4452	 100.00	1325.82
    468	4007fa	     44	   10.0	 1231.0	 1221.3	 0.0968	 1.0803	 100.00	1325.86
    469	4007fa	     44	   10.0	 1237.0	 1221.3	 0.0964	 1.5506	 100.00	1325.96
    470	4007fa	     44	    8.0	 1233.0	 1221.4	 0.0959	 2.8021	 100.00	1326.04
    471	4007fa	     44	    6.0	 1237.0	 1221.4	 0.0954	 1.4617	 100.00	1326.14
    472	4007fa	     44	   16.0	 1229.0	 1221.4	 0.0962	 6.9879	 100.00	1326.20
    473	4007fa	     44	    6.0	 1229.0	 1221.4	 0.0957	 5.2355	 100.00	1326.29
    474	4007fa	     44	   12.0	 1231.0	 1221.4	 0.0955	10.8621	 100.00	1326.37
    475	4007fa	     44	    6.0	 1231.0	 1221.5	 0.0950	 2.3298	 100.00	1326.46
    476	4007fa	     44	   10.0	 1233.0	 1221.5	 0.0947	11.8317	 100.00	1326.54
    477	4007fa	     44	   10.0	 1233.0	 1221.5	 0.0946	 2.3285	 100.00	1326.63
    478	4007fa	     44	   10.0	 1233.0	 1221.5	 0.0942	 7.2232	 100.00	1326.68
    479	4007fa	     44	    8.0	 1235.0	 1221.6	 0.0944	 3.7291	 100.00	1326.77
    480	4007fa	     44	    8.0	 1231.0	 1221.6	 0.0944	 3.8378	 100.00	1326.81
    481	4007fa	     44	    6.0	 1235.0	 1221.6	 0.0946	 7.0618	 100.00	1326.91
    482	4007fa	     44	   14.0	 1229.0	 1221.6	 0.0947	 3.3171	 100.00	1326.96
    483	4007fa	     44	    8.0	 1233.0	 1221.7	 0.0944	 1.1220	 100.00	1327.06
    484	4007fa	     44	   12.0	 1233.0	 1221.7	 0.0940	 4.8512	 100.00	1327.10
    485	4007fa	     44	    6.0	 1237.0	 1221.7	 0.0935	 0.9522	 100.00	1327.19
    486	4007fa	     44	    8.0	 1233.0	 1221.7	 0.0933	 5.9891	 100.00	1327.26
    487	4007fa	     44	   12.0	 1237.0	 1221.8	 0.0933	28.2503	 100.00	1327.30
./asc:main.c:284: warning: worker pid `12564' SIGSEGV: bad speculation?
    488	4007fa	     44	    8.0	 1233.0	 1221.8	 0.0930	 2.2292	 100.00	1327.37
    489	4007fa	     44	    8.0	 1235.0	 1221.8	 0.0928	18.6740	 100.00	1327.44
    490	4007fa	     44	    8.0	 1235.0	 1221.8	 0.0925	 4.0840	 100.00	1327.51
    491	4007fa	     44	    6.0	 1235.0	 1221.9	 0.0919	 0.6847	 100.00	1327.56
    492	4007fa	     44	   26.0	 1227.0	 1221.9	 0.0936	31.0777	 100.00	1327.60
    493	4007fa	     44	    6.0	 1227.0	 1221.9	 0.0930	 0.6521	 100.00	1327.64
    494	4007fa	     44	    8.0	 1227.0	 1221.9	 0.0930	 4.4029	 100.00	1327.69
    495	4007fa	     44	    8.0	 1229.0	 1221.9	 0.0932	 0.9670	 100.00	1327.73
    496	4007fa	     44	    8.0	 1225.0	 1221.9	 0.0935	15.9151	 100.00	1327.78
    497	4007fa	     44	   12.0	 1229.0	 1221.9	 0.0933	15.0966	 100.00	1327.84
    498	4007fa	     44	    8.0	 1225.0	 1221.9	 0.0928	 1.1862	 100.00	1327.89
    499	4007fa	     44	    6.0	 1229.0	 1222.0	 0.0927	 1.4577	 100.00	1327.95
    500	4007fa	     44	   12.0	 1229.0	 1222.0	 0.0926	 5.8245	 100.00	1328.01
    501	4007fa	     44	    8.0	 1233.0	 1222.0	 0.0923	 3.6265	 100.00	1328.02
    502	4007fa	     44	   14.0	 1227.0	 1222.0	 0.0926	 7.9302	 100.00	1328.08
    503	4007fa	     44	    6.0	 1231.0	 1222.0	 0.0921	 1.0882	 100.00	1328.11
    504	4007fa	     44	    8.0	 1227.0	 1222.0	 0.0921	10.4954	 100.00	1328.16
    505	4007fa	     44	    8.0	 1229.0	 1222.0	 0.0916	 0.8657	 100.00	1328.20
    506	4007fa	     44	   10.0	 1229.0	 1222.1	 0.0912	 1.6566	 100.00	1328.26
    507	4007fa	     44	   10.0	 1229.0	 1222.1	 0.0909	 2.5025	 100.00	1328.31
    508	4007fa	     44	   10.0	 1231.0	 1222.1	 0.0905	 3.1721	 100.00	1328.37
    509	4007fa	     44	    6.0	 1231.0	 1222.1	 0.0902	 0.8555	 100.00	1328.40
    510	4007fa	     44	   12.0	 1233.0	 1222.1	 0.0901	13.8280	 100.00	1328.46
    511	4007fa	     44	    6.0	 1233.0	 1222.1	 0.0897	 1.9599	 100.00	1328.52
    512	4007fa	     44	   16.0	 1225.0	 1222.2	 0.0901	 3.3358	 100.00	1328.60
    513	4007fa	     44	    6.0	 1229.0	 1222.2	 0.0898	 1.1774	 100.00	1328.65
    514	4007fa	     44	    8.0	 1225.0	 1222.2	 0.0898	15.1679	 100.00	1328.72
    515	4007fa	     44	   10.0	 1231.0	 1222.2	 0.0897	 6.3476	 100.00	1328.77
    516	4007fa	     44	   10.0	 1229.0	 1222.2	 0.0894	 1.5368	 100.00	1328.83
    517	4007fa	     44	    6.0	 1233.0	 1222.2	 0.0891	 1.0637	 100.00	1328.90
    518	4007fa	     44	   12.0	 1229.0	 1222.2	 0.0893	10.9011	 100.00	1328.98
    519	4007fa	     44	    8.0	 1233.0	 1222.3	 0.0890	 7.9163	 100.00	1329.02
    520	4007fa	     44	   10.0	 1231.0	 1222.3	 0.0887	 2.6410	 100.00	1329.09
    521	4007fa	     44	    6.0	 1231.0	 1222.3	 0.0883	 0.6864	 100.00	1329.16
    522	4007fa	     44	    8.0	 1231.0	 1222.3	 0.0888	 0.8837	 100.00	1329.22
    523	4007fa	     44	   12.0	 1229.0	 1222.3	 0.0890	24.5864	 100.00	1329.28
    524	4007fa	     44	   12.0	 1231.0	 1222.3	 0.0887	 2.4927	 100.00	1329.35
    525	4007fa	     44	    8.0	 1233.0	 1222.4	 0.0884	 0.3543	 100.00	1329.40
    526	4007fa	     44	    8.0	 1233.0	 1222.4	 0.0879	 0.8721	 100.00	1329.46
    527	4007fa	     44	    6.0	 1233.0	 1222.4	 0.0877	16.2215	 100.00	1329.52
    528	4007fa	     44	   12.0	 1229.0	 1222.4	 0.0880	20.1418	 100.00	1329.60
    529	4007fa	     44	    8.0	 1233.0	 1222.4	 0.0879	10.4886	 100.00	1329.64
    530	4007fa	     44	   10.0	 1231.0	 1222.4	 0.0879	11.6485	 100.00	1329.71
    531	4007fa	     44	    6.0	 1235.0	 1222.5	 0.0877	 0.8225	 100.00	1329.76
    532	4007fa	     44	   10.0	 1233.0	 1222.5	 0.0873	 0.5416	 100.00	1329.82
    533	4007fa	     44	   18.0	 1231.0	 1222.5	 0.0879	26.6262	 100.00	1329.89
    534	4007fa	     44	    8.0	 1227.0	 1222.5	 0.0875	 0.6350	 100.00	1329.96
    535	4007fa	     44	    6.0	 1231.0	 1222.5	 0.0873	 0.9851	 100.00	1330.00
    536	4007fa	     44	   10.0	 1229.0	 1222.5	 0.0871	 2.0273	 100.00	1330.06
    537	4007fa	     44	    6.0	 1229.0	 1222.6	 0.0869	 4.9082	 100.00	1330.08
    538	4007fa	     44	   14.0	 1229.0	 1222.6	 0.0870	11.7836	 100.00	1330.15
    539	4007fa	     44	    6.0	 1229.0	 1222.6	 0.0866	 0.6949	 100.00	1330.21
    540	4007fa	     44	   10.0	 1231.0	 1222.6	 0.0863	 2.0708	 100.00	1330.30
    541	4007fa	     44	    8.0	 1233.0	 1222.6	 0.0860	 0.4382	 100.00	1330.33
    542	4007fa	     44	   10.0	 1233.0	 1222.6	 0.0858	 0.6524	 100.00	1330.42
    543	4007fa	     44	   12.0	 1231.0	 1222.6	 0.0858	 8.4877	 100.00	1330.44
    544	4007fa	     44	    8.0	 1227.0	 1222.7	 0.0859	11.3424	 100.00	1330.50
    545	4007fa	     44	    6.0	 1231.0	 1222.7	 0.0857	 0.7203	 100.00	1330.58
    546	4007fa	     44	   10.0	 1229.0	 1222.7	 0.0853	 0.4801	 100.00	1330.65
    547	4007fa	     44	    8.0	 1233.0	 1222.7	 0.0850	 0.8034	 100.00	1330.74
    548	4007fa	     44	   14.0	 1231.0	 1222.7	 0.0849	 4.5536	 100.00	1330.79
    549	4007fa	     44	    6.0	 1235.0	 1222.7	 0.0845	 0.9104	 100.00	1330.86
    550	4007fa	     44	    8.0	 1231.0	 1222.8	 0.0843	 1.2548	 100.00	1330.92
    551	4007fa	     44	   10.0	 1237.0	 1222.8	 0.0840	 6.8823	 100.00	1330.99
    552	4007fa	     44	    8.0	 1233.0	 1222.8	 0.0842	 4.6329	 100.00	1331.04
    553	4007fa	     44	   14.0	 1229.0	 1222.8	 0.0844	29.7847	 100.00	1331.11
    554	4007fa	     44	    8.0	 1229.0	 1222.8	 0.0842	 0.8557	 100.00	1331.14
    555	4007fa	     44	    6.0	 1229.0	 1222.8	 0.0840	 5.9861	 100.00	1331.21
    556	4007fa	     44	   14.0	 1233.0	 1222.8	 0.0838	 1.3135	 100.00	1331.26
    557	4007fa	     44	    6.0	 1233.0	 1222.9	 0.0836	 2.5167	 100.00	1331.33
    558	4007fa	     44	    8.0	 1233.0	 1222.9	 0.0835	 1.3384	 100.00	1331.39
    559	4007fa	     44	   10.0	 1233.0	 1222.9	 0.0835	12.2616	 100.00	1331.46
    560	4007fa	     44	    8.0	 1229.0	 1222.9	 0.0835	 9.0136	 100.00	1331.49
    561	4007fa	     44	   10.0	 1235.0	 1222.9	 0.0834	 5.5069	 100.00	1331.55
    562	4007fa	     44	    8.0	 1231.0	 1222.9	 0.0831	 0.8403	 100.00	1331.61
    563	4007fa	     44	    6.0	 1235.0	 1223.0	 0.0829	 1.3485	 100.00	1331.68
    564	4007fa	     44	   16.0	 1231.0	 1223.0	 0.0829	 1.7034	 100.00	1331.72
    565	4007fa	     44	    8.0	 1235.0	 1223.0	 0.0828	 2.3055	 100.00	1331.78
    566	4007fa	     44	   10.0	 1233.0	 1223.0	 0.0825	 1.6499	 100.00	1331.73
    567	4007fa	     44	    6.0	 1237.0	 1223.0	 0.0822	 1.4439	 100.00	1331.79
    568	4007fa	     44	    8.0	 1233.0	 1223.1	 0.0825	40.6468	 100.00	1331.84
    569	4007fa	     44	   10.0	 1233.0	 1223.1	 0.0823	 1.2092	 100.00	1331.91
    570	4007fa	     44	   10.0	 1233.0	 1223.1	 0.0820	 1.4054	 100.00	1331.95
    571	4007fa	     44	    8.0	 1235.0	 1223.1	 0.0819	 4.3876	 100.00	1332.01
    572	4007fa	     44	   10.0	 1237.0	 1223.1	 0.0818	 5.5209	 100.00	1332.03
    573	4007fa	     44	    6.0	 1237.0	 1223.2	 0.0817	 1.3871	 100.00	1332.09
    574	4007fa	     44	   22.0	 1229.0	 1223.2	 0.0827	46.2496	 100.00	1332.15
    575	4007fa	     44	    6.0	 1229.0	 1223.2	 0.0823	 1.2311	 100.00	1332.21
    576	4007fa	     44	   10.0	 1227.0	 1223.2	 0.0827	21.6606	 100.00	1332.27
    577	4007fa	     44	    6.0	 1231.0	 1223.2	 0.0824	 1.1071	 100.00	1332.34
    578	4007fa	     44	    8.0	 1227.0	 1223.2	 0.0822	 0.5684	 100.00	1332.36
    579	4007fa	     44	   12.0	 1231.0	 1223.2	 0.0823	 4.3617	 100.00	1332.42
    580	4007fa	     44	   10.0	 1229.0	 1223.2	 0.0821	 0.8466	 100.00	1332.47
    581	4007fa	     44	    6.0	 1233.0	 1223.3	 0.0820	 8.4216	 100.00	1332.53
    582	4007fa	     44	   10.0	 1231.0	 1223.3	 0.0817	 0.9626	 100.00	1332.57
    583	4007fa	     44	    8.0	 1235.0	 1223.3	 0.0816	 6.7525	 100.00	1332.64
    584	4007fa	     44	   14.0	 1229.0	 1223.3	 0.0817	 8.1886	 100.00	1332.66
    585	4007fa	     44	    6.0	 1229.0	 1223.3	 0.0816	 0.6411	 100.00	1332.72
    586	4007fa	     44	    8.0	 1229.0	 1223.3	 0.0814	 1.8780	 100.00	1332.77
    587	4007fa	     44	    8.0	 1231.0	 1223.3	 0.0811	 0.9014	 100.00	1332.83
    588	4007fa	     44	   12.0	 1233.0	 1223.3	 0.0810	13.6045	 100.00	1332.87
    589	4007fa	     44	   10.0	 1233.0	 1223.4	 0.0811	29.7245	 100.00	1332.93
    590	4007fa	     44	    8.0	 1233.0	 1223.4	 0.0808	 1.2782	 100.00	1332.96
    591	4007fa	     44	    6.0	 1233.0	 1223.4	 0.0805	 0.6080	 100.00	1333.03
    592	4007fa	     44	   10.0	 1231.0	 1223.4	 0.0805	 3.2909	 100.00	1333.07
    593	4007fa	     44	    8.0	 1235.0	 1223.4	 0.0803	 2.5576	 100.00	1333.13
    594	4007fa	     44	   16.0	 1227.0	 1223.4	 0.0805	15.3555	 100.00	1333.17
    595	4007fa	     44	    6.0	 1231.0	 1223.4	 0.0802	 0.6982	 100.00	1333.24
    596	4007fa	     44	   10.0	 1229.0	 1223.5	 0.0801	 8.6522	 100.00	1333.26
    597	4007fa	     44	   10.0	 1235.0	 1223.5	 0.0798	 0.9058	 100.00	1333.31
    598	4007fa	     44	    8.0	 1231.0	 1223.5	 0.0795	 0.6873	 100.00	1333.34
    599	4007fa	     44	    6.0	 1235.0	 1223.5	 0.0795	 1.3184	 100.00	1333.40
    600	4007fa	     44	   12.0	 1231.0	 1223.5	 0.0795	 9.7207	 100.00	1333.43
    601	4007fa	     44	    6.0	 1231.0	 1223.5	 0.0793	 0.4273	 100.00	1333.49
    602	4007fa	     44	   12.0	 1233.0	 1223.5	 0.0792	 1.1696	 100.00	1333.51
    603	4007fa	     44	    6.0	 1233.0	 1223.6	 0.0789	 0.4999	 100.00	1333.56
    604	4007fa	     44	   10.0	 1235.0	 1223.6	 0.0789	 3.2602	 100.00	1333.61
    605	4007fa	     44	   12.0	 1233.0	 1223.6	 0.0790	10.9912	 100.00	1333.67
    606	4007fa	     44	   10.0	 1233.0	 1223.6	 0.0790	10.9699	 100.00	1333.72
    607	4007fa	     44	    8.0	 1235.0	 1223.6	 0.0789	 2.1854	 100.00	1333.77
    608	4007fa	     44	    8.0	 1231.0	 1223.6	 0.0791	 8.2527	 100.00	1333.78
    609	4007fa	     44	    6.0	 1235.0	 1223.7	 0.0792	 6.8815	 100.00	1333.82
    610	4007fa	     44	   12.0	 1231.0	 1223.7	 0.0791	 4.2724	 100.00	1333.83
    611	4007fa	     44	    8.0	 1235.0	 1223.7	 0.0789	 0.8191	 100.00	1333.87
    612	4007fa	     44	   12.0	 1235.0	 1223.7	 0.0788	 2.8595	 100.00	1333.89
    613	4007fa	     44	    6.0	 1239.0	 1223.7	 0.0787	 7.6415	 100.00	1333.92
    614	4007fa	     44	    8.0	 1235.0	 1223.8	 0.0786	 5.3745	 100.00	1333.91
    615	4007fa	     44	   18.0	 1233.0	 1223.8	 0.0790	17.2517	 100.00	1333.95
    616	4007fa	     44	    8.0	 1229.0	 1223.8	 0.0789	 1.3056	 100.00	1333.97
    617	4007fa	     44	    8.0	 1231.0	 1223.8	 0.0788	 1.5332	 100.00	1334.00
    618	4007fa	     44	    8.0	 1231.0	 1223.8	 0.0787	 1.7851	 100.00	1334.03
    619	4007fa	     44	    6.0	 1231.0	 1223.8	 0.0786	 8.7286	 100.00	1334.05
    620	4007fa	     44	   16.0	 1233.0	 1223.8	 0.0787	14.7571	 100.00	1334.08
    621	4007fa	     44	    6.0	 1233.0	 1223.8	 0.0785	 0.9938	 100.00	1334.11
    622	4007fa	     44	    8.0	 1233.0	 1223.9	 0.0786	26.9844	 100.00	1334.14
    623	4007fa	     44	    8.0	 1235.0	 1223.9	 0.0785	 0.7423	 100.00	1334.17
    624	4007fa	     44	    8.0	 1231.0	 1223.9	 0.0784	11.7613	 100.00	1334.19
    625	4007fa	     44	   14.0	 1233.0	 1223.9	 0.0785	 6.4152	 100.00	1334.19
    626	4007fa	     44	    8.0	 1229.0	 1223.9	 0.0783	 0.4280	 100.00	1334.22
    627	4007fa	     44	    6.0	 1233.0	 1223.9	 0.0781	 3.2173	 100.00	1334.23
    628	4007fa	     44	   12.0	 1233.0	 1223.9	 0.0780	 6.1277	 100.00	1334.26
    629	4007fa	     44	    8.0	 1237.0	 1224.0	 0.0778	 9.1829	 100.00	1334.28
    630	4007fa	     44	   12.0	 1233.0	 1224.0	 0.0778	 8.4595	 100.00	1334.31
    631	4007fa	     44	    6.0	 1237.0	 1224.0	 0.0779	 4.6322	 100.00	1334.32
    632	4007fa	     44	    8.0	 1233.0	 1224.0	 0.0777	 0.8006	 100.00	1334.35
    633	4007fa	     44	    8.0	 1235.0	 1224.0	 0.0775	 0.6129	 100.00	1334.37
    634	4007fa	     44	   10.0	 1235.0	 1224.0	 0.0773	 3.9172	 100.00	1334.40
    635	4007fa	     44	   14.0	 1231.0	 1224.1	 0.0778	 6.2313	 100.00	1334.43
    636	4007fa	     44	   10.0	 1233.0	 1224.1	 0.0777	 1.0787	 100.00	1334.45
    637	4007fa	     44	    6.0	 1233.0	 1224.1	 0.0775	 0.3026	 100.00	1334.46
    638	4007fa	     44	   12.0	 1235.0	 1224.1	 0.0775	 7.0004	 100.00	1334.49
    639	4007fa	     44	    6.0	 1235.0	 1224.1	 0.0773	 0.6238	 100.00	1334.52
    640	4007fa	     44	   12.0	 1231.0	 1224.1	 0.0774	 7.8293	 100.00	1334.55
    641	4007fa	     44	    6.0	 1235.0	 1224.1	 0.0773	 1.3017	 100.00	1334.58
    642	4007fa	     44	    8.0	 1231.0	 1224.2	 0.0772	 0.4449	 100.00	1334.61
    643	4007fa	     44	   10.0	 1237.0	 1224.2	 0.0770	 0.7255	 100.00	1334.61
    644	4007fa	     44	   10.0	 1235.0	 1224.2	 0.0768	 0.7588	 100.00	1334.64
    645	4007fa	     44	    6.0	 1239.0	 1224.2	 0.0769	19.2496	 100.00	1334.67
    646	4007fa	     44	   14.0	 1233.0	 1224.2	 0.0770	26.4581	 100.00	1334.69
    647	4007fa	     44	    8.0	 1237.0	 1224.2	 0.0768	 0.4503	 100.00	1334.72
    648	4007fa	     44	   10.0	 1235.0	 1224.3	 0.0767	 3.3355	 100.00	1334.74
    649	4007fa	     44	    6.0	 1235.0	 1224.3	 0.0765	 0.3185	 100.00	1334.75
    650	4007fa	     44	    8.0	 1235.0	 1224.3	 0.0765	 1.1764	 100.00	1334.79
    651	4007fa	     44	   10.0	 1235.0	 1224.3	 0.0764	11.3483	 100.00	1334.78
    652	4007fa	     44	   12.0	 1237.0	 1224.3	 0.0762	 1.1276	 100.00	1334.80
    653	4007fa	     44	    8.0	 1239.0	 1224.4	 0.0760	 0.5462	 100.00	1334.83
    654	4007fa	     44	    8.0	 1239.0	 1224.4	 0.0758	 0.8581	 100.00	1334.84
    655	4007fa	     44	    6.0	 1239.0	 1224.4	 0.0757	 6.6540	 100.00	1334.84
    656	4007fa	     45	   26.0	 1221.0	 1224.4	 0.2521	31.2685	 100.00	1334.82
    657	4007fa	     45	    8.0	 1225.0	 1224.4	 0.2580	33.1992	 100.00	1334.38
    658	4007fa	     45	   10.0	 1223.0	 1224.4	 0.2333	13.7008	 100.00	1334.43
    659	4007fa	     45	    6.0	 1227.0	 1224.4	 0.2045	 9.1556	 100.00	1334.48
    660	4007fa	     45	   10.0	 1225.0	 1224.4	 0.1907	10.0332	 100.00	1334.41
    661	4007fa	     45	   12.0	 1229.0	 1224.4	 0.1805	11.5806	 100.00	1334.27
    662	4007fa	     45	    8.0	 1225.0	 1224.4	 0.1693	10.4352	 100.00	1334.12
    663	4007fa	     45	    6.0	 1229.0	 1224.4	 0.1573	 9.8588	 100.00	1333.98
    664	4007fa	     45	   10.0	 1227.0	 1224.4	 0.1604	19.7194	 100.00	1333.80
    665	4007fa	     45	    6.0	 1227.0	 1224.4	 0.1515	 5.0618	 100.00	1333.61
    666	4007fa	     45	   16.0	 1225.0	 1224.4	 0.1529	13.1675	 100.00	1333.64
    667	4007fa	     45	    6.0	 1225.0	 1224.4	 0.1488	10.2206	 100.00	1333.64
    668	4007fa	     45	   10.0	 1227.0	 1224.4	 0.1463	12.0340	 100.00	1333.65
    669	4007fa	     45	    8.0	 1229.0	 1224.4	 0.1435	 9.3695	 100.00	1333.67
    670	4007fa	     45	   10.0	 1229.0	 1224.4	 0.1382	 6.1494	 100.00	1333.68
    671	4007fa	     45	   10.0	 1229.0	 1224.4	 0.1371	17.7695	 100.00	1333.68
    672	4007fa	     45	    8.0	 1225.0	 1224.4	 0.1357	11.3266	 100.00	1333.69
    673	4007fa	     45	    6.0	 1229.0	 1224.5	 0.1344	11.8300	 100.00	1333.68
    674	4007fa	     45	   10.0	 1227.0	 1224.5	 0.1312	 6.9399	 100.00	1333.70
    675	4007fa	     45	    8.0	 1231.0	 1224.5	 0.1283	 9.2992	 100.00	1333.69
    676	4007fa	     45	   18.0	 1225.0	 1224.5	 0.1318	74.1192	 100.00	1333.71
    677	4007fa	     45	    6.0	 1229.0	 1224.5	 0.1349	21.9989	 100.00	1333.73
    678	4007fa	     45	    8.0	 1225.0	 1224.5	 0.1306	 1.2316	 100.00	1333.75
    679	4007fa	     45	   10.0	 1231.0	 1224.5	 0.1305	20.6595	 100.00	1333.75
    680	4007fa	     45	    8.0	 1227.0	 1224.5	 0.1289	 9.5833	 100.00	1333.77
    681	4007fa	     45	   10.0	 1227.0	 1224.5	 0.1297	11.2035	 100.00	1333.79
    682	4007fa	     45	    8.0	 1227.0	 1224.5	 0.1293	12.5400	 100.00	1333.79
    683	4007fa	     45	    6.0	 1227.0	 1224.5	 0.1263	 5.8408	 100.00	1333.77
    684	4007fa	     45	   14.0	 1231.0	 1224.5	 0.1261	 7.5222	 100.00	1333.77
    685	4007fa	     45	    6.0	 1231.0	 1224.5	 0.1244	 3.7316	 100.00	1333.78
    686	4007fa	     45	    8.0	 1231.0	 1224.5	 0.1231	 5.5633	 100.00	1333.80
    687	4007fa	     45	   12.0	 1229.0	 1224.5	 0.1249	 9.9134	 100.00	1333.81
    688	4007fa	     45	    8.0	 1225.0	 1224.5	 0.1245	 4.9185	 100.00	1333.82
    689	4007fa	     45	   10.0	 1231.0	 1224.5	 0.1250	 9.8822	 100.00	1333.81
    690	4007fa	     45	    8.0	 1227.0	 1224.5	 0.1221	 2.6129	 100.00	1333.83
    691	4007fa	     45	    6.0	 1231.0	 1224.6	 0.1216	 7.9137	 100.00	1333.87
    692	4007fa	     45	   14.0	 1229.0	 1224.6	 0.1222	 9.6492	 100.00	1333.91
    693	4007fa	     45	    8.0	 1233.0	 1224.6	 0.1212	 1.7663	 100.00	1333.94
    694	4007fa	     45	   10.0	 1231.0	 1224.6	 0.1205	 7.2978	 100.00	1333.99
    695	4007fa	     45	    6.0	 1235.0	 1224.6	 0.1202	 6.3202	 100.00	1333.99
    696	4007fa	     45	    8.0	 1231.0	 1224.6	 0.1195	 9.0045	 100.00	1334.04
    697	4007fa	     45	   16.0	 1225.0	 1224.6	 0.1221	14.2185	 100.00	1334.08
    698	4007fa	     45	   10.0	 1225.0	 1224.6	 0.1218	 2.1608	 100.00	1334.12
    699	4007fa	     45	    8.0	 1227.0	 1224.6	 0.1217	17.1987	 100.00	1334.17
    700	4007fa	     45	   10.0	 1229.0	 1224.6	 0.1216	 7.9420	 100.00	1334.18
    701	4007fa	     45	    6.0	 1229.0	 1224.6	 0.1208	 2.9536	 100.00	1334.23
    702	4007fa	     45	   14.0	 1229.0	 1224.6	 0.1214	28.6519	 100.00	1334.27
    703	4007fa	     45	    6.0	 1229.0	 1224.6	 0.1197	 2.2045	 100.00	1334.31
    704	4007fa	     45	   10.0	 1227.0	 1224.6	 0.1201	 8.6346	 100.00	1334.34
    705	4007fa	     45	    6.0	 1231.0	 1224.7	 0.1205	 8.5424	 100.00	1334.38
    706	4007fa	     45	    8.0	 1227.0	 1224.7	 0.1195	 2.3952	 100.00	1334.39
    707	4007fa	     45	   14.0	 1229.0	 1224.7	 0.1202	17.5960	 100.00	1334.44
    708	4007fa	     45	   10.0	 1227.0	 1224.7	 0.1208	 2.9709	 100.00	1334.48
    709	4007fa	     45	    6.0	 1231.0	 1224.7	 0.1196	 0.8605	 100.00	1334.52
    710	4007fa	     45	   10.0	 1229.0	 1224.7	 0.1203	19.7801	 100.00	1334.56
    711	4007fa	     45	    8.0	 1233.0	 1224.7	 0.1194	 5.6292	 100.00	1334.60
    712	4007fa	     45	   12.0	 1229.0	 1224.7	 0.1195	11.1852	 100.00	1334.62
    713	4007fa	     45	    6.0	 1229.0	 1224.7	 0.1182	 2.3577	 100.00	1334.66
    714	4007fa	     45	    8.0	 1229.0	 1224.7	 0.1181	10.3712	 100.00	1334.69
    715	4007fa	     45	    8.0	 1231.0	 1224.7	 0.1169	 4.1028	 100.00	1334.72
    716	4007fa	     45	   12.0	 1233.0	 1224.7	 0.1169	17.0361	 100.00	1334.73
    717	4007fa	     45	   14.0	 1229.0	 1224.7	 0.1178	17.6351	 100.00	1334.76
    718	4007fa	     45	    8.0	 1229.0	 1224.7	 0.1169	 3.1212	 100.00	1334.75
    719	4007fa	     45	    6.0	 1229.0	 1224.7	 0.1160	 9.4804	 100.00	1334.78
    720	4007fa	     45	   10.0	 1227.0	 1224.8	 0.1153	 3.7096	 100.00	1334.80
    721	4007fa	     45	    8.0	 1231.0	 1224.8	 0.1149	 3.9265	 100.00	1334.83
    722	4007fa	     45	   12.0	 1227.0	 1224.8	 0.1146	11.6290	 100.00	1334.85
    723	4007fa	     45	    6.0	 1231.0	 1224.8	 0.1133	 1.4884	 100.00	1334.88
    724	4007fa	     45	   10.0	 1229.0	 1224.8	 0.1126	 8.1324	 100.00	1334.88
    725	4007fa	     45	   10.0	 1235.0	 1224.8	 0.1113	 5.8935	 100.00	1334.91
    726	4007fa	     45	    8.0	 1231.0	 1224.8	 0.1105	 6.5758	 100.00	1334.92
    727	4007fa	     45	    6.0	 1235.0	 1224.8	 0.1106	16.9662	 100.00	1334.95
    728	4007fa	     45	   14.0	 1229.0	 1224.8	 0.1121	36.8739	 100.00	1334.97
    729	4007fa	     45	    6.0	 1229.0	 1224.8	 0.1112	 4.0460	 100.00	1335.01
    730	4007fa	     45	   12.0	 1231.0	 1224.8	 0.1107	 1.3172	 100.00	1335.02
    731	4007fa	     45	    6.0	 1231.0	 1224.8	 0.1103	 1.5764	 100.00	1335.07
    732	4007fa	     45	   10.0	 1233.0	 1224.9	 0.1109	24.6587	 100.00	1335.09
    733	4007fa	     45	   10.0	 1233.0	 1224.9	 0.1108	 7.3884	 100.00	1335.12
    734	4007fa	     45	   10.0	 1233.0	 1224.9	 0.1099	 2.6502	 100.00	1335.13
    735	4007fa	     45	    8.0	 1235.0	 1224.9	 0.1092	 4.8927	 100.00	1335.17
    736	4007fa	     45	    8.0	 1231.0	 1224.9	 0.1100	36.9357	 100.00	1335.17
    737	4007fa	     45	    6.0	 1235.0	 1224.9	 0.1092	 7.1251	 100.00	1335.19
    738	4007fa	     45	   20.0	 1223.0	 1224.9	 0.1115	38.1441	 100.00	1335.21
    739	4007fa	     45	    8.0	 1227.0	 1224.9	 0.1109	 4.2550	 100.00	1335.24
    740	4007fa	     45	   12.0	 1227.0	 1224.9	 0.1102	11.3204	 100.00	1335.25
    741	4007fa	     45	    6.0	 1231.0	 1224.9	 0.1094	 2.5599	 100.00	1335.28
    742	4007fa	     45	    8.0	 1227.0	 1224.9	 0.1087	 0.9467	 100.00	1335.28
    743	4007fa	     45	   12.0	 1231.0	 1224.9	 0.1085	 9.8891	 100.00	1335.34
    744	4007fa	     45	    8.0	 1227.0	 1224.9	 0.1083	 5.8315	 100.00	1335.33
    745	4007fa	     45	    8.0	 1229.0	 1224.9	 0.1073	 2.4414	 100.00	1335.38
    746	4007fa	     45	    8.0	 1229.0	 1224.9	 0.1064	 2.1481	 100.00	1335.38
    747	4007fa	     45	    6.0	 1229.0	 1225.0	 0.1056	 2.9583	 100.00	1335.38
    748	4007fa	     45	   18.0	 1229.0	 1225.0	 0.1063	27.0210	 100.00	1335.40
    749	4007fa	     45	    6.0	 1229.0	 1225.0	 0.1053	 0.9188	 100.00	1335.43
    750	4007fa	     45	    8.0	 1229.0	 1225.0	 0.1050	 1.0229	 100.00	1335.43
    751	4007fa	     45	    8.0	 1231.0	 1225.0	 0.1044	 8.9577	 100.00	1335.58
    752	4007fa	     45	    8.0	 1227.0	 1225.0	 0.1049	 6.9161	 100.00	1335.36
    753	4007fa	     45	   12.0	 1231.0	 1225.0	 0.1048	 5.8597	 100.00	1335.27
    754	4007fa	     45	    8.0	 1227.0	 1225.0	 0.1042	 1.1120	 100.00	1335.13
    755	4007fa	     45	    6.0	 1231.0	 1225.0	 0.1039	 1.3963	 100.00	1334.35
    756	400160	     45	    6.0	 1231.0	 1225.0	 0.1039	 1.3963	 100.00	1332.89
