./asc:main.c:294: warning: auxv random bytes were not cleared
  Round	    PC	Excited	Hamming	   Loss	 Regret	    MSE	  Error	   MIPS
      0	400144	     75	42310.0	42310.0	42310.0	 0.1984	 100.00	  37.56
      1	4007e8	     75	 1174.0	43480.0	21740.0	 0.1853	 100.00	 163.66
      2	4007e8	     83	   20.0	43480.0	14493.3	 0.2495	 100.00	 317.18
      3	4007e8	     87	   25.0	43485.0	10871.2	 0.2485	 100.00	 384.40
      4	4007e8	     89	   25.0	43480.0	17393.0	 0.2532	 100.00	 439.91
      5	4007e8	     89	   15.0	43495.0	21743.3	 0.2233	 100.00	 448.30
      6	4007e8	     91	   30.0	43485.0	24849.3	 0.2471	 100.00	 529.47
      7	4007e8	     91	   20.0	43495.0	27180.0	 0.2206	 100.00	 534.22
      8	4007e8	     91	   25.0	43480.0	28991.1	 0.2371	 100.00	 572.88
      9	4007e8	     91	   15.0	43485.0	30440.5	 0.1891	 100.00	 609.06
     10	4007e8	     91	   20.0	43495.0	31627.3	 0.1809	 100.00	 642.09
     11	4007e8	     93	   30.0	43485.0	32615.4	 0.2511	 100.00	 694.87
     12	4007e8	     93	   30.0	43485.0	33451.5	 0.2366	 100.00	 699.67
     13	4007e8	     93	   20.0	43485.0	34168.2	 0.2283	 100.00	 726.22
     14	4007e8	     93	   20.0	43495.0	34790.0	 0.1967	 100.00	 751.88
     15	4007e8	     93	   15.0	43500.0	35334.4	 0.1836	 100.00	 776.55
     16	4007e8	     93	   30.0	43480.0	35813.5	 0.1974	 100.00	 797.88
     17	4007e8	     93	   20.0	43490.0	36240.0	 0.1788	 100.00	 819.97
     18	4007e8	     93	   25.0	43485.0	36621.3	 0.1708	 100.00	 838.37
     19	4007e8	     93	   15.0	43500.0	36965.2	 0.1688	 100.00	 855.54
     20	4007e8	     93	   25.0	43495.0	37276.2	 0.1636	 100.00	 871.48
     21	4007e8	     95	   40.0	43485.0	37558.4	 0.2516	 100.00	 888.38
     22	4007e8	     95	   20.0	43485.0	37816.1	 0.2370	 100.00	 887.15
     23	4007e8	     95	   15.0	43500.0	38052.9	 0.2066	 100.00	 901.40
     24	4007e8	     95	   25.0	43485.0	38270.2	 0.2200	 100.00	 914.43
     25	4007e8	     95	   15.0	43490.0	38471.0	 0.1898	 100.00	 920.23
     26	4007e8	     95	   35.0	43485.0	38656.7	 0.1859	 100.00	 926.40
     27	4007e8	     95	   15.0	43490.0	38829.3	 0.1766	 100.00	 932.50
     28	4007e8	     95	   25.0	43495.0	38990.2	 0.1739	 100.00	 938.08
     29	4007e8	     95	   20.0	43495.0	39140.3	 0.1707	 100.00	 943.74
     30	4007e8	     95	   25.0	43500.0	39281.0	 0.1565	 100.00	 954.34
     31	4007e8	     95	   30.0	43490.0	39412.5	 0.1638	 100.00	 963.68
     32	4007e8	     95	   20.0	43480.0	39535.8	 0.1666	 100.00	 972.62
     33	4007e8	     95	   15.0	43495.0	39652.2	 0.1650	 100.00	 981.17
     34	4007e8	     95	   25.0	43490.0	39761.9	 0.1605	 100.00	 989.29
     35	4007e8	     95	   20.0	43500.0	39865.7	 0.1538	 100.00	 997.00
     36	4007e8	     95	   35.0	43485.0	39963.5	 0.1583	 100.00	1004.53
     37	4007e8	     95	   15.0	43500.0	40056.6	 0.1567	 100.00	1011.87
     38	4007e8	     95	   20.0	43500.0	40144.9	 0.1546	 100.00	1018.84
     39	4007e8	     95	   25.0	43505.0	40228.9	 0.1555	 100.00	1025.51
     40	4007e8	     95	   20.0	43495.0	40308.5	 0.1572	 100.00	1031.90
     41	4007e8	     97	   40.0	43475.0	40383.9	 0.2484	 100.00	1035.44
     42	4007e8	     97	   20.0	43485.0	40456.0	 0.2456	 100.00	1033.29
     43	4007e8	     97	   15.0	43490.0	40525.0	 0.2209	 100.00	1039.53
     44	4007e8	     97	   35.0	43485.0	40590.8	 0.2017	 100.00	1045.16
     45	4007e8	     97	   15.0	43490.0	40653.8	 0.1925	 100.00	1050.55
     46	4007e8	     97	   20.0	43500.0	40714.4	 0.1740	 100.00	1055.96
     47	4007e8	     97	   25.0	43495.0	40772.3	 0.1823	 100.00	1059.04
     48	4007e8	     97	   20.0	43485.0	40827.7	 0.1927	 100.00	1062.38
     49	4007e8	     97	   25.0	43490.0	40880.9	 0.1876	 100.00	1065.47
     50	4007e8	     97	   20.0	43490.0	40932.1	 0.1793	 100.00	1068.52
     51	4007e8	     97	   15.0	43505.0	40981.5	 0.1696	 100.00	1071.45
     52	4007e8	     97	   40.0	43485.0	41028.8	 0.1808	 100.00	1075.23
     53	4007e8	     97	   20.0	43495.0	41074.4	 0.1756	 100.00	1079.44
     54	4007e8	     97	   25.0	43490.0	41118.4	 0.1724	 100.00	1083.56
     55	4007e8	     97	   15.0	43505.0	41161.0	 0.1691	 100.00	1087.66
     56	4007e8	     97	   20.0	43495.0	41201.9	 0.1674	 100.00	1091.41
     57	4007e8	     97	   25.0	43490.0	41241.4	 0.1664	 100.00	1095.30
     58	4007e8	     97	   25.0	43495.0	41279.6	 0.1629	 100.00	1098.92
     59	4007e8	     97	   20.0	43495.0	41316.5	 0.1592	 100.00	1102.54
     60	4007e8	     97	   25.0	43500.0	41352.3	 0.1616	 100.00	1105.95
     61	4007e8	     97	   15.0	43505.0	41387.0	 0.1607	 100.00	1109.51
     62	4007e8	     97	   45.0	43490.0	41420.4	 0.1674	 100.00	1112.79
     63	4007e8	     97	   15.0	43495.0	41452.8	 0.1637	 100.00	1116.09
     64	4007e8	     97	   25.0	43480.0	41484.0	 0.1644	 100.00	1119.20
     65	4007e8	     97	   15.0	43495.0	41514.5	 0.1648	 100.00	1122.37
     66	4007e8	     97	   20.0	43495.0	41544.0	 0.1610	 100.00	1125.54
     67	4007e8	     97	   30.0	43495.0	41572.7	 0.1619	 100.00	1128.63
     68	4007e8	     97	   25.0	43490.0	41600.5	 0.1613	 100.00	1131.61
     69	4007e8	     97	   15.0	43505.0	41627.7	 0.1617	 100.00	1134.57
     70	4007e8	     97	   25.0	43500.0	41654.1	 0.1598	 100.00	1137.34
     71	4007e8	     97	   20.0	43510.0	41679.9	 0.1569	 100.00	1140.21
     72	4007e8	     97	   35.0	43485.0	41704.6	 0.1619	 100.00	1142.89
     73	4007e8	     97	   15.0	43490.0	41728.7	 0.1591	 100.00	1145.57
     74	4007e8	     97	   20.0	43500.0	41752.3	 0.1592	 100.00	1148.11
     75	4007e8	     97	   20.0	43500.0	41775.3	 0.1569	 100.00	1150.58
     76	4007e8	     97	   30.0	43500.0	41797.7	 0.1568	 100.00	1152.89
     77	4007e8	     97	   25.0	43495.0	41819.5	 0.1567	 100.00	1155.25
     78	4007e8	     97	   20.0	43505.0	41840.8	 0.1557	 100.00	1157.52
     79	4007e8	     97	   15.0	43510.0	41861.7	 0.1544	 100.00	1159.92
     80	4007e8	     97	   25.0	43495.0	41881.9	 0.1553	 100.00	1162.02
     81	4007e8	     97	   20.0	43505.0	41901.6	 0.1536	 100.00	1164.24
     82	4007e8	     99	   50.0	43475.0	41920.6	 0.2520	 100.00	1164.03
     83	4007e8	     99	   15.0	43490.0	41939.3	 0.2537	 100.00	1162.12
     84	4007e8	     99	   25.0	43485.0	41957.5	 0.2719	 100.00	1164.47
     85	4007e8	     99	   25.0	43490.0	41975.3	 0.2277	 100.00	1166.56
     86	4007e8	     99	   20.0	43490.0	41992.7	 0.2036	 100.00	1168.59
     87	4007e8	     99	   15.0	43505.0	42009.9	 0.1932	 100.00	1170.47
     88	4007e8	     99	   30.0	43485.0	42026.5	 0.2051	 100.00	1172.47
     89	4007e8	     99	   15.0	43490.0	42042.7	 0.1863	 100.00	1174.39
     90	4007e8	     99	   30.0	43490.0	42058.6	 0.1785	 100.00	1176.32
     91	4007e8	     99	   15.0	43495.0	42074.2	 0.1663	 100.00	1178.14
     92	4007e8	     99	   25.0	43500.0	42089.6	 0.1665	 100.00	1179.99
     93	4007e8	     99	   30.0	43490.0	42104.5	 0.1731	 100.00	1181.69
     94	4007e8	     99	   25.0	43495.0	42119.1	 0.1705	 100.00	1183.51
     95	4007e8	     99	   20.0	43495.0	42133.4	 0.1651	 100.00	1185.21
     96	4007e8	     99	   20.0	43485.0	42147.4	 0.1653	 100.00	1186.90
     97	4007e8	     99	   15.0	43500.0	42161.2	 0.1667	 100.00	1188.55
     98	4007e8	     99	   30.0	43490.0	42174.6	 0.1679	 100.00	1190.22
     99	4007e8	     99	   20.0	43500.0	42187.8	 0.1641	 100.00	1191.20
    100	4007e8	     99	   30.0	43490.0	42200.7	 0.1635	 100.00	1191.85
    101	4007e8	     99	   15.0	43505.0	42213.5	 0.1601	 100.00	1192.37
    102	4007e8	     99	   20.0	43505.0	42226.1	 0.1596	 100.00	1192.88
    103	4007e8	     99	   40.0	43495.0	42238.3	 0.1623	 100.00	1193.42
    104	4007e8	     99	   20.0	43485.0	42250.1	 0.1655	 100.00	1194.05
    105	4007e8	     99	   20.0	43485.0	42261.8	 0.1628	 100.00	1195.49
    106	4007e8	     99	   20.0	43495.0	42273.3	 0.1628	 100.00	1197.07
    107	4007e8	     99	   15.0	43500.0	42284.7	 0.1584	 100.00	1198.48
    108	4007e8	     99	   40.0	43490.0	42295.7	 0.1609	 100.00	1200.01
    109	4007e8	     99	   15.0	43495.0	42306.6	 0.1587	 100.00	1201.27
    110	4007e8	     99	   20.0	43505.0	42317.4	 0.1586	 100.00	1202.70
    111	4007e8	     99	   20.0	43505.0	42328.0	 0.1573	 100.00	1203.90
    112	4007e8	     99	   20.0	43495.0	42338.4	 0.1575	 100.00	1205.30
    113	4007e8	     99	   35.0	43490.0	42348.5	 0.1590	 100.00	1206.55
    114	4007e8	     99	   20.0	43490.0	42358.4	 0.1568	 100.00	1207.82
    115	4007e8	     99	   15.0	43505.0	42368.3	 0.1549	 100.00	1209.09
    116	4007e8	     99	   30.0	43495.0	42377.9	 0.1558	 100.00	1210.31
    117	4007e8	     99	   20.0	43505.0	42387.5	 0.1541	 100.00	1211.54
    118	4007e8	     99	   30.0	43495.0	42396.8	 0.1527	 100.00	1212.69
    119	4007e8	     99	   15.0	43510.0	42406.0	 0.1534	 100.00	1213.88
    120	4007e8	     99	   20.0	43500.0	42415.1	 0.1551	 100.00	1215.08
    121	4007e8	     99	   20.0	43500.0	42424.0	 0.1540	 100.00	1216.24
    122	4007e8	     99	   25.0	43505.0	42432.8	 0.1526	 100.00	1217.33
    123	4007e8	     99	   40.0	43485.0	42441.2	 0.1553	 100.00	1218.47
    124	4007e8	     99	   25.0	43490.0	42449.6	 0.1568	 100.00	1219.57
    125	4007e8	     99	   15.0	43495.0	42457.9	 0.1555	 100.00	1220.66
    126	4007e8	     99	   30.0	43495.0	42466.1	 0.1547	 100.00	1221.74
    127	4007e8	     99	   15.0	43500.0	42474.2	 0.1534	 100.00	1222.83
    128	4007e8	     99	   30.0	43480.0	42482.0	 0.1557	 100.00	1223.85
    129	4007e8	     99	   15.0	43495.0	42489.8	 0.1548	 100.00	1224.90
    130	4007e8	     99	   20.0	43495.0	42497.4	 0.1534	 100.00	1225.92
    131	4007e8	     99	   25.0	43500.0	42505.0	 0.1532	 100.00	1227.23
    132	4007e8	     99	   25.0	43495.0	42512.5	 0.1516	 100.00	1228.26
    133	4007e8	     99	   15.0	43510.0	42519.9	 0.1513	 100.00	1229.30
    134	4007e8	     99	   35.0	43495.0	42527.1	 0.1512	 100.00	1230.22
    135	4007e8	     99	   20.0	43505.0	42534.3	 0.1502	 100.00	1231.18
    136	4007e8	     99	   25.0	43490.0	42541.3	 0.1506	 100.00	1232.15
    137	4007e8	     99	   15.0	43495.0	42548.2	 0.1492	 100.00	1233.11
    138	4007e8	     99	   20.0	43505.0	42555.1	 0.1484	 100.00	1234.04
    139	4007e8	     99	   25.0	43500.0	42561.9	 0.1493	 100.00	1234.98
    140	4007e8	     99	   30.0	43500.0	42568.5	 0.1481	 100.00	1235.77
    141	4007e8	     99	   20.0	43500.0	42575.1	 0.1487	 100.00	1236.67
    142	4007e8	     99	   20.0	43510.0	42581.6	 0.1479	 100.00	1237.57
    143	4007e8	     99	   15.0	43515.0	42588.1	 0.1470	 100.00	1238.46
    144	4007e8	     99	   40.0	43485.0	42594.3	 0.1505	 100.00	1239.33
    145	4007e8	     99	   20.0	43495.0	42600.4	 0.1498	 100.00	1240.43
    146	4007e8	     99	   25.0	43490.0	42606.5	 0.1483	 100.00	1241.24
    147	4007e8	     99	   15.0	43505.0	42612.6	 0.1480	 100.00	1242.04
    148	4007e8	     99	   25.0	43500.0	42618.5	 0.1477	 100.00	1242.85
    149	4007e8	     99	   30.0	43500.0	42624.4	 0.1481	 100.00	1243.68
    150	4007e8	     99	   20.0	43500.0	42630.2	 0.1471	 100.00	1244.50
    151	4007e8	     99	   15.0	43515.0	42636.0	 0.1471	 100.00	1245.33
    152	4007e8	     99	   25.0	43500.0	42641.7	 0.1476	 100.00	1246.05
    153	4007e8	     99	   15.0	43505.0	42647.3	 0.1464	 100.00	1246.87
    154	4007e8	     99	   40.0	43495.0	42652.7	 0.1470	 100.00	1247.62
    155	4007e8	     99	   15.0	43500.0	42658.2	 0.1466	 100.00	1248.47
    156	4007e8	     99	   25.0	43505.0	42663.6	 0.1468	 100.00	1249.22
    157	4007e8	     99	   20.0	43505.0	42668.9	 0.1472	 100.00	1250.01
    158	4007e8	     99	   25.0	43510.0	42674.2	 0.1469	 100.00	1250.72
    159	4007e8	     99	   25.0	43505.0	42679.4	 0.1465	 100.00	1251.49
    160	4007e8	     99	   20.0	43495.0	42684.4	 0.1478	 100.00	1252.25
    161	4007e8	     99	   15.0	43510.0	42689.5	 0.1482	 100.00	1252.99
    162	4007e8	     99	   25.0	43505.0	42694.5	 0.1475	 100.00	1253.64
    163	4007e8	     99	   20.0	43515.0	42699.5	 0.1466	 100.00	1254.32
    164	4007e8	    101	   60.0	43475.0	42704.2	 0.2519	 100.00	1252.98
    165	4007e8	    101	   15.0	43490.0	42709.0	 0.2628	 100.00	1251.74
    166	4007e8	    101	   20.0	43490.0	42713.7	 0.3163	 100.00	1252.47
    167	4007e8	    101	   25.0	43495.0	42718.3	 0.2601	 100.00	1253.11
    168	4007e8	    101	   20.0	43485.0	42722.8	 0.2473	 100.00	1253.21
    169	4007e8	    101	   25.0	43480.0	42727.3	 0.2293	 100.00	1253.63
    170	4007e8	    101	   20.0	43490.0	42731.8	 0.2208	 100.00	1254.01
    171	4007e8	    101	   15.0	43495.0	42736.2	 0.1969	 100.00	1254.49
    172	4007e8	    101	   35.0	43490.0	42740.5	 0.1944	 100.00	1254.98
    173	4007e8	    101	   15.0	43495.0	42744.9	 0.1802	 100.00	1255.52
    174	4007e8	    101	   20.0	43505.0	42749.2	 0.1756	 100.00	1255.98
    175	4007e8	    101	   30.0	43495.0	42753.5	 0.1774	 100.00	1256.40
    176	4007e8	    101	   20.0	43485.0	42757.6	 0.1779	 100.00	1256.87
    177	4007e8	    101	   25.0	43490.0	42761.7	 0.1763	 100.00	1257.33
    178	4007e8	    101	   20.0	43490.0	42765.8	 0.1687	 100.00	1257.79
    179	4007e8	    101	   15.0	43505.0	42769.9	 0.1651	 100.00	1258.24
    180	4007e8	    101	   35.0	43490.0	42773.9	 0.1674	 100.00	1258.70
    181	4007e8	    101	   20.0	43500.0	42777.9	 0.1627	 100.00	1259.07
    182	4007e8	    101	   25.0	43495.0	42781.8	 0.1588	 100.00	1259.53
    183	4007e8	    101	   15.0	43510.0	42785.7	 0.1568	 100.00	1259.97
    184	4007e8	    101	   20.0	43500.0	42789.6	 0.1566	 100.00	1260.46
    185	4007e8	    101	   35.0	43485.0	42793.3	 0.1665	 100.00	1260.85
    186	4007e8	    101	   25.0	43490.0	42797.1	 0.1668	 100.00	1261.27
    187	4007e8	    101	   20.0	43490.0	42800.7	 0.1635	 100.00	1261.60
    188	4007e8	    101	   25.0	43495.0	42804.4	 0.1636	 100.00	1261.98
    189	4007e8	    101	   15.0	43500.0	42808.1	 0.1601	 100.00	1262.40
    190	4007e8	    101	   35.0	43495.0	42811.7	 0.1597	 100.00	1262.79
    191	4007e8	    101	   15.0	43500.0	42815.3	 0.1563	 100.00	1263.14
    192	4007e8	    101	   25.0	43485.0	42818.7	 0.1561	 100.00	1263.56
    193	4007e8	    101	   15.0	43500.0	42822.2	 0.1566	 100.00	1263.90
    194	4007e8	    101	   20.0	43500.0	42825.7	 0.1545	 100.00	1264.32
    195	4007e8	    101	   35.0	43495.0	42829.1	 0.1567	 100.00	1264.71
    196	4007e8	    101	   25.0	43490.0	42832.5	 0.1563	 100.00	1265.11
    197	4007e8	    101	   15.0	43505.0	42835.9	 0.1555	 100.00	1265.48
    198	4007e8	    101	   25.0	43500.0	42839.2	 0.1535	 100.00	1265.87
    199	4007e8	    101	   20.0	43510.0	42842.6	 0.1520	 100.00	1266.21
    200	4007e8	    101	   30.0	43490.0	42845.8	 0.1543	 100.00	1266.57
    201	4007e8	    101	   15.0	43495.0	42849.0	 0.1522	 100.00	1266.90
    202	4007e8	    101	   20.0	43505.0	42852.2	 0.1514	 100.00	1267.25
    203	4007e8	    101	   20.0	43505.0	42855.4	 0.1502	 100.00	1267.54
    204	4007e8	    101	   30.0	43505.0	42858.6	 0.1491	 100.00	1267.89
    205	4007e8	    101	   40.0	43485.0	42861.7	 0.1530	 100.00	1268.16
    206	4007e8	    101	   20.0	43495.0	42864.7	 0.1527	 100.00	1268.51
    207	4007e8	    101	   15.0	43500.0	42867.8	 0.1510	 100.00	1268.78
    208	4007e8	    101	   25.0	43485.0	42870.7	 0.1517	 100.00	1269.07
    209	4007e8	    101	   20.0	43495.0	42873.7	 0.1505	 100.00	1269.39
    210	4007e8	    101	   30.0	43485.0	42876.6	 0.1506	 100.00	1269.64
    211	4007e8	    101	   15.0	43500.0	42879.5	 0.1502	 100.00	1269.95
    212	4007e8	    101	   25.0	43495.0	42882.4	 0.1506	 100.00	1270.24
    213	4007e8	    101	   25.0	43500.0	42885.3	 0.1502	 100.00	1270.53
    214	4007e8	    101	   20.0	43500.0	42888.2	 0.1484	 100.00	1270.84
    215	4007e8	    101	   15.0	43515.0	42891.1	 0.1481	 100.00	1271.17
    216	4007e8	    101	   35.0	43490.0	42893.8	 0.1506	 100.00	1271.37
    217	4007e8	    101	   15.0	43495.0	42896.6	 0.1496	 100.00	1271.67
    218	4007e8	    101	   30.0	43495.0	42899.3	 0.1492	 100.00	1271.94
    219	4007e8	    101	   15.0	43500.0	42902.0	 0.1474	 100.00	1272.24
    220	4007e8	    101	   25.0	43505.0	42904.8	 0.1475	 100.00	1272.53
    221	4007e8	    101	   25.0	43500.0	42907.5	 0.1483	 100.00	1272.85
    222	4007e8	    101	   25.0	43505.0	42910.1	 0.1473	 100.00	1273.07
    223	4007e8	    101	   20.0	43505.0	42912.8	 0.1466	 100.00	1273.38
    224	4007e8	    101	   20.0	43495.0	42915.4	 0.1469	 100.00	1273.65
    225	4007e8	    101	   15.0	43510.0	42918.0	 0.1461	 100.00	1273.95
    226	4007e8	    101	   40.0	43490.0	42920.5	 0.1479	 100.00	1274.23
    227	4007e8	    101	   20.0	43500.0	42923.1	 0.1470	 100.00	1274.48
    228	4007e8	    101	   30.0	43490.0	42925.5	 0.1470	 100.00	1274.65
    229	4007e8	    101	   15.0	43505.0	42928.1	 0.1463	 100.00	1274.94
    230	4007e8	    101	   20.0	43505.0	42930.6	 0.1448	 100.00	1275.20
    231	4007e8	    101	   30.0	43505.0	42933.0	 0.1454	 100.00	1275.49
    232	4007e8	    101	   20.0	43495.0	42935.5	 0.1456	 100.00	1275.73
    233	4007e8	    101	   20.0	43495.0	42937.8	 0.1450	 100.00	1276.01
    234	4007e8	    101	   20.0	43505.0	42940.3	 0.1448	 100.00	1276.20
    235	4007e8	    101	   15.0	43510.0	42942.7	 0.1439	 100.00	1276.48
    236	4007e8	    101	   45.0	43495.0	42945.0	 0.1452	 100.00	1276.70
    237	4007e8	    101	   15.0	43500.0	42947.3	 0.1444	 100.00	1276.82
    238	4007e8	    101	   20.0	43510.0	42949.7	 0.1440	 100.00	1277.05
    239	4007e8	    101	   20.0	43510.0	42952.0	 0.1432	 100.00	1277.25
    240	4007e8	    101	   20.0	43500.0	42954.3	 0.1432	 100.00	1277.48
    241	4007e8	    101	   30.0	43500.0	42956.5	 0.1433	 100.00	1277.74
    242	4007e8	    101	   20.0	43500.0	42958.8	 0.1425	 100.00	1277.98
    243	4007e8	    101	   15.0	43515.0	42961.1	 0.1419	 100.00	1278.21
    244	4007e8	    101	   30.0	43505.0	42963.3	 0.1415	 100.00	1278.44
    245	4007e8	    101	   20.0	43515.0	42965.5	 0.1401	 100.00	1278.62
    246	4007e8	    101	   50.0	43485.0	42967.6	 0.1422	 100.00	1278.88
    247	4007e8	    101	   15.0	43500.0	42969.8	 0.1412	 100.00	1279.11
    248	4007e8	    101	   20.0	43490.0	42971.9	 0.1408	 100.00	1279.37
    249	4007e8	    101	   20.0	43490.0	42973.9	 0.1403	 100.00	1279.62
    250	4007e8	    101	   25.0	43495.0	42976.0	 0.1400	 100.00	1279.87
    251	4007e8	    101	   25.0	43490.0	42978.1	 0.1398	 100.00	1280.06
    252	4007e8	    101	   25.0	43495.0	42980.1	 0.1397	 100.00	1280.29
    253	4007e8	    101	   15.0	43500.0	42982.1	 0.1393	 100.00	1280.53
    254	4007e8	    101	   30.0	43500.0	42984.2	 0.1393	 100.00	1280.83
    255	4007e8	    101	   15.0	43505.0	42986.2	 0.1381	 100.00	1281.10
    256	4007e8	    101	   35.0	43480.0	42988.1	 0.1394	 100.00	1281.32
    257	4007e8	    101	   15.0	43495.0	42990.1	 0.1385	 100.00	1281.48
    258	4007e8	    101	   20.0	43495.0	42992.0	 0.1377	 100.00	1281.69
    259	4007e8	    101	   25.0	43500.0	42994.0	 0.1370	 100.00	1281.91
    260	4007e8	    101	   25.0	43495.0	42995.9	 0.1360	 100.00	1282.13
    261	4007e8	    101	   15.0	43510.0	42997.9	 0.1353	 100.00	1282.35
    262	4007e8	    101	   30.0	43500.0	42999.8	 0.1351	 100.00	1282.58
    263	4007e8	    101	   20.0	43510.0	43001.7	 0.1343	 100.00	1282.74
    264	4007e8	    101	   25.0	43495.0	43003.6	 0.1343	 100.00	1282.95
    265	4007e8	    101	   15.0	43500.0	43005.5	 0.1335	 100.00	1283.16
    266	4007e8	    101	   20.0	43510.0	43007.3	 0.1334	 100.00	1283.40
    267	4007e8	    101	   35.0	43495.0	43009.2	 0.1342	 100.00	1283.59
    268	4007e8	    101	   30.0	43495.0	43011.0	 0.1341	 100.00	1283.74
    269	4007e8	    101	   20.0	43495.0	43012.8	 0.1334	 100.00	1283.95
    270	4007e8	    101	   20.0	43505.0	43014.6	 0.1328	 100.00	1284.11
    271	4007e8	    101	   15.0	43510.0	43016.4	 0.1321	 100.00	1284.32
    272	4007e8	    101	   30.0	43490.0	43018.1	 0.1332	 100.00	1284.51
    273	4007e8	    101	   20.0	43500.0	43019.9	 0.1324	 100.00	1284.74
    274	4007e8	    101	   25.0	43495.0	43021.6	 0.1322	 100.00	1284.88
    275	4007e8	    101	   15.0	43510.0	43023.4	 0.1317	 100.00	1285.11
    276	4007e8	    101	   25.0	43505.0	43025.1	 0.1314	 100.00	1285.29
    277	4007e8	    101	   35.0	43500.0	43026.8	 0.1318	 100.00	1285.51
    278	4007e8	    101	   20.0	43500.0	43028.5	 0.1309	 100.00	1285.68
    279	4007e8	    101	   15.0	43515.0	43030.3	 0.1303	 100.00	1285.89
    280	4007e8	    101	   25.0	43500.0	43031.9	 0.1303	 100.00	1286.00
    281	4007e8	    101	   15.0	43505.0	43033.6	 0.1297	 100.00	1286.20
    282	4007e8	    101	   35.0	43500.0	43035.3	 0.1299	 100.00	1286.32
    283	4007e8	    101	   15.0	43505.0	43036.9	 0.1294	 100.00	1286.48
    284	4007e8	    101	   25.0	43510.0	43038.6	 0.1293	 100.00	1286.63
    285	4007e8	    101	   20.0	43510.0	43040.2	 0.1293	 100.00	1286.81
    286	4007e8	    101	   25.0	43515.0	43041.9	 0.1290	 100.00	1286.94
    287	4007e8	    101	   40.0	43495.0	43043.5	 0.1299	 100.00	1287.14
    288	4007e8	    101	   20.0	43485.0	43045.0	 0.1299	 100.00	1287.24
    289	4007e8	    101	   15.0	43500.0	43046.6	 0.1298	 100.00	1287.43
    290	4007e8	    101	   25.0	43495.0	43048.1	 0.1294	 100.00	1287.58
    291	4007e8	    101	   20.0	43505.0	43049.7	 0.1289	 100.00	1287.76
    292	4007e8	    101	   35.0	43490.0	43051.2	 0.1285	 100.00	1287.87
    293	4007e8	    101	   15.0	43505.0	43052.7	 0.1284	 100.00	1288.06
    294	4007e8	    101	   20.0	43505.0	43054.2	 0.1280	 100.00	1288.23
    295	4007e8	    101	   25.0	43510.0	43055.8	 0.1276	 100.00	1288.43
    296	4007e8	    101	   20.0	43500.0	43057.3	 0.1273	 100.00	1288.49
    297	4007e8	    101	   30.0	43490.0	43058.7	 0.1275	 100.00	1288.62
    298	4007e8	    101	   20.0	43500.0	43060.2	 0.1273	 100.00	1288.79
    299	4007e8	    101	   15.0	43505.0	43061.7	 0.1266	 100.00	1288.97
    300	4007e8	    101	   35.0	43500.0	43063.1	 0.1267	 100.00	1289.15
    301	4007e8	    101	   15.0	43505.0	43064.6	 0.1264	 100.00	1289.32
    302	4007e8	    101	   20.0	43515.0	43066.1	 0.1257	 100.00	1289.50
    303	4007e8	    101	   25.0	43510.0	43067.5	 0.1256	 100.00	1289.63
    304	4007e8	    101	   20.0	43500.0	43069.0	 0.1260	 100.00	1289.79
    305	4007e8	    101	   25.0	43505.0	43070.4	 0.1256	 100.00	1289.94
    306	4007e8	    101	   20.0	43505.0	43071.8	 0.1253	 100.00	1290.11
    307	4007e8	    101	   15.0	43520.0	43073.3	 0.1249	 100.00	1290.12
    308	4007e8	    101	   45.0	43495.0	43074.6	 0.1260	 100.00	1290.31
    309	4007e8	    101	   20.0	43505.0	43076.0	 0.1256	 100.00	1290.48
    310	4007e8	    101	   25.0	43500.0	43077.4	 0.1253	 100.00	1290.63
    311	4007e8	    101	   15.0	43515.0	43078.8	 0.1254	 100.00	1290.75
    312	4007e8	    101	   20.0	43505.0	43080.1	 0.1256	 100.00	1290.93
    313	4007e8	    101	   25.0	43500.0	43081.5	 0.1255	 100.00	1291.08
    314	4007e8	    101	   25.0	43505.0	43082.8	 0.1252	 100.00	1291.25
    315	4007e8	    101	   20.0	43505.0	43084.2	 0.1251	 100.00	1291.38
    316	4007e8	    101	   25.0	43510.0	43085.5	 0.1251	 100.00	1291.53
    317	4007e8	    101	   15.0	43515.0	43086.9	 0.1247	 100.00	1291.68
    318	4007e8	    101	   40.0	43505.0	43088.2	 0.1252	 100.00	1291.88
    319	4007e8	    101	   15.0	43510.0	43089.5	 0.1250	 100.00	1292.08
    320	4007e8	    101	   25.0	43495.0	43090.7	 0.1251	 100.00	1292.28
    321	4007e8	    101	   15.0	43510.0	43092.0	 0.1247	 100.00	1292.41
    322	4007e8	    101	   20.0	43510.0	43093.3	 0.1241	 100.00	1292.60
    323	4007e8	    101	   30.0	43510.0	43094.6	 0.1244	 100.00	1292.76
    324	4007e8	    101	   25.0	43505.0	43095.9	 0.1243	 100.00	1292.90
    325	4007e8	    101	   15.0	43520.0	43097.2	 0.1237	 100.00	1293.05
    326	4007e8	    101	   25.0	43515.0	43098.5	 0.1233	 100.00	1293.25
    327	4007e8	    101	   20.0	43525.0	43099.8	 0.1228	 100.00	1293.35
    328	4007e8	    103	   60.0	43475.0	43100.9	 0.2515	 100.00	1291.73
    329	4007e8	    103	   15.0	43480.0	43102.1	 0.2696	 100.00	1291.20
    330	4007e8	    103	   20.0	43490.0	43103.2	 0.2776	 100.00	1291.33
    331	4007e8	    103	   20.0	43490.0	43104.4	 0.2261	 100.00	1291.49
    332	4007e8	    103	   30.0	43490.0	43105.6	 0.2100	 100.00	1291.57
    333	4007e8	    103	   25.0	43485.0	43106.7	 0.1907	 100.00	1291.73
    334	4007e8	    103	   20.0	43495.0	43107.9	 0.1901	 100.00	1291.85
    335	4007e8	    103	   15.0	43500.0	43109.0	 0.1734	 100.00	1291.98
    336	4007e8	    103	   25.0	43485.0	43110.1	 0.1701	 100.00	1292.13
    337	4007e8	    103	   20.0	43495.0	43111.3	 0.1667	 100.00	1292.33
    338	4007e8	    103	   35.0	43480.0	43112.4	 0.1668	 100.00	1292.43
    339	4007e8	    103	   15.0	43495.0	43113.5	 0.1676	 100.00	1292.59
    340	4007e8	    103	   25.0	43490.0	43114.6	 0.1618	 100.00	1292.71
    341	4007e8	    103	   25.0	43495.0	43115.7	 0.1584	 100.00	1292.87
    342	4007e8	    103	   20.0	43495.0	43116.8	 0.1511	 100.00	1293.02
    343	4007e8	    103	   15.0	43510.0	43118.0	 0.1490	 100.00	1293.14
    344	4007e8	    103	   30.0	43490.0	43119.0	 0.1540	 100.00	1293.28
    345	4007e8	    103	   15.0	43495.0	43120.1	 0.1514	 100.00	1293.43
    346	4007e8	    103	   30.0	43495.0	43121.2	 0.1505	 100.00	1293.58
    347	4007e8	    103	   15.0	43500.0	43122.3	 0.1454	 100.00	1293.73
    348	4007e8	    103	   25.0	43505.0	43123.4	 0.1468	 100.00	1293.87
    349	4007e8	    103	   35.0	43490.0	43124.4	 0.1512	 100.00	1294.00
    350	4007e8	    103	   25.0	43495.0	43125.5	 0.1491	 100.00	1294.10
    351	4007e8	    103	   20.0	43495.0	43126.5	 0.1476	 100.00	1294.23
    352	4007e8	    103	   20.0	43485.0	43127.5	 0.1476	 100.00	1294.37
    353	4007e8	    103	   15.0	43500.0	43128.6	 0.1485	 100.00	1294.48
    354	4007e8	    103	   30.0	43490.0	43129.6	 0.1484	 100.00	1294.62
    355	4007e8	    103	   20.0	43500.0	43130.7	 0.1451	 100.00	1294.77
    356	4007e8	    103	   30.0	43490.0	43131.7	 0.1456	 100.00	1294.91
    357	4007e8	    103	   15.0	43505.0	43132.7	 0.1444	 100.00	1295.02
    358	4007e8	    103	   20.0	43505.0	43133.7	 0.1422	 100.00	1295.16
    359	4007e8	    103	   35.0	43500.0	43134.8	 0.1444	 100.00	1295.30
    360	4007e8	    103	   20.0	43490.0	43135.7	 0.1452	 100.00	1295.41
    361	4007e8	    103	   20.0	43490.0	43136.7	 0.1433	 100.00	1295.52
    362	4007e8	    103	   20.0	43500.0	43137.7	 0.1434	 100.00	1295.64
    363	4007e8	    103	   15.0	43505.0	43138.7	 0.1409	 100.00	1295.76
    364	4007e8	    103	   40.0	43495.0	43139.7	 0.1410	 100.00	1295.90
    365	4007e8	    103	   15.0	43500.0	43140.7	 0.1393	 100.00	1296.01
    366	4007e8	    103	   20.0	43510.0	43141.7	 0.1391	 100.00	1296.13
    367	4007e8	    103	   20.0	43510.0	43142.7	 0.1373	 100.00	1296.22
    368	4007e8	    103	   20.0	43500.0	43143.7	 0.1377	 100.00	1296.35
    369	4007e8	    103	   45.0	43485.0	43144.6	 0.1421	 100.00	1296.46
    370	4007e8	    103	   20.0	43485.0	43145.5	 0.1415	 100.00	1296.59
    371	4007e8	    103	   15.0	43500.0	43146.5	 0.1416	 100.00	1296.71
    372	4007e8	    103	   30.0	43490.0	43147.4	 0.1411	 100.00	1296.86
    373	4007e8	    103	   20.0	43500.0	43148.3	 0.1403	 100.00	1296.92
    374	4007e8	    103	   30.0	43490.0	43149.2	 0.1404	 100.00	1297.03
    375	4007e8	    103	   15.0	43505.0	43150.2	 0.1400	 100.00	1297.20
    376	4007e8	    103	   20.0	43495.0	43151.1	 0.1402	 100.00	1297.33
    377	4007e8	    103	   20.0	43495.0	43152.0	 0.1396	 100.00	1297.46
    378	4007e8	    103	   25.0	43500.0	43152.9	 0.1388	 100.00	1297.57
    379	4007e8	    103	   30.0	43490.0	43153.8	 0.1393	 100.00	1297.70
    380	4007e8	    103	   25.0	43495.0	43154.7	 0.1405	 100.00	1297.81
    381	4007e8	    103	   15.0	43500.0	43155.6	 0.1389	 100.00	1297.93
    382	4007e8	    103	   30.0	43500.0	43156.5	 0.1385	 100.00	1298.04
    383	4007e8	    103	   15.0	43505.0	43157.4	 0.1370	 100.00	1298.17
    384	4007e8	    103	   30.0	43485.0	43158.3	 0.1375	 100.00	1298.25
    385	4007e8	    103	   15.0	43500.0	43159.2	 0.1387	 100.00	1298.39
    386	4007e8	    103	   20.0	43500.0	43160.0	 0.1386	 100.00	1298.48
    387	4007e8	    103	   25.0	43505.0	43160.9	 0.1380	 100.00	1298.61
    388	4007e8	    103	   25.0	43500.0	43161.8	 0.1377	 100.00	1298.72
    389	4007e8	    103	   15.0	43515.0	43162.7	 0.1376	 100.00	1298.85
    390	4007e8	    103	   40.0	43495.0	43163.6	 0.1394	 100.00	1298.95
    391	4007e8	    103	   20.0	43505.0	43164.4	 0.1409	 100.00	1299.09
    392	4007e8	    103	   25.0	43490.0	43165.3	 0.1415	 100.00	1299.19
    393	4007e8	    103	   15.0	43495.0	43166.1	 0.1399	 100.00	1299.32
    394	4007e8	    103	   20.0	43505.0	43166.9	 0.1400	 100.00	1299.42
    395	4007e8	    103	   25.0	43500.0	43167.8	 0.1396	 100.00	1299.56
    396	4007e8	    103	   30.0	43500.0	43168.6	 0.1396	 100.00	1299.64
    397	4007e8	    103	   20.0	43500.0	43169.5	 0.1394	 100.00	1299.77
    398	4007e8	    103	   20.0	43510.0	43170.3	 0.1391	 100.00	1299.87
    399	4007e8	    103	   15.0	43515.0	43171.2	 0.1383	 100.00	1299.99
    400	4007e8	    103	   35.0	43490.0	43172.0	 0.1404	 100.00	1300.09
    401	4007e8	    103	   20.0	43500.0	43172.8	 0.1398	 100.00	1300.22
    402	4007e8	    103	   25.0	43495.0	43173.6	 0.1390	 100.00	1300.29
    403	4007e8	    103	   15.0	43510.0	43174.4	 0.1394	 100.00	1300.41
    404	4007e8	    103	   25.0	43505.0	43175.2	 0.1391	 100.00	1300.50
    405	4007e8	    103	   30.0	43505.0	43176.0	 0.1396	 100.00	1300.62
    406	4007e8	    103	   20.0	43505.0	43176.9	 0.1395	 100.00	1300.73
    407	4007e8	    103	   15.0	43520.0	43177.7	 0.1391	 100.00	1300.84
    408	4007e8	    103	   25.0	43505.0	43178.5	 0.1396	 100.00	1300.92
    409	4007e8	    103	   15.0	43510.0	43179.3	 0.1397	 100.00	1301.06
    410	4007e8	    103	   55.0	43485.0	43180.0	 0.1418	 100.00	1301.16
    411	4007e8	    103	   15.0	43490.0	43180.8	 0.1405	 100.00	1301.27
    412	4007e8	    103	   25.0	43495.0	43181.6	 0.1409	 100.00	1301.39
    413	4007e8	    103	   20.0	43495.0	43182.3	 0.1400	 100.00	1301.43
    414	4007e8	    103	   25.0	43500.0	43183.1	 0.1392	 100.00	1301.55
    415	4007e8	    103	   25.0	43495.0	43183.8	 0.1392	 100.00	1301.65
    416	4007e8	    103	   20.0	43485.0	43184.6	 0.1391	 100.00	1301.75
    417	4007e8	    103	   15.0	43500.0	43185.3	 0.1394	 100.00	1301.85
    418	4007e8	    103	   25.0	43495.0	43186.1	 0.1388	 100.00	1301.95
    419	4007e8	    103	   20.0	43505.0	43186.8	 0.1378	 100.00	1302.02
    420	4007e8	    103	   40.0	43485.0	43187.5	 0.1390	 100.00	1302.11
    421	4007e8	    103	   15.0	43500.0	43188.3	 0.1387	 100.00	1302.18
    422	4007e8	    103	   20.0	43500.0	43189.0	 0.1378	 100.00	1302.27
    423	4007e8	    103	   25.0	43505.0	43189.7	 0.1377	 100.00	1302.34
    424	4007e8	    103	   20.0	43495.0	43190.5	 0.1379	 100.00	1302.43
    425	4007e8	    103	   25.0	43490.0	43191.2	 0.1378	 100.00	1302.53
    426	4007e8	    103	   20.0	43500.0	43191.9	 0.1381	 100.00	1302.63
    427	4007e8	    103	   15.0	43505.0	43192.6	 0.1373	 100.00	1302.72
    428	4007e8	    103	   35.0	43500.0	43193.3	 0.1366	 100.00	1302.81
    429	4007e8	    103	   15.0	43505.0	43194.1	 0.1355	 100.00	1302.90
    430	4007e8	    103	   20.0	43515.0	43194.8	 0.1354	 100.00	1303.00
    431	4007e8	    103	   35.0	43500.0	43195.5	 0.1359	 100.00	1303.06
    432	4007e8	    103	   20.0	43490.0	43196.2	 0.1362	 100.00	1303.15
    433	4007e8	    103	   25.0	43495.0	43196.9	 0.1358	 100.00	1303.23
    434	4007e8	    103	   20.0	43495.0	43197.6	 0.1351	 100.00	1303.31
    435	4007e8	    103	   15.0	43510.0	43198.3	 0.1347	 100.00	1303.39
    436	4007e8	    103	   35.0	43495.0	43199.0	 0.1353	 100.00	1303.47
    437	4007e8	    103	   20.0	43505.0	43199.7	 0.1349	 100.00	1303.53
    438	4007e8	    103	   25.0	43500.0	43200.3	 0.1340	 100.00	1303.61
    439	4007e8	    103	   15.0	43515.0	43201.1	 0.1334	 100.00	1303.70
    440	4007e8	    103	   20.0	43505.0	43201.7	 0.1336	 100.00	1303.78
    441	4007e8	    103	   30.0	43495.0	43202.4	 0.1338	 100.00	1303.86
    442	4007e8	    103	   25.0	43500.0	43203.1	 0.1335	 100.00	1303.95
    443	4007e8	    103	   20.0	43500.0	43203.8	 0.1332	 100.00	1304.00
    444	4007e8	    103	   25.0	43505.0	43204.4	 0.1331	 100.00	1304.08
    445	4007e8	    103	   15.0	43510.0	43205.1	 0.1329	 100.00	1304.17
    446	4007e8	    103	   35.0	43505.0	43205.8	 0.1331	 100.00	1304.29
    447	4007e8	    103	   15.0	43510.0	43206.5	 0.1323	 100.00	1304.42
    448	4007e8	    103	   25.0	43495.0	43207.1	 0.1322	 100.00	1304.51
    449	4007e8	    103	   15.0	43510.0	43207.8	 0.1321	 100.00	1304.61
    450	4007e8	    103	   20.0	43510.0	43208.4	 0.1315	 100.00	1304.67
    451	4007e8	    103	   45.0	43495.0	43209.1	 0.1328	 100.00	1304.77
    452	4007e8	    103	   25.0	43490.0	43209.7	 0.1321	 100.00	1304.88
    453	4007e8	    103	   15.0	43505.0	43210.4	 0.1318	 100.00	1305.00
    454	4007e8	    103	   25.0	43500.0	43211.0	 0.1312	 100.00	1305.07
    455	4007e8	    103	   20.0	43510.0	43211.6	 0.1304	 100.00	1305.16
    456	4007e8	    103	   30.0	43490.0	43212.3	 0.1304	 100.00	1305.22
    457	4007e8	    103	   15.0	43495.0	43212.9	 0.1294	 100.00	1305.31
    458	4007e8	    103	   20.0	43505.0	43213.5	 0.1297	 100.00	1305.38
    459	4007e8	    103	   20.0	43505.0	43214.1	 0.1292	 100.00	1305.46
    460	4007e8	    103	   30.0	43505.0	43214.8	 0.1288	 100.00	1305.49
    461	4007e8	    103	   30.0	43495.0	43215.4	 0.1288	 100.00	1305.58
    462	4007e8	    103	   20.0	43505.0	43216.0	 0.1289	 100.00	1305.64
    463	4007e8	    103	   15.0	43510.0	43216.6	 0.1282	 100.00	1305.73
    464	4007e8	    103	   25.0	43495.0	43217.2	 0.1283	 100.00	1305.81
    465	4007e8	    103	   20.0	43505.0	43217.9	 0.1277	 100.00	1305.89
    466	4007e8	    103	   30.0	43495.0	43218.4	 0.1275	 100.00	1305.93
    467	4007e8	    103	   15.0	43510.0	43219.1	 0.1271	 100.00	1306.01
    468	4007e8	    103	   25.0	43505.0	43219.7	 0.1267	 100.00	1306.07
    469	4007e8	    103	   25.0	43510.0	43220.3	 0.1264	 100.00	1306.16
    470	4007e8	    103	   20.0	43510.0	43220.9	 0.1262	 100.00	1306.23
    471	4007e8	    103	   15.0	43525.0	43221.6	 0.1259	 100.00	1306.32
    472	4007e8	    103	   40.0	43495.0	43222.1	 0.1269	 100.00	1306.35
    473	4007e8	    103	   15.0	43500.0	43222.7	 0.1261	 100.00	1306.43
    474	4007e8	    103	   30.0	43500.0	43223.3	 0.1256	 100.00	1306.46
    475	4007e8	    103	   15.0	43505.0	43223.9	 0.1251	 100.00	1306.56
    476	4007e8	    103	   25.0	43510.0	43224.5	 0.1250	 100.00	1306.60
    477	4007e8	    103	   25.0	43505.0	43225.1	 0.1250	 100.00	1306.64
    478	4007e8	    103	   25.0	43510.0	43225.7	 0.1246	 100.00	1306.70
    479	4007e8	    103	   20.0	43510.0	43226.3	 0.1243	 100.00	1306.77
    480	4007e8	    103	   20.0	43500.0	43226.8	 0.1242	 100.00	1306.83
    481	4007e8	    103	   15.0	43515.0	43227.4	 0.1240	 100.00	1306.90
    482	4007e8	    103	   35.0	43500.0	43228.0	 0.1246	 100.00	1306.97
    483	4007e8	    103	   20.0	43510.0	43228.6	 0.1242	 100.00	1307.00
    484	4007e8	    103	   30.0	43500.0	43229.1	 0.1240	 100.00	1307.06
    485	4007e8	    103	   15.0	43515.0	43229.7	 0.1236	 100.00	1307.11
    486	4007e8	    103	   20.0	43515.0	43230.3	 0.1233	 100.00	1307.18
    487	4007e8	    103	   30.0	43515.0	43230.9	 0.1234	 100.00	1307.24
    488	4007e8	    103	   20.0	43505.0	43231.5	 0.1231	 100.00	1307.31
    489	4007e8	    103	   20.0	43505.0	43232.0	 0.1227	 100.00	1307.39
    490	4007e8	    103	   20.0	43515.0	43232.6	 0.1228	 100.00	1307.46
    491	4007e8	    103	   15.0	43520.0	43233.2	 0.1224	 100.00	1307.50
    492	4007e8	    103	   65.0	43485.0	43233.7	 0.1239	 100.00	1307.56
    493	4007e8	    103	   15.0	43490.0	43234.2	 0.1233	 100.00	1307.61
    494	4007e8	    103	   20.0	43500.0	43234.7	 0.1241	 100.00	1307.67
    495	4007e8	    103	   20.0	43500.0	43235.3	 0.1238	 100.00	1307.68
    496	4007e8	    103	   20.0	43490.0	43235.8	 0.1239	 100.00	1307.74
    497	4007e8	    103	   30.0	43490.0	43236.3	 0.1236	 100.00	1307.79
    498	4007e8	    103	   20.0	43490.0	43236.8	 0.1230	 100.00	1307.85
    499	4007e8	    103	   15.0	43505.0	43237.3	 0.1228	 100.00	1307.90
    500	4007e8	    103	   30.0	43495.0	43237.9	 0.1225	 100.00	1307.96
    501	4007e8	    103	   20.0	43505.0	43238.4	 0.1222	 100.00	1307.99
    502	4007e8	    103	   35.0	43490.0	43238.9	 0.1224	 100.00	1308.05
    503	4007e8	    103	   15.0	43505.0	43239.4	 0.1221	 100.00	1308.10
    504	4007e8	    103	   20.0	43495.0	43239.9	 0.1219	 100.00	1308.19
    505	4007e8	    103	   20.0	43495.0	43240.4	 0.1215	 100.00	1308.24
    506	4007e8	    103	   25.0	43500.0	43240.9	 0.1214	 100.00	1308.27
    507	4007e8	    103	   25.0	43495.0	43241.4	 0.1213	 100.00	1308.33
    508	4007e8	    103	   25.0	43500.0	43242.0	 0.1212	 100.00	1308.38
    509	4007e8	    103	   15.0	43505.0	43242.5	 0.1206	 100.00	1308.44
    510	4007e8	    103	   30.0	43505.0	43243.0	 0.1203	 100.00	1308.49
    511	4007e8	    103	   15.0	43510.0	43243.5	 0.1198	 100.00	1308.56
    512	4007e8	    103	   40.0	43480.0	43244.0	 0.1207	 100.00	1308.60
    513	4007e8	    103	   15.0	43495.0	43244.5	 0.1205	 100.00	1308.66
    514	4007e8	    103	   20.0	43495.0	43244.9	 0.1202	 100.00	1308.69
    515	4007e8	    103	   25.0	43500.0	43245.4	 0.1200	 100.00	1308.76
    516	4007e8	    103	   25.0	43495.0	43245.9	 0.1198	 100.00	1308.79
    517	4007e8	    103	   15.0	43510.0	43246.4	 0.1195	 100.00	1308.86
    518	4007e8	    103	   30.0	43500.0	43246.9	 0.1196	 100.00	1308.91
    519	4007e8	    103	   20.0	43510.0	43247.4	 0.1192	 100.00	1308.98
    520	4007e8	    103	   25.0	43495.0	43247.9	 0.1193	 100.00	1309.02
    521	4007e8	    103	   15.0	43500.0	43248.4	 0.1190	 100.00	1309.08
    522	4007e8	    103	   20.0	43510.0	43248.9	 0.1194	 100.00	1309.14
    523	4007e8	    103	   30.0	43500.0	43249.4	 0.1194	 100.00	1309.21
    524	4007e8	    103	   30.0	43500.0	43249.8	 0.1192	 100.00	1309.23
    525	4007e8	    103	   20.0	43500.0	43250.3	 0.1187	 100.00	1309.29
    526	4007e8	    103	   20.0	43510.0	43250.8	 0.1185	 100.00	1309.32
    527	4007e8	    103	   15.0	43515.0	43251.3	 0.1180	 100.00	1309.39
    528	4007e8	    103	   30.0	43495.0	43251.8	 0.1181	 100.00	1309.44
    529	4007e8	    103	   20.0	43505.0	43252.2	 0.1177	 100.00	1309.50
    530	4007e8	    103	   25.0	43500.0	43252.7	 0.1174	 100.00	1309.52
    531	4007e8	    103	   15.0	43515.0	43253.2	 0.1170	 100.00	1309.57
    532	4007e8	    103	   25.0	43510.0	43253.7	 0.1168	 100.00	1309.63
    533	4007e8	    103	   45.0	43495.0	43254.1	 0.1175	 100.00	1309.70
    534	4007e8	    103	   20.0	43495.0	43254.6	 0.1172	 100.00	1309.73
    535	4007e8	    103	   15.0	43510.0	43255.1	 0.1171	 100.00	1309.77
    536	4007e8	    103	   25.0	43495.0	43255.5	 0.1171	 100.00	1309.82
    537	4007e8	    103	   15.0	43500.0	43256.0	 0.1167	 100.00	1309.87
    538	4007e8	    103	   35.0	43495.0	43256.4	 0.1168	 100.00	1309.89
    539	4007e8	    103	   15.0	43500.0	43256.9	 0.1163	 100.00	1309.96
    540	4007e8	    103	   25.0	43505.0	43257.3	 0.1165	 100.00	1310.04
    541	4007e8	    103	   20.0	43505.0	43257.8	 0.1161	 100.00	1310.07
    542	4007e8	    103	   25.0	43510.0	43258.2	 0.1156	 100.00	1310.13
    543	4007e8	    103	   30.0	43500.0	43258.7	 0.1157	 100.00	1310.17
    544	4007e8	    103	   20.0	43490.0	43259.1	 0.1158	 100.00	1310.23
    545	4007e8	    103	   15.0	43505.0	43259.6	 0.1156	 100.00	1310.28
    546	4007e8	    103	   25.0	43500.0	43260.0	 0.1153	 100.00	1310.34
    547	4007e8	    103	   20.0	43510.0	43260.5	 0.1150	 100.00	1310.37
    548	4007e8	    103	   35.0	43495.0	43260.9	 0.1149	 100.00	1310.43
    549	4007e8	    103	   15.0	43510.0	43261.3	 0.1145	 100.00	1310.46
    550	4007e8	    103	   20.0	43510.0	43261.8	 0.1141	 100.00	1310.53
    551	4007e8	    103	   25.0	43515.0	43262.2	 0.1139	 100.00	1310.59
    552	4007e8	    103	   20.0	43505.0	43262.7	 0.1137	 100.00	1310.65
    553	4007e8	    103	   35.0	43490.0	43263.1	 0.1139	 100.00	1310.69
    554	4007e8	    103	   20.0	43500.0	43263.5	 0.1138	 100.00	1310.75
    555	4007e8	    103	   15.0	43505.0	43264.0	 0.1134	 100.00	1310.81
    556	4007e8	    103	   35.0	43500.0	43264.4	 0.1132	 100.00	1310.86
    557	4007e8	    103	   15.0	43505.0	43264.8	 0.1128	 100.00	1310.92
    558	4007e8	    103	   20.0	43515.0	43265.3	 0.1127	 100.00	1310.98
    559	4007e8	    103	   25.0	43510.0	43265.7	 0.1126	 100.00	1311.02
    560	4007e8	    103	   20.0	43500.0	43266.1	 0.1127	 100.00	1311.06
    561	4007e8	    103	   25.0	43505.0	43266.5	 0.1124	 100.00	1311.10
    562	4007e8	    103	   20.0	43505.0	43267.0	 0.1121	 100.00	1311.15
    563	4007e8	    103	   15.0	43520.0	43267.4	 0.1121	 100.00	1311.20
    564	4007e8	    103	   40.0	43500.0	43267.8	 0.1125	 100.00	1311.29
    565	4007e8	    103	   20.0	43510.0	43268.3	 0.1121	 100.00	1311.35
    566	4007e8	    103	   25.0	43505.0	43268.7	 0.1119	 100.00	1311.45
    567	4007e8	    103	   15.0	43520.0	43269.1	 0.1116	 100.00	1311.51
    568	4007e8	    103	   20.0	43510.0	43269.5	 0.1117	 100.00	1311.57
    569	4007e8	    103	   25.0	43505.0	43269.9	 0.1115	 100.00	1311.65
    570	4007e8	    103	   25.0	43510.0	43270.4	 0.1113	 100.00	1311.68
    571	4007e8	    103	   20.0	43510.0	43270.8	 0.1112	 100.00	1311.73
    572	4007e8	    103	   25.0	43515.0	43271.2	 0.1111	 100.00	1311.75
    573	4007e8	    103	   15.0	43520.0	43271.6	 0.1109	 100.00	1311.80
    574	4007e8	    103	   55.0	43495.0	43272.0	 0.1117	 100.00	1311.84
    575	4007e8	    103	   15.0	43500.0	43272.4	 0.1113	 100.00	1311.89
    576	4007e8	    103	   25.0	43485.0	43272.8	 0.1114	 100.00	1311.91
    577	4007e8	    103	   15.0	43500.0	43273.2	 0.1111	 100.00	1311.95
    578	4007e8	    103	   20.0	43500.0	43273.6	 0.1107	 100.00	1311.98
    579	4007e8	    103	   30.0	43500.0	43274.0	 0.1106	 100.00	1312.03
    580	4007e8	    103	   25.0	43495.0	43274.4	 0.1103	 100.00	1312.07
    581	4007e8	    103	   15.0	43510.0	43274.8	 0.1102	 100.00	1312.12
    582	4007e8	    103	   25.0	43505.0	43275.2	 0.1102	 100.00	1312.13
    583	4007e8	    103	   20.0	43515.0	43275.6	 0.1100	 100.00	1312.18
    584	4007e8	    103	   35.0	43490.0	43275.9	 0.1102	 100.00	1312.21
    585	4007e8	    103	   15.0	43495.0	43276.3	 0.1098	 100.00	1312.26
    586	4007e8	    103	   20.0	43505.0	43276.7	 0.1098	 100.00	1312.29
    587	4007e8	    103	   20.0	43505.0	43277.1	 0.1095	 100.00	1312.34
    588	4007e8	    103	   30.0	43505.0	43277.5	 0.1092	 100.00	1312.35
    589	4007e8	    103	   25.0	43500.0	43277.8	 0.1090	 100.00	1312.40
    590	4007e8	    103	   20.0	43510.0	43278.2	 0.1088	 100.00	1312.42
    591	4007e8	    103	   15.0	43515.0	43278.6	 0.1086	 100.00	1312.48
    592	4007e8	    103	   25.0	43500.0	43279.0	 0.1084	 100.00	1312.52
    593	4007e8	    103	   20.0	43510.0	43279.4	 0.1082	 100.00	1312.57
    594	4007e8	    103	   40.0	43490.0	43279.8	 0.1087	 100.00	1312.59
    595	4007e8	    103	   15.0	43505.0	43280.1	 0.1085	 100.00	1312.71
    596	4007e8	    103	   25.0	43500.0	43280.5	 0.1084	 100.00	1312.85
    597	4007e8	    103	   25.0	43505.0	43280.9	 0.1082	 100.00	1312.90
    598	4007e8	    103	   20.0	43505.0	43281.3	 0.1079	 100.00	1312.91
    599	4007e8	    103	   15.0	43520.0	43281.7	 0.1078	 100.00	1312.93
    600	4007e8	    103	   30.0	43500.0	43282.0	 0.1078	 100.00	1312.96
    601	4007e8	    103	   15.0	43505.0	43282.4	 0.1076	 100.00	1312.99
    602	4007e8	    103	   30.0	43505.0	43282.8	 0.1076	 100.00	1313.03
    603	4007e8	    103	   15.0	43510.0	43283.1	 0.1072	 100.00	1313.07
    604	4007e8	    103	   25.0	43515.0	43283.5	 0.1071	 100.00	1313.12
    605	4007e8	    103	   30.0	43505.0	43283.9	 0.1071	 100.00	1313.16
    606	4007e8	    103	   25.0	43510.0	43284.3	 0.1069	 100.00	1313.19
    607	4007e8	    103	   20.0	43510.0	43284.6	 0.1067	 100.00	1313.23
    608	4007e8	    103	   20.0	43500.0	43285.0	 0.1067	 100.00	1313.27
    609	4007e8	    103	   15.0	43515.0	43285.4	 0.1067	 100.00	1313.29
    610	4007e8	    103	   30.0	43505.0	43285.7	 0.1065	 100.00	1313.32
    611	4007e8	    103	   20.0	43515.0	43286.1	 0.1062	 100.00	1313.38
    612	4007e8	    103	   30.0	43505.0	43286.4	 0.1061	 100.00	1313.44
    613	4007e8	    103	   15.0	43520.0	43286.8	 0.1058	 100.00	1313.47
    614	4007e8	    103	   20.0	43520.0	43287.2	 0.1056	 100.00	1313.52
    615	4007e8	    103	   45.0	43505.0	43287.6	 0.1062	 100.00	1313.56
    616	4007e8	    103	   20.0	43495.0	43287.9	 0.1060	 100.00	1313.60
    617	4007e8	    103	   20.0	43495.0	43288.2	 0.1057	 100.00	1313.63
    618	4007e8	    103	   20.0	43505.0	43288.6	 0.1058	 100.00	1313.69
    619	4007e8	    103	   15.0	43510.0	43288.9	 0.1057	 100.00	1313.72
    620	4007e8	    103	   40.0	43500.0	43289.3	 0.1055	 100.00	1313.76
    621	4007e8	    103	   15.0	43505.0	43289.6	 0.1052	 100.00	1313.80
    622	4007e8	    103	   20.0	43515.0	43290.0	 0.1051	 100.00	1313.85
    623	4007e8	    103	   20.0	43515.0	43290.3	 0.1050	 100.00	1313.86
    624	4007e8	    103	   20.0	43505.0	43290.7	 0.1051	 100.00	1313.91
    625	4007e8	    103	   35.0	43500.0	43291.0	 0.1051	 100.00	1313.95
    626	4007e8	    103	   20.0	43500.0	43291.4	 0.1048	 100.00	1313.99
    627	4007e8	    103	   15.0	43515.0	43291.7	 0.1048	 100.00	1314.04
    628	4007e8	    103	   30.0	43505.0	43292.1	 0.1047	 100.00	1314.09
    629	4007e8	    103	   20.0	43515.0	43292.4	 0.1045	 100.00	1314.19
    630	4007e8	    103	   30.0	43505.0	43292.7	 0.1043	 100.00	1314.22
    631	4007e8	    103	   15.0	43520.0	43293.1	 0.1041	 100.00	1314.27
    632	4007e8	    103	   20.0	43510.0	43293.4	 0.1041	 100.00	1314.31
    633	4007e8	    103	   20.0	43510.0	43293.8	 0.1041	 100.00	1314.36
    634	4007e8	    103	   25.0	43515.0	43294.1	 0.1039	 100.00	1314.39
    635	4007e8	    103	   35.0	43500.0	43294.5	 0.1042	 100.00	1314.43
    636	4007e8	    103	   25.0	43505.0	43294.8	 0.1041	 100.00	1314.47
    637	4007e8	    103	   15.0	43510.0	43295.1	 0.1038	 100.00	1314.53
    638	4007e8	    103	   30.0	43510.0	43295.5	 0.1036	 100.00	1314.57
    639	4007e8	    103	   15.0	43515.0	43295.8	 0.1034	 100.00	1314.62
    640	4007e8	    103	   30.0	43495.0	43296.1	 0.1034	 100.00	1314.62
    641	4007e8	    103	   15.0	43510.0	43296.4	 0.1031	 100.00	1314.66
    642	4007e8	    103	   20.0	43510.0	43296.8	 0.1031	 100.00	1314.69
    643	4007e8	    103	   25.0	43515.0	43297.1	 0.1031	 100.00	1314.74
    644	4007e8	    103	   25.0	43510.0	43297.4	 0.1029	 100.00	1314.78
    645	4007e8	    103	   15.0	43525.0	43297.8	 0.1028	 100.00	1314.80
    646	4007e8	    103	   35.0	43510.0	43298.1	 0.1028	 100.00	1314.82
    647	4007e8	    103	   20.0	43520.0	43298.5	 0.1027	 100.00	1314.87
    648	4007e8	    103	   25.0	43505.0	43298.8	 0.1025	 100.00	1314.90
    649	4007e8	    103	   15.0	43510.0	43299.1	 0.1023	 100.00	1314.95
    650	4007e8	    103	   20.0	43520.0	43299.5	 0.1022	 100.00	1314.98
    651	4007e8	    103	   25.0	43515.0	43299.8	 0.1020	 100.00	1315.03
    652	4007e8	    103	   30.0	43515.0	43300.1	 0.1021	 100.00	1315.04
    653	4007e8	    103	   20.0	43515.0	43300.4	 0.1021	 100.00	1315.08
    654	4007e8	    103	   20.0	43525.0	43300.8	 0.1020	 100.00	1315.11
    655	4007e8	    103	   15.0	43530.0	43301.1	 0.1018	 100.00	1315.16
    656	4007e8	    105	   65.0	43475.0	43301.4	 0.2513	 100.00	1314.11
    657	4007e8	    105	   20.0	43485.0	43301.7	 0.2771	 100.00	1313.82
    658	4007e8	    105	   25.0	43480.0	43301.9	 0.3327	 100.00	1313.89
    659	4007e8	    105	   15.0	43495.0	43302.2	 0.2614	 100.00	1313.88
    660	4007e8	    105	   25.0	43490.0	43302.5	 0.2375	 100.00	1313.94
    661	4007e8	    105	   30.0	43490.0	43302.8	 0.2144	 100.00	1313.99
    662	4007e8	    105	   20.0	43490.0	43303.1	 0.1975	 100.00	1314.04
    663	4007e8	    105	   15.0	43505.0	43303.4	 0.1788	 100.00	1314.07
    664	4007e8	    105	   25.0	43490.0	43303.7	 0.1853	 100.00	1314.13
    665	4007e8	    105	   15.0	43495.0	43304.0	 0.1795	 100.00	1314.18
    666	4007e8	    105	   40.0	43485.0	43304.2	 0.1793	 100.00	1314.23
    667	4007e8	    105	   15.0	43490.0	43304.5	 0.1748	 100.00	1314.27
    668	4007e8	    105	   25.0	43495.0	43304.8	 0.1755	 100.00	1314.32
    669	4007e8	    105	   20.0	43495.0	43305.1	 0.1701	 100.00	1314.35
    670	4007e8	    105	   25.0	43500.0	43305.4	 0.1650	 100.00	1314.42
    671	4007e8	    105	   25.0	43495.0	43305.7	 0.1628	 100.00	1314.46
    672	4007e8	    105	   20.0	43485.0	43305.9	 0.1613	 100.00	1314.51
    673	4007e8	    105	   15.0	43500.0	43306.2	 0.1618	 100.00	1314.57
    674	4007e8	    105	   25.0	43495.0	43306.5	 0.1575	 100.00	1314.60
    675	4007e8	    105	   20.0	43505.0	43306.8	 0.1555	 100.00	1314.65
    676	4007e8	    105	   45.0	43480.0	43307.0	 0.1597	 100.00	1314.69
    677	4007e8	    105	   15.0	43495.0	43307.3	 0.1610	 100.00	1314.74
    678	4007e8	    105	   20.0	43495.0	43307.6	 0.1562	 100.00	1314.77
    679	4007e8	    105	   25.0	43500.0	43307.9	 0.1548	 100.00	1314.82
    680	4007e8	    105	   20.0	43490.0	43308.1	 0.1544	 100.00	1314.85
    681	4007e8	    105	   25.0	43485.0	43308.4	 0.1541	 100.00	1314.88
    682	4007e8	    105	   20.0	43495.0	43308.7	 0.1536	 100.00	1314.90
    683	4007e8	    105	   15.0	43500.0	43309.0	 0.1498	 100.00	1314.96
    684	4007e8	    105	   35.0	43495.0	43309.2	 0.1502	 100.00	1315.00
    685	4007e8	    105	   15.0	43500.0	43309.5	 0.1468	 100.00	1315.07
    686	4007e8	    105	   20.0	43510.0	43309.8	 0.1457	 100.00	1315.10
    687	4007e8	    105	   30.0	43500.0	43310.1	 0.1482	 100.00	1315.16
    688	4007e8	    105	   20.0	43490.0	43310.3	 0.1489	 100.00	1315.21
    689	4007e8	    105	   25.0	43495.0	43310.6	 0.1483	 100.00	1315.28
    690	4007e8	    105	   20.0	43495.0	43310.9	 0.1457	 100.00	1315.33
    691	4007e8	    105	   15.0	43510.0	43311.2	 0.1451	 100.00	1315.41
    692	4007e8	    105	   35.0	43495.0	43311.4	 0.1465	 100.00	1315.51
    693	4007e8	    105	   20.0	43505.0	43311.7	 0.1441	 100.00	1315.58
    694	4007e8	    105	   25.0	43500.0	43312.0	 0.1421	 100.00	1315.62
    695	4007e8	    105	   15.0	43515.0	43312.3	 0.1427	 100.00	1315.68
    696	4007e8	    105	   20.0	43505.0	43312.5	 0.1436	 100.00	1315.73
    697	4007e8	    105	   40.0	43485.0	43312.8	 0.1470	 100.00	1315.79
    698	4007e8	    105	   25.0	43490.0	43313.0	 0.1451	 100.00	1315.83
    699	4007e8	    105	   20.0	43490.0	43313.3	 0.1435	 100.00	1315.88
    700	4007e8	    105	   25.0	43495.0	43313.6	 0.1445	 100.00	1315.91
    701	4007e8	    105	   15.0	43500.0	43313.8	 0.1425	 100.00	1315.96
    702	4007e8	    105	   35.0	43495.0	43314.1	 0.1427	 100.00	1315.99
    703	4007e8	    105	   15.0	43500.0	43314.3	 0.1414	 100.00	1316.03
    704	4007e8	    105	   25.0	43485.0	43314.6	 0.1415	 100.00	1316.05
    705	4007e8	    105	   15.0	43500.0	43314.8	 0.1427	 100.00	1316.09
    706	4007e8	    105	   20.0	43500.0	43315.1	 0.1409	 100.00	1316.12
    707	4007e8	    105	   35.0	43495.0	43315.4	 0.1421	 100.00	1316.17
    708	4007e8	    105	   25.0	43490.0	43315.6	 0.1406	 100.00	1316.21
    709	4007e8	    105	   15.0	43505.0	43315.9	 0.1408	 100.00	1316.27
    710	4007e8	    105	   25.0	43500.0	43316.1	 0.1400	 100.00	1316.28
    711	4007e8	    105	   20.0	43510.0	43316.4	 0.1385	 100.00	1316.31
    712	4007e8	    105	   30.0	43490.0	43316.6	 0.1380	 100.00	1316.35
    713	4007e8	    105	   15.0	43495.0	43316.9	 0.1363	 100.00	1316.39
    714	4007e8	    105	   20.0	43505.0	43317.2	 0.1364	 100.00	1316.43
    715	4007e8	    105	   20.0	43505.0	43317.4	 0.1358	 100.00	1316.45
    716	4007e8	    105	   30.0	43505.0	43317.7	 0.1352	 100.00	1316.48
    717	4007e8	    105	   35.0	43490.0	43317.9	 0.1367	 100.00	1316.52
    718	4007e8	    105	   20.0	43500.0	43318.2	 0.1378	 100.00	1316.55
    719	4007e8	    105	   15.0	43505.0	43318.4	 0.1374	 100.00	1316.59
    720	4007e8	    105	   25.0	43490.0	43318.7	 0.1379	 100.00	1316.62
    721	4007e8	    105	   20.0	43500.0	43318.9	 0.1369	 100.00	1316.63
    722	4007e8	    105	   30.0	43490.0	43319.2	 0.1369	 100.00	1316.66
    723	4007e8	    105	   15.0	43505.0	43319.4	 0.1365	 100.00	1316.69
    724	4007e8	    105	   25.0	43500.0	43319.7	 0.1365	 100.00	1316.72
    725	4007e8	    105	   25.0	43505.0	43319.9	 0.1358	 100.00	1316.76
    726	4007e8	    105	   20.0	43505.0	43320.2	 0.1344	 100.00	1316.80
    727	4007e8	    105	   15.0	43520.0	43320.5	 0.1343	 100.00	1316.82
    728	4007e8	    105	   35.0	43495.0	43320.7	 0.1363	 100.00	1316.85
    729	4007e8	    105	   15.0	43500.0	43320.9	 0.1373	 100.00	1316.88
    730	4007e8	    105	   30.0	43500.0	43321.2	 0.1372	 100.00	1316.93
    731	4007e8	    105	   15.0	43505.0	43321.4	 0.1360	 100.00	1316.96
    732	4007e8	    105	   25.0	43510.0	43321.7	 0.1364	 100.00	1317.01
    733	4007e8	    105	   25.0	43505.0	43321.9	 0.1372	 100.00	1317.03
    734	4007e8	    105	   25.0	43510.0	43322.2	 0.1362	 100.00	1317.07
    735	4007e8	    105	   20.0	43510.0	43322.5	 0.1357	 100.00	1317.11
    736	4007e8	    105	   20.0	43500.0	43322.7	 0.1362	 100.00	1317.15
    737	4007e8	    105	   15.0	43515.0	43323.0	 0.1361	 100.00	1317.18
    738	4007e8	    105	   50.0	43485.0	43323.2	 0.1381	 100.00	1317.22
    739	4007e8	    105	   20.0	43495.0	43323.4	 0.1378	 100.00	1317.25
    740	4007e8	    105	   30.0	43485.0	43323.6	 0.1368	 100.00	1317.29
    741	4007e8	    105	   15.0	43500.0	43323.9	 0.1367	 100.00	1317.32
    742	4007e8	    105	   20.0	43500.0	43324.1	 0.1358	 100.00	1317.35
    743	4007e8	    105	   30.0	43500.0	43324.3	 0.1357	 100.00	1317.39
    744	4007e8	    105	   20.0	43490.0	43324.6	 0.1353	 100.00	1317.41
    745	4007e8	    105	   20.0	43490.0	43324.8	 0.1353	 100.00	1317.45
    746	4007e8	    105	   20.0	43500.0	43325.0	 0.1347	 100.00	1317.48
    747	4007e8	    105	   15.0	43505.0	43325.3	 0.1344	 100.00	1317.53
    748	4007e8	    105	   45.0	43490.0	43325.5	 0.1351	 100.00	1317.55
    749	4007e8	    105	   15.0	43495.0	43325.7	 0.1349	 100.00	1317.59
    750	4007e8	    105	   20.0	43505.0	43325.9	 0.1348	 100.00	1317.60
    751	4007e8	    105	   20.0	43505.0	43326.2	 0.1345	 100.00	1317.64
    752	4007e8	    105	   20.0	43495.0	43326.4	 0.1350	 100.00	1317.67
    753	4007e8	    105	   30.0	43495.0	43326.6	 0.1351	 100.00	1317.71
    754	4007e8	    105	   20.0	43495.0	43326.8	 0.1344	 100.00	1317.74
    755	4007e8	    105	   15.0	43510.0	43327.1	 0.1338	 100.00	1317.11
