./asc:main.c:225: warning: auxv random bytes were not cleared
  Round	    PC	Excited	Hamming	   Loss	 Regret	    MSE	Logloss	 Misses	   MIPS
      0	400144	     30	    0.0	42317.0	42317.0	 0.0000	    inf	 100.00	0.00010
      1	4007f2	     30	    0.0	 1295.0	  647.5	 0.0000	    inf	 100.00	 217.81
./asc:main.c:284: warning: worker pid `12540' SIGSEGV: bad speculation?
      2	4007f2	     34	    8.0	 1223.0	  407.7	 0.2495	26.7924	 100.00	 457.87
      3	4007f2	     36	   10.0	 1229.0	  307.2	 0.2528	28.8668	 100.00	 558.07
      4	4007f2	     37	   10.0	 1227.0	  491.2	 0.2476	28.8330	 100.00	 623.70
      5	4007f2	     37	    6.0	 1231.0	  614.5	 0.2334	22.8456	 100.00	 643.17
      6	4007f2	     38	   12.0	 1227.0	  702.0	 0.2496	26.0913	 100.00	 735.17
      7	4007f2	     38	    8.0	 1231.0	  768.1	 0.2281	16.2533	 100.00	 738.03
      8	4007f2	     38	   10.0	 1229.0	  819.3	 0.2078	10.1210	 100.00	 777.49
      9	4007f2	     38	    6.0	 1229.0	  860.3	 0.1924	14.6839	 100.00	 817.45
     10	4007f2	     38	    8.0	 1229.0	  893.8	 0.1795	13.5435	 100.00	 852.62
     11	4007f2	     39	   12.0	 1227.0	  921.6	 0.2546	31.7228	 100.00	 901.96
     12	4007f2	     39	   12.0	 1229.0	  945.2	 0.2436	25.6038	 100.00	 910.43
     13	4007f2	     39	    8.0	 1231.0	  965.6	 0.2189	14.7660	 100.00	 930.76
     14	4007f2	     39	    8.0	 1231.0	  983.3	 0.1987	10.2009	 100.00	 949.00
     15	4007f2	     39	    6.0	 1231.0	  998.8	 0.1788	 8.0232	 100.00	 963.75
     16	4007f2	     39	   12.0	 1227.0	 1012.2	 0.1828	19.1864	 100.00	 979.36
     17	4007f2	     39	    8.0	 1231.0	 1024.4	 0.1755	13.5101	 100.00	 995.43
     18	4007f2	     39	   10.0	 1229.0	 1035.2	 0.1621	 5.8999	 100.00	1009.49
     19	4007f2	     39	    6.0	 1233.0	 1045.0	 0.1601	17.5144	 100.00	1023.08
     20	4007f2	     39	   10.0	 1231.0	 1053.9	 0.1544	 8.9757	 100.00	1035.20
     21	4007f2	     40	   16.0	 1231.0	 1062.0	 0.2465	27.6577	 100.00	1054.56
     22	4007f2	     40	    8.0	 1227.0	 1069.1	 0.2372	23.2027	 100.00	1052.83
     23	4007f2	     40	    6.0	 1231.0	 1075.9	 0.2077	10.0794	 100.00	1063.53
     24	4007f2	     40	   10.0	 1229.0	 1082.0	 0.2076	12.3024	 100.00	1067.97
     25	4007f2	     40	    6.0	 1229.0	 1087.7	 0.1889	11.9373	 100.00	1074.02
     26	4007f2	     40	   14.0	 1229.0	 1092.9	 0.1791	13.1560	 100.00	1080.44
     27	4007f2	     40	    6.0	 1229.0	 1097.8	 0.1677	10.3700	 100.00	1085.93
     28	4007f2	     40	   10.0	 1231.0	 1102.3	 0.1640	15.9822	 100.00	1091.48
     29	4007f2	     40	    8.0	 1233.0	 1106.7	 0.1578	11.3047	 100.00	1097.51
     30	4007f2	     40	   10.0	 1233.0	 1110.8	 0.1493	 6.1176	 100.00	1105.21
     31	4007f2	     40	   12.0	 1231.0	 1114.5	 0.1510	18.1624	 100.00	1112.47
     32	4007f2	     40	    8.0	 1227.0	 1117.9	 0.1499	14.2958	 100.00	1119.26
     33	4007f2	     40	    6.0	 1231.0	 1121.3	 0.1481	15.6154	 100.00	1125.75
     34	4007f2	     40	   10.0	 1229.0	 1124.3	 0.1443	 4.3449	 100.00	1131.94
     35	4007f2	     40	    8.0	 1233.0	 1127.4	 0.1401	 4.8682	 100.00	1137.58
     36	4007f2	     40	   14.0	 1231.0	 1130.2	 0.1428	13.6579	 100.00	1143.35
     37	4007f2	     40	    6.0	 1235.0	 1132.9	 0.1411	11.2821	 100.00	1148.81
     38	4007f2	     40	    8.0	 1231.0	 1135.4	 0.1364	 6.0623	 100.00	1154.24
     39	4007f2	     40	   10.0	 1237.0	 1138.0	 0.1342	10.7039	 100.00	1159.43
     40	4007f2	     40	    8.0	 1233.0	 1140.3	 0.1342	14.6022	 100.00	1164.41
     41	4007f2	     41	   16.0	 1227.0	 1142.4	 0.2495	31.1583	 100.00	1174.03
     42	4007f2	     41	    8.0	 1227.0	 1144.3	 0.2440	28.4609	 100.00	1174.71
     43	4007f2	     41	    6.0	 1227.0	 1146.2	 0.2165	11.5209	 100.00	1179.23
     44	4007f2	     41	   14.0	 1231.0	 1148.1	 0.1973	 8.7532	 100.00	1182.87
     45	4007f2	     41	    6.0	 1231.0	 1149.9	 0.1864	14.7975	 100.00	1186.04
     46	4007f2	     41	    8.0	 1231.0	 1151.6	 0.1716	 8.0083	 100.00	1189.34
     47	4007f2	     41	   10.0	 1231.0	 1153.3	 0.1689	 9.3677	 100.00	1192.46
     48	4007f2	     41	    8.0	 1227.0	 1154.8	 0.1669	17.3667	 100.00	1195.53
     49	4007f2	     41	   10.0	 1233.0	 1156.3	 0.1605	11.8753	 100.00	1198.20
     50	4007f2	     41	    8.0	 1229.0	 1157.8	 0.1507	 5.7449	 100.00	1201.06
     51	4007f2	     41	    6.0	 1233.0	 1159.2	 0.1467	12.3404	 100.00	1203.80
     52	4007f2	     41	   16.0	 1229.0	 1160.5	 0.1517	43.0696	 100.00	1206.70
     53	4007f2	     41	    8.0	 1233.0	 1161.9	 0.1527	14.9547	 100.00	1209.27
     54	4007f2	     41	   10.0	 1231.0	 1163.1	 0.1441	 1.6330	 100.00	1212.00
     55	4007f2	     41	    6.0	 1235.0	 1164.4	 0.1465	18.4520	 100.00	1214.44
     56	4007f2	     41	    8.0	 1231.0	 1165.6	 0.1479	14.7631	 100.00	1216.80
     57	4007f2	     41	   10.0	 1231.0	 1166.7	 0.1456	 6.0585	 100.00	1219.12
     58	4007f2	     41	   10.0	 1231.0	 1167.8	 0.1437	 7.2177	 100.00	1221.45
     59	4007f2	     41	    8.0	 1233.0	 1168.9	 0.1403	 6.8017	 100.00	1223.52
     60	4007f2	     41	   10.0	 1235.0	 1170.0	 0.1409	 9.0644	 100.00	1225.74
     61	4007f2	     41	    6.0	 1235.0	 1171.0	 0.1385	 3.7736	 100.00	1227.77
     62	4007f2	     41	   18.0	 1231.0	 1172.0	 0.1428	20.0550	 100.00	1229.91
     63	4007f2	     41	    6.0	 1231.0	 1172.9	 0.1395	 5.5114	 100.00	1231.78
     64	4007f2	     41	   10.0	 1229.0	 1173.8	 0.1395	11.5571	 100.00	1233.80
     65	4007f2	     41	    6.0	 1233.0	 1174.7	 0.1395	12.6134	 100.00	1235.52
     66	4007f2	     41	    8.0	 1229.0	 1175.5	 0.1358	 3.1505	 100.00	1237.23
     67	4007f2	     41	   12.0	 1233.0	 1176.3	 0.1365	12.3639	 100.00	1239.01
     68	4007f2	     41	   10.0	 1231.0	 1177.1	 0.1347	 8.4618	 100.00	1240.84
     69	4007f2	     41	    6.0	 1235.0	 1177.9	 0.1339	 7.2482	 100.00	1242.47
     70	4007f2	     41	   10.0	 1233.0	 1178.7	 0.1327	 5.3793	 100.00	1244.13
     71	4007f2	     41	    8.0	 1237.0	 1179.5	 0.1309	10.1887	 100.00	1246.06
     72	4007f2	     41	   14.0	 1231.0	 1180.2	 0.1337	24.6037	 100.00	1247.78
     73	4007f2	     41	    6.0	 1231.0	 1180.9	 0.1304	 1.8974	 100.00	1249.30
     74	4007f2	     41	    8.0	 1231.0	 1181.6	 0.1300	 5.9652	 100.00	1250.81
     75	4007f2	     41	    8.0	 1233.0	 1182.2	 0.1290	 5.6845	 100.00	1252.22
     76	4007f2	     41	   12.0	 1235.0	 1182.9	 0.1286	13.6080	 100.00	1253.68
     77	4007f2	     41	   10.0	 1235.0	 1183.6	 0.1285	 8.8612	 100.00	1254.92
     78	4007f2	     41	    8.0	 1235.0	 1184.3	 0.1273	 5.6558	 100.00	1256.34
     79	4007f2	     41	    6.0	 1235.0	 1184.9	 0.1267	 7.1589	 100.00	1257.59
     80	4007f2	     41	   10.0	 1233.0	 1185.5	 0.1262	23.4944	 100.00	1258.89
     81	4007f2	     41	    8.0	 1237.0	 1186.1	 0.1301	10.2506	 100.00	1260.10
     82	4007f2	     42	   20.0	 1225.0	 1186.6	 0.2519	31.2363	 100.00	1262.12
     83	4007f2	     42	    6.0	 1229.0	 1187.1	 0.2493	31.0888	 100.00	1259.34
     84	4007f2	     42	   10.0	 1227.0	 1187.6	 0.2278	14.2167	 100.00	1260.52
     85	4007f2	     42	   10.0	 1233.0	 1188.1	 0.2028	10.1318	 100.00	1261.74
     86	4007f2	     42	    8.0	 1229.0	 1188.6	 0.1816	 8.2270	 100.00	1262.54
     87	4007f2	     42	    6.0	 1233.0	 1189.1	 0.1690	11.3834	 100.00	1263.63
     88	4007f2	     42	   12.0	 1229.0	 1189.5	 0.1768	28.2305	 100.00	1264.01
     89	4007f2	     42	    6.0	 1229.0	 1189.9	 0.1677	 8.0285	 100.00	1263.74
     90	4007f2	     42	   12.0	 1231.0	 1190.4	 0.1583	 6.4479	 100.00	1263.37
     91	4007f2	     42	    6.0	 1231.0	 1190.8	 0.1514	 8.6123	 100.00	1263.13
     92	4007f2	     42	   10.0	 1233.0	 1191.3	 0.1498	16.3850	 100.00	1262.81
     93	4007f2	     42	   12.0	 1231.0	 1191.7	 0.1511	20.5318	 100.00	1262.61
     94	4007f2	     42	   10.0	 1231.0	 1192.1	 0.1462	 7.1127	 100.00	1263.16
     95	4007f2	     42	    8.0	 1233.0	 1192.6	 0.1410	 5.8944	 100.00	1264.13
     96	4007f2	     42	    8.0	 1229.0	 1192.9	 0.1400	18.2168	 100.00	1265.03
     97	4007f2	     42	    6.0	 1233.0	 1193.3	 0.1388	15.0768	 100.00	1265.97
     98	4007f2	     42	   12.0	 1229.0	 1193.7	 0.1361	 8.9952	 100.00	1266.80
     99	4007f2	     42	    8.0	 1233.0	 1194.1	 0.1338	 9.7131	 100.00	1267.71
    100	4007f2	     42	   12.0	 1233.0	 1194.5	 0.1325	11.8112	 100.00	1268.39
    101	4007f2	     42	    6.0	 1237.0	 1194.9	 0.1311	12.4861	 100.00	1269.25
    102	4007f2	     42	    8.0	 1233.0	 1195.3	 0.1265	 3.1563	 100.00	1270.00
    103	4007f2	     42	   16.0	 1233.0	 1195.6	 0.1309	73.8127	 100.00	1270.91
    104	4007f2	     42	    8.0	 1229.0	 1195.9	 0.1335	26.4915	 100.00	1271.62
    105	4007f2	     42	    8.0	 1231.0	 1196.3	 0.1293	 1.2811	 100.00	1272.33
    106	4007f2	     42	    8.0	 1231.0	 1196.6	 0.1313	21.5844	 100.00	1273.01
    107	4007f2	     42	    6.0	 1231.0	 1196.9	 0.1272	 1.6713	 100.00	1273.77
    108	4007f2	     42	   16.0	 1233.0	 1197.2	 0.1301	15.0647	 100.00	1274.42
    109	4007f2	     42	    6.0	 1233.0	 1197.6	 0.1280	 1.2280	 100.00	1275.12
    110	4007f2	     42	    8.0	 1233.0	 1197.9	 0.1277	 5.8022	 100.00	1275.83
    111	4007f2	     42	    8.0	 1235.0	 1198.2	 0.1269	 4.2396	 100.00	1276.47
    112	4007f2	     42	    8.0	 1231.0	 1198.5	 0.1271	 6.9008	 100.00	1277.13
    113	4007f2	     42	   14.0	 1233.0	 1198.8	 0.1295	 6.2467	 100.00	1277.79
    114	4007f2	     42	    8.0	 1229.0	 1199.1	 0.1271	 2.8603	 100.00	1278.45
    115	4007f2	     42	    6.0	 1233.0	 1199.4	 0.1261	 8.0756	 100.00	1279.09
    116	4007f2	     42	   12.0	 1233.0	 1199.7	 0.1270	12.8139	 100.00	1279.71
    117	4007f2	     42	    8.0	 1237.0	 1200.0	 0.1257	 5.2002	 100.00	1280.28
    118	4007f2	     42	   12.0	 1233.0	 1200.3	 0.1252	11.8396	 100.00	1280.80
    119	4007f2	     42	    6.0	 1237.0	 1200.6	 0.1255	 7.1101	 100.00	1281.32
    120	4007f2	     42	    8.0	 1233.0	 1200.8	 0.1265	 8.7825	 100.00	1281.87
    121	4007f2	     42	    8.0	 1235.0	 1201.1	 0.1251	 4.7021	 100.00	1282.35
    122	4007f2	     42	   10.0	 1235.0	 1201.4	 0.1241	 6.0321	 100.00	1282.92
    123	4007f2	     42	   16.0	 1229.0	 1201.6	 0.1269	17.8390	 100.00	1283.26
    124	4007f2	     42	   10.0	 1231.0	 1201.8	 0.1283	10.6703	 100.00	1283.84
    125	4007f2	     42	    6.0	 1231.0	 1202.1	 0.1260	 1.5808	 100.00	1284.40
    126	4007f2	     42	   12.0	 1233.0	 1202.3	 0.1255	 7.5691	 100.00	1284.92
    127	4007f2	     42	    6.0	 1233.0	 1202.6	 0.1244	 4.6099	 100.00	1285.86
    128	4007f2	     42	   12.0	 1229.0	 1202.8	 0.1264	21.1592	 100.00	1286.42
    129	4007f2	     42	    6.0	 1233.0	 1203.0	 0.1260	 6.2749	 100.00	1286.91
    130	4007f2	     42	    8.0	 1229.0	 1203.2	 0.1245	 2.3563	 100.00	1286.26
    131	4007f2	     42	   10.0	 1235.0	 1203.4	 0.1234	 4.3110	 100.00	1286.59
    132	4007f2	     42	   10.0	 1233.0	 1203.7	 0.1222	 5.8384	 100.00	1287.13
    133	4007f2	     42	    6.0	 1237.0	 1203.9	 0.1213	 6.5078	 100.00	1287.61
    134	4007f2	     42	   14.0	 1231.0	 1204.1	 0.1220	29.3376	 100.00	1288.11
    135	4007f2	     42	    8.0	 1235.0	 1204.3	 0.1214	13.6107	 100.00	1287.72
    136	4007f2	     42	   10.0	 1233.0	 1204.5	 0.1214	 6.0360	 100.00	1287.36
    137	4007f2	     42	    6.0	 1233.0	 1204.7	 0.1207	 2.1973	 100.00	1286.86
    138	4007f2	     42	    8.0	 1233.0	 1204.9	 0.1199	12.8239	 100.00	1286.38
    139	4007f2	     42	   10.0	 1233.0	 1205.2	 0.1204	 9.0452	 100.00	1286.04
    140	4007f2	     42	   12.0	 1235.0	 1205.4	 0.1202	 3.5456	 100.00	1285.92
    141	4007f2	     42	    8.0	 1237.0	 1205.6	 0.1205	 6.1414	 100.00	1286.41
    142	4007f2	     42	    8.0	 1237.0	 1205.8	 0.1196	 3.6162	 100.00	1286.88
    143	4007f2	     42	    6.0	 1237.0	 1206.0	 0.1187	 2.1214	 100.00	1287.63
    144	4007f2	     42	   16.0	 1229.0	 1206.2	 0.1206	19.1784	 100.00	1288.11
    145	4007f2	     42	    8.0	 1233.0	 1206.4	 0.1206	 2.9969	 100.00	1288.56
    146	4007f2	     42	   10.0	 1231.0	 1206.5	 0.1201	 4.0368	 100.00	1288.87
    147	4007f2	     42	    6.0	 1235.0	 1206.7	 0.1194	11.8970	 100.00	1289.34
    148	4007f2	     42	   10.0	 1233.0	 1206.9	 0.1199	 2.0694	 100.00	1289.60
    149	4007f2	     42	   12.0	 1237.0	 1207.1	 0.1204	 7.9656	 100.00	1289.98
    150	4007f2	     42	    8.0	 1233.0	 1207.3	 0.1190	 0.8559	 100.00	1290.30
    151	4007f2	     42	    6.0	 1237.0	 1207.5	 0.1184	 3.9281	 100.00	1290.71
    152	4007f2	     42	   10.0	 1235.0	 1207.6	 0.1188	10.4634	 100.00	1291.02
    153	4007f2	     42	    6.0	 1235.0	 1207.8	 0.1178	 5.6320	 100.00	1291.44
    154	4007f2	     42	   16.0	 1233.0	 1208.0	 0.1176	 7.3263	 100.00	1291.83
    155	4007f2	     42	    6.0	 1233.0	 1208.1	 0.1167	 6.0615	 100.00	1292.61
    156	4007f2	     42	   10.0	 1235.0	 1208.3	 0.1171	 5.3176	 100.00	1293.03
    157	4007f2	     42	    8.0	 1237.0	 1208.5	 0.1164	 7.7101	 100.00	1293.47
    158	4007f2	     42	   10.0	 1237.0	 1208.7	 0.1156	 2.9625	 100.00	1294.14
    159	4007f2	     42	   10.0	 1237.0	 1208.9	 0.1157	10.3779	 100.00	1294.67
    160	4007f2	     42	    8.0	 1233.0	 1209.0	 0.1159	 3.1965	 100.00	1295.03
    161	4007f2	     42	    6.0	 1237.0	 1209.2	 0.1154	 7.6386	 100.00	1295.39
    162	4007f2	     42	   10.0	 1235.0	 1209.3	 0.1147	 3.7202	 100.00	1295.71
    163	4007f2	     42	    8.0	 1239.0	 1209.5	 0.1141	 4.1476	 100.00	1296.09
    164	4007f2	     43	   24.0	 1227.0	 1209.6	 0.2535	32.1582	 100.00	1296.44
    165	4007f2	     43	    6.0	 1231.0	 1209.8	 0.2534	30.4700	 100.00	1294.87
    166	4007f2	     43	    8.0	 1227.0	 1209.9	 0.2271	11.7061	 100.00	1295.21
    167	4007f2	     43	   10.0	 1233.0	 1210.0	 0.1958	 7.1088	 100.00	1295.39
    168	4007f2	     43	    8.0	 1229.0	 1210.1	 0.1962	15.9261	 100.00	1295.78
    169	4007f2	     43	   10.0	 1229.0	 1210.2	 0.1855	14.2952	 100.00	1295.80
    170	4007f2	     43	    8.0	 1229.0	 1210.3	 0.1784	14.5745	 100.00	1295.45
    171	4007f2	     43	    6.0	 1229.0	 1210.4	 0.1637	 5.3453	 100.00	1295.03
    172	4007f2	     43	   14.0	 1233.0	 1210.6	 0.1612	11.8356	 100.00	1294.70
    173	4007f2	     43	    6.0	 1233.0	 1210.7	 0.1529	10.0633	 100.00	1294.30
    174	4007f2	     43	    8.0	 1233.0	 1210.8	 0.1473	10.5114	 100.00	1293.98
    175	4007f2	     43	   12.0	 1231.0	 1210.9	 0.1488	21.3506	 100.00	1294.10
    176	4007f2	     43	    8.0	 1227.0	 1211.0	 0.1474	13.1197	 100.00	1294.45
    177	4007f2	     43	   10.0	 1233.0	 1211.2	 0.1435	 7.0224	 100.00	1294.75
    178	4007f2	     43	    8.0	 1229.0	 1211.3	 0.1381	 8.0180	 100.00	1295.10
    179	4007f2	     43	    6.0	 1233.0	 1211.4	 0.1354	13.7043	 100.00	1295.42
    180	4007f2	     43	   14.0	 1231.0	 1211.5	 0.1361	27.0798	 100.00	1295.74
    181	4007f2	     43	    8.0	 1235.0	 1211.6	 0.1330	 5.7125	 100.00	1295.95
    182	4007f2	     43	   10.0	 1233.0	 1211.7	 0.1297	 6.5411	 100.00	1296.31
    183	4007f2	     43	    6.0	 1237.0	 1211.9	 0.1288	30.5032	 100.00	1296.57
    184	4007f2	     43	    8.0	 1233.0	 1212.0	 0.1303	29.3956	 100.00	1296.89
    185	4007f2	     43	   14.0	 1229.0	 1212.1	 0.1321	28.0234	 100.00	1297.21
    186	4007f2	     43	   10.0	 1229.0	 1212.2	 0.1324	28.0953	 100.00	1297.42
    187	4007f2	     43	    8.0	 1231.0	 1212.3	 0.1270	 1.4903	 100.00	1297.73
    188	4007f2	     43	   10.0	 1233.0	 1212.4	 0.1303	15.1369	 100.00	1298.03
    189	4007f2	     43	    6.0	 1233.0	 1212.5	 0.1290	 3.4821	 100.00	1298.34
    190	4007f2	     43	   14.0	 1233.0	 1212.6	 0.1292	11.1474	 100.00	1298.55
    191	4007f2	     43	    6.0	 1233.0	 1212.7	 0.1277	 5.5800	 100.00	1298.84
    192	4007f2	     43	   10.0	 1231.0	 1212.8	 0.1279	10.3930	 100.00	1299.07
    193	4007f2	     43	    6.0	 1235.0	 1212.9	 0.1283	 7.9544	 100.00	1299.36
    194	4007f2	     43	    8.0	 1231.0	 1213.0	 0.1255	 3.2325	 100.00	1299.62
    195	4007f2	     43	   14.0	 1233.0	 1213.1	 0.1276	14.7281	 100.00	1299.92
    196	4007f2	     43	   10.0	 1231.0	 1213.2	 0.1265	 7.2787	 100.00	1300.19
    197	4007f2	     43	    6.0	 1235.0	 1213.3	 0.1254	 5.5310	 100.00	1300.47
    198	4007f2	     43	   10.0	 1233.0	 1213.4	 0.1257	 4.3219	 100.00	1300.63
    199	4007f2	     43	    8.0	 1237.0	 1213.5	 0.1243	 6.6100	 100.00	1300.90
    200	4007f2	     43	   12.0	 1233.0	 1213.6	 0.1259	15.7218	 100.00	1301.11
    201	4007f2	     43	    6.0	 1233.0	 1213.7	 0.1257	 6.3549	 100.00	1301.39
    202	4007f2	     43	    8.0	 1233.0	 1213.8	 0.1243	 6.2333	 100.00	1301.56
    203	4007f2	     43	    8.0	 1235.0	 1213.9	 0.1245	 6.8846	 100.00	1301.83
    204	4007f2	     43	   12.0	 1237.0	 1214.0	 0.1235	 4.0128	 100.00	1302.09
    205	4007f2	     43	   16.0	 1231.0	 1214.1	 0.1277	23.1760	 100.00	1302.38
    206	4007f2	     43	    8.0	 1231.0	 1214.2	 0.1268	 5.0867	 100.00	1302.66
    207	4007f2	     43	    6.0	 1231.0	 1214.3	 0.1254	 4.2922	 100.00	1302.99
    208	4007f2	     43	   10.0	 1229.0	 1214.3	 0.1255	 8.2163	 100.00	1303.26
    209	4007f2	     43	    8.0	 1233.0	 1214.4	 0.1250	10.0508	 100.00	1303.57
    210	4007f2	     43	   12.0	 1229.0	 1214.5	 0.1259	13.5305	 100.00	1304.09
    211	4007f2	     43	    6.0	 1233.0	 1214.6	 0.1251	 9.2905	 100.00	1304.41
    212	4007f2	     43	   10.0	 1231.0	 1214.7	 0.1245	 7.0024	 100.00	1304.69
    213	4007f2	     43	   10.0	 1237.0	 1214.8	 0.1245	 5.1544	 100.00	1304.98
    214	4007f2	     43	    8.0	 1233.0	 1214.8	 0.1235	 2.7812	 100.00	1305.22
    215	4007f2	     43	    6.0	 1237.0	 1214.9	 0.1230	 7.5763	 100.00	1305.49
    216	4007f2	     43	   14.0	 1231.0	 1215.0	 0.1254	17.8113	 100.00	1305.66
    217	4007f2	     43	    6.0	 1231.0	 1215.1	 0.1245	 2.1355	 100.00	1305.90
    218	4007f2	     43	   12.0	 1233.0	 1215.2	 0.1245	12.3212	 100.00	1306.12
    219	4007f2	     43	    6.0	 1233.0	 1215.3	 0.1232	 2.8275	 100.00	1306.40
    220	4007f2	     43	   10.0	 1235.0	 1215.3	 0.1239	12.0869	 100.00	1306.66
    221	4007f2	     43	   10.0	 1235.0	 1215.4	 0.1238	 5.3129	 100.00	1306.94
    222	4007f2	     43	   10.0	 1235.0	 1215.5	 0.1232	 4.7393	 100.00	1307.15
    223	4007f2	     43	    8.0	 1237.0	 1215.6	 0.1227	 7.7665	 100.00	1307.43
    224	4007f2	     43	    8.0	 1233.0	 1215.7	 0.1220	 6.9574	 100.00	1307.66
    225	4007f2	     43	    6.0	 1237.0	 1215.8	 0.1226	 6.8813	 100.00	1307.93
    226	4007f2	     43	   16.0	 1229.0	 1215.9	 0.1236	17.6359	 100.00	1308.16
    227	4007f2	     43	    8.0	 1233.0	 1215.9	 0.1232	10.5535	 100.00	1308.42
    228	4007f2	     43	   12.0	 1233.0	 1216.0	 0.1229	 2.6493	 100.00	1308.60
    229	4007f2	     43	    6.0	 1237.0	 1216.1	 0.1224	 6.1120	 100.00	1308.86
    230	4007f2	     43	    8.0	 1233.0	 1216.2	 0.1211	 1.8337	 100.00	1309.07
    231	4007f2	     43	   12.0	 1237.0	 1216.3	 0.1206	 6.7095	 100.00	1309.33
    232	4007f2	     43	    8.0	 1233.0	 1216.3	 0.1216	 6.2869	 100.00	1309.54
    233	4007f2	     43	    8.0	 1235.0	 1216.4	 0.1206	 4.5546	 100.00	1309.79
    234	4007f2	     43	    8.0	 1235.0	 1216.5	 0.1191	 2.7789	 100.00	1309.97
    235	4007f2	     43	    6.0	 1235.0	 1216.6	 0.1181	 3.0797	 100.00	1310.22
    236	4007f2	     43	   18.0	 1235.0	 1216.6	 0.1195	24.7261	 100.00	1310.47
    237	4007f2	     43	    6.0	 1235.0	 1216.7	 0.1197	14.2323	 100.00	1310.72
    238	4007f2	     43	    8.0	 1235.0	 1216.8	 0.1185	 3.6693	 100.00	1310.92
    239	4007f2	     43	    8.0	 1237.0	 1216.9	 0.1178	 2.0023	 100.00	1311.18
    240	4007f2	     43	    8.0	 1233.0	 1216.9	 0.1180	 5.1825	 100.00	1311.34
    241	4007f2	     43	   12.0	 1237.0	 1217.0	 0.1175	 9.2051	 100.00	1311.52
    242	4007f2	     43	    8.0	 1233.0	 1217.1	 0.1161	 1.8638	 100.00	1311.75
    243	4007f2	     43	    6.0	 1237.0	 1217.2	 0.1156	11.3892	 100.00	1312.00
    244	4007f2	     43	   12.0	 1237.0	 1217.3	 0.1150	 5.1354	 100.00	1312.22
    245	4007f2	     43	    8.0	 1241.0	 1217.4	 0.1146	12.5139	 100.00	1312.46
    246	4007f2	     43	   20.0	 1229.0	 1217.4	 0.1165	28.3205	 100.00	1312.62
    247	4007f2	     43	    6.0	 1233.0	 1217.5	 0.1159	 7.9267	 100.00	1312.89
    248	4007f2	     43	    8.0	 1229.0	 1217.5	 0.1153	 5.9891	 100.00	1313.07
    249	4007f2	     43	    8.0	 1231.0	 1217.6	 0.1147	 9.6650	 100.00	1313.32
    250	4007f2	     43	   10.0	 1231.0	 1217.6	 0.1145	 8.7358	 100.00	1313.48
    251	4007f2	     43	   10.0	 1231.0	 1217.7	 0.1139	 3.1047	 100.00	1313.62
    252	4007f2	     43	   10.0	 1233.0	 1217.7	 0.1132	 5.6476	 100.00	1313.82
    253	4007f2	     43	    6.0	 1233.0	 1217.8	 0.1126	 2.9724	 100.00	1314.00
    254	4007f2	     43	   12.0	 1235.0	 1217.9	 0.1120	 5.9675	 100.00	1314.20
    255	4007f2	     43	    6.0	 1235.0	 1217.9	 0.1117	 3.6088	 100.00	1314.38
    256	4007f2	     43	   14.0	 1229.0	 1218.0	 0.1128	14.7841	 100.00	1314.59
    257	4007f2	     43	    6.0	 1233.0	 1218.0	 0.1126	 2.9549	 100.00	1314.73
    258	4007f2	     43	    8.0	 1229.0	 1218.1	 0.1116	 1.6260	 100.00	1314.93
    259	4007f2	     43	   10.0	 1235.0	 1218.1	 0.1111	10.8574	 100.00	1315.14
    260	4007f2	     43	   10.0	 1233.0	 1218.2	 0.1101	 1.7696	 100.00	1315.33
    261	4007f2	     43	    6.0	 1237.0	 1218.3	 0.1095	 1.9009	 100.00	1315.54
    262	4007f2	     43	   12.0	 1233.0	 1218.3	 0.1092	 7.8305	 100.00	1315.74
    263	4007f2	     43	    8.0	 1237.0	 1218.4	 0.1082	 3.7248	 100.00	1315.92
    264	4007f2	     43	   10.0	 1235.0	 1218.5	 0.1081	 3.7697	 100.00	1316.11
    265	4007f2	     43	    6.0	 1235.0	 1218.5	 0.1073	13.0686	 100.00	1316.31
    266	4007f2	     43	    8.0	 1235.0	 1218.6	 0.1079	10.7384	 100.00	1316.50
    267	4007f2	     43	   14.0	 1231.0	 1218.6	 0.1085	 7.6601	 100.00	1316.68
    268	4007f2	     43	   12.0	 1233.0	 1218.7	 0.1083	 2.1021	 100.00	1316.88
    269	4007f2	     43	    8.0	 1235.0	 1218.7	 0.1077	 2.1987	 100.00	1317.04
    270	4007f2	     43	    8.0	 1235.0	 1218.8	 0.1067	 2.1877	 100.00	1317.22
    271	4007f2	     43	    6.0	 1235.0	 1218.9	 0.1062	 5.2505	 100.00	1317.39
    272	4007f2	     43	   12.0	 1231.0	 1218.9	 0.1068	13.7510	 100.00	1317.56
    273	4007f2	     43	    8.0	 1235.0	 1219.0	 0.1061	 4.4238	 100.00	1317.73
    274	4007f2	     43	   10.0	 1233.0	 1219.0	 0.1052	 1.7981	 100.00	1317.92
    275	4007f2	     43	    6.0	 1237.0	 1219.1	 0.1045	 3.3728	 100.00	1318.08
    276	4007f2	     43	   10.0	 1235.0	 1219.1	 0.1039	 3.7420	 100.00	1318.26
    277	4007f2	     43	   14.0	 1237.0	 1219.2	 0.1044	25.3492	 100.00	1318.40
    278	4007f2	     43	    8.0	 1233.0	 1219.2	 0.1038	 2.5893	 100.00	1318.58
    279	4007f2	     43	    6.0	 1237.0	 1219.3	 0.1034	 1.8554	 100.00	1318.74
    280	4007f2	     43	   10.0	 1235.0	 1219.4	 0.1034	 1.5110	 100.00	1318.92
    281	4007f2	     43	    6.0	 1235.0	 1219.4	 0.1028	 5.8477	 100.00	1319.02
    282	4007f2	     43	   14.0	 1235.0	 1219.5	 0.1028	13.6973	 100.00	1319.20
    283	4007f2	     43	    6.0	 1235.0	 1219.5	 0.1026	 2.0467	 100.00	1319.35
    284	4007f2	     43	   10.0	 1237.0	 1219.6	 0.1022	 8.4367	 100.00	1319.51
    285	4007f2	     43	    8.0	 1239.0	 1219.7	 0.1015	 2.5627	 100.00	1319.66
    286	4007f2	     43	   10.0	 1239.0	 1219.7	 0.1011	 1.4083	 100.00	1319.84
    287	4007f2	     43	   16.0	 1233.0	 1219.8	 0.1017	13.0242	 100.00	1319.93
    288	4007f2	     43	    8.0	 1229.0	 1219.8	 0.1017	 7.3555	 100.00	1320.11
    289	4007f2	     43	    6.0	 1233.0	 1219.9	 0.1018	 5.2568	 100.00	1320.29
    290	4007f2	     43	   10.0	 1231.0	 1219.9	 0.1015	 3.0163	 100.00	1320.46
    291	4007f2	     43	    8.0	 1235.0	 1219.9	 0.1011	 2.5616	 100.00	1320.63
    292	4007f2	     43	   14.0	 1233.0	 1220.0	 0.1010	 9.9571	 100.00	1320.80
    293	4007f2	     43	    6.0	 1237.0	 1220.0	 0.1002	 1.3214	 100.00	1320.93
    294	4007f2	     43	    8.0	 1233.0	 1220.1	 0.1001	 0.8457	 100.00	1321.09
    295	4007f2	     43	   10.0	 1239.0	 1220.2	 0.0998	 5.0214	 100.00	1321.24
    296	4007f2	     43	    8.0	 1235.0	 1220.2	 0.1000	 8.1045	 100.00	1321.39
    297	4007f2	     43	   12.0	 1233.0	 1220.2	 0.1007	 4.4426	 100.00	1321.53
    298	4007f2	     43	    8.0	 1233.0	 1220.3	 0.1008	 1.4537	 100.00	1321.69
    299	4007f2	     43	    6.0	 1233.0	 1220.3	 0.1002	 1.5065	 100.00	1321.80
    300	4007f2	     43	   14.0	 1237.0	 1220.4	 0.1001	12.1472	 100.00	1321.95
    301	4007f2	     43	    6.0	 1237.0	 1220.4	 0.0995	 0.9827	 100.00	1322.08
    302	4007f2	     43	    8.0	 1237.0	 1220.5	 0.0988	 1.9738	 100.00	1322.25
    303	4007f2	     43	   10.0	 1237.0	 1220.5	 0.0986	 1.5705	 100.00	1322.39
    304	4007f2	     43	    8.0	 1233.0	 1220.6	 0.0986	 1.5141	 100.00	1322.54
    305	4007f2	     43	   10.0	 1239.0	 1220.7	 0.0981	 5.7985	 100.00	1322.64
    306	4007f2	     43	    8.0	 1235.0	 1220.7	 0.0975	 1.4763	 100.00	1322.75
    307	4007f2	     43	    6.0	 1239.0	 1220.8	 0.0971	 6.1905	 100.00	1322.88
    308	4007f2	     43	   18.0	 1233.0	 1220.8	 0.0978	31.2310	 100.00	1323.02
    309	4007f2	     43	    8.0	 1237.0	 1220.8	 0.0976	 0.9191	 100.00	1323.32
    310	4007f2	     43	   10.0	 1235.0	 1220.9	 0.0973	 2.9094	 100.00	1323.49
    311	4007f2	     43	    6.0	 1239.0	 1221.0	 0.0970	13.0610	 100.00	1323.73
    312	4007f2	     43	    8.0	 1235.0	 1221.0	 0.0971	 4.6452	 100.00	1323.88
    313	4007f2	     43	   10.0	 1235.0	 1221.0	 0.0968	 2.7779	 100.00	1324.01
    314	4007f2	     43	   10.0	 1235.0	 1221.1	 0.0966	 5.7822	 100.00	1324.16
    315	4007f2	     43	    8.0	 1237.0	 1221.1	 0.0963	 1.9527	 100.00	1324.29
    316	4007f2	     43	   10.0	 1239.0	 1221.2	 0.0964	 3.4637	 100.00	1324.43
    317	4007f2	     43	    6.0	 1239.0	 1221.2	 0.0958	 1.3882	 100.00	1324.52
    318	4007f2	     43	   16.0	 1237.0	 1221.3	 0.0963	 6.9398	 100.00	1324.67
    319	4007f2	     43	    6.0	 1237.0	 1221.3	 0.0958	 1.1050	 100.00	1324.79
    320	4007f2	     43	   10.0	 1235.0	 1221.4	 0.0960	 3.9556	 100.00	1324.92
    321	4007f2	     43	    6.0	 1239.0	 1221.4	 0.0958	 7.8308	 100.00	1325.04
    322	4007f2	     43	    8.0	 1235.0	 1221.5	 0.0956	 5.1764	 100.00	1325.17
    323	4007f2	     43	   12.0	 1239.0	 1221.5	 0.0955	14.7963	 100.00	1325.26
    324	4007f2	     43	   10.0	 1237.0	 1221.6	 0.0951	 1.0955	 100.00	1325.39
    325	4007f2	     43	    6.0	 1241.0	 1221.6	 0.0950	 7.3231	 100.00	1325.52
    326	4007f2	     43	   10.0	 1239.0	 1221.7	 0.0946	 1.8615	 100.00	1325.65
    327	4007f2	     43	    8.0	 1243.0	 1221.8	 0.0945	 4.2930	 100.00	1325.77
    328	4007f2	     44	   24.0	 1227.0	 1221.8	 0.2527	30.6014	 100.00	1325.86
    329	4007f2	     44	    6.0	 1227.0	 1221.8	 0.2555	35.0130	 100.00	1325.26
    330	4007f2	     44	    8.0	 1227.0	 1221.8	 0.2363	19.2535	 100.00	1325.34
    331	4007f2	     44	    8.0	 1229.0	 1221.8	 0.2060	 8.6611	 100.00	1325.49
    332	4007f2	     44	   12.0	 1231.0	 1221.9	 0.1932	12.3994	 100.00	1325.53
    333	4007f2	     44	   10.0	 1231.0	 1221.9	 0.1831	13.2871	 100.00	1325.67
    334	4007f2	     44	    8.0	 1231.0	 1221.9	 0.1762	16.7012	 100.00	1325.61
    335	4007f2	     44	    6.0	 1231.0	 1221.9	 0.1633	 4.6024	 100.00	1325.37
    336	4007f2	     44	   10.0	 1229.0	 1222.0	 0.1615	 9.9082	 100.00	1325.13
    337	4007f2	     44	    8.0	 1233.0	 1222.0	 0.1565	11.6502	 100.00	1324.93
    338	4007f2	     44	   14.0	 1227.0	 1222.0	 0.1550	13.8323	 100.00	1324.84
    339	4007f2	     44	    6.0	 1231.0	 1222.0	 0.1525	17.9311	 100.00	1324.64
    340	4007f2	     44	   10.0	 1229.0	 1222.1	 0.1474	 8.2812	 100.00	1324.60
    341	4007f2	     44	   10.0	 1235.0	 1222.1	 0.1438	10.8298	 100.00	1324.76
    342	4007f2	     44	    8.0	 1231.0	 1222.1	 0.1380	 6.5551	 100.00	1324.90
    343	4007f2	     44	    6.0	 1235.0	 1222.2	 0.1350	12.5526	 100.00	1325.05
    344	4007f2	     44	   12.0	 1231.0	 1222.2	 0.1385	37.7244	 100.00	1325.19
    345	4007f2	     44	    6.0	 1231.0	 1222.2	 0.1377	 9.8181	 100.00	1325.35
    346	4007f2	     44	   12.0	 1233.0	 1222.2	 0.1329	 2.0105	 100.00	1325.46
    347	4007f2	     44	    6.0	 1233.0	 1222.3	 0.1325	10.6640	 100.00	1325.61
    348	4007f2	     44	   10.0	 1235.0	 1222.3	 0.1326	 7.8033	 100.00	1325.74
    349	4007f2	     44	   14.0	 1231.0	 1222.3	 0.1381	19.0908	 100.00	1325.89
    350	4007f2	     44	   10.0	 1231.0	 1222.4	 0.1352	 5.2303	 100.00	1326.02
    351	4007f2	     44	    8.0	 1233.0	 1222.4	 0.1336	 7.3271	 100.00	1326.16
    352	4007f2	     44	    8.0	 1229.0	 1222.4	 0.1322	 8.9330	 100.00	1326.46
    353	4007f2	     44	    6.0	 1233.0	 1222.4	 0.1330	13.1728	 100.00	1326.62
    354	4007f2	     44	   12.0	 1229.0	 1222.5	 0.1311	 3.4960	 100.00	1326.75
    355	4007f2	     44	    8.0	 1233.0	 1222.5	 0.1312	 7.0302	 100.00	1326.89
    356	4007f2	     44	   12.0	 1233.0	 1222.5	 0.1294	 3.9887	 100.00	1327.02
    357	4007f2	     44	    6.0	 1237.0	 1222.6	 0.1294	19.7612	 100.00	1327.16
    358	4007f2	     44	    8.0	 1233.0	 1222.6	 0.1277	 4.9428	 100.00	1327.26
    359	4007f2	     44	   14.0	 1235.0	 1222.6	 0.1290	12.9966	 100.00	1327.41
    360	4007f2	     44	    8.0	 1231.0	 1222.6	 0.1304	 9.9142	 100.00	1327.53
    361	4007f2	     44	    8.0	 1233.0	 1222.7	 0.1289	 6.9802	 100.00	1327.67
    362	4007f2	     44	    8.0	 1233.0	 1222.7	 0.1274	12.6778	 100.00	1327.78
    363	4007f2	     44	    6.0	 1233.0	 1222.7	 0.1258	 6.3857	 100.00	1327.91
    364	4007f2	     44	   16.0	 1235.0	 1222.8	 0.1260	 7.1875	 100.00	1327.98
    365	4007f2	     44	    6.0	 1235.0	 1222.8	 0.1256	 3.3912	 100.00	1328.11
    366	4007f2	     44	    8.0	 1235.0	 1222.8	 0.1244	13.2092	 100.00	1328.22
    367	4007f2	     44	    8.0	 1237.0	 1222.9	 0.1242	 3.4191	 100.00	1328.36
    368	4007f2	     44	    8.0	 1233.0	 1222.9	 0.1237	 7.0074	 100.00	1328.48
    369	4007f2	     44	   18.0	 1231.0	 1222.9	 0.1274	29.4655	 100.00	1328.59
    370	4007f2	     44	    8.0	 1227.0	 1222.9	 0.1259	 3.5131	 100.00	1328.64
    371	4007f2	     44	    6.0	 1231.0	 1222.9	 0.1253	 9.1766	 100.00	1328.78
    372	4007f2	     44	   12.0	 1231.0	 1223.0	 0.1246	 5.4795	 100.00	1328.88
    373	4007f2	     44	    8.0	 1235.0	 1223.0	 0.1231	 9.4853	 100.00	1329.00
    374	4007f2	     44	   12.0	 1231.0	 1223.0	 0.1229	 7.7825	 100.00	1328.06
    375	4007f2	     44	    6.0	 1235.0	 1223.1	 0.1237	10.1456	 100.00	1327.18
    376	4007f2	     44	    8.0	 1231.0	 1223.1	 0.1243	 5.9972	 100.00	1326.25
    377	4007f2	     44	    8.0	 1233.0	 1223.1	 0.1233	 5.0781	 100.00	1326.00
    378	4007f2	     44	   10.0	 1233.0	 1223.1	 0.1227	 6.9111	 100.00	1326.08
    379	4007f2	     44	   12.0	 1231.0	 1223.2	 0.1226	 5.7286	 100.00	1326.15
    380	4007f2	     44	   10.0	 1233.0	 1223.2	 0.1225	10.2209	 100.00	1326.22
    381	4007f2	     44	    6.0	 1233.0	 1223.2	 0.1210	 3.3959	 100.00	1326.22
    382	4007f2	     44	   12.0	 1235.0	 1223.2	 0.1202	12.6313	 100.00	1326.33
    383	4007f2	     44	    6.0	 1235.0	 1223.3	 0.1198	 5.5889	 100.00	1326.39
    384	4007f2	     44	   12.0	 1231.0	 1223.3	 0.1206	14.0935	 100.00	1326.46
    385	4007f2	     44	    6.0	 1235.0	 1223.3	 0.1212	21.7496	 100.00	1326.54
    386	4007f2	     44	    8.0	 1231.0	 1223.3	 0.1206	 6.8141	 100.00	1326.56
    387	4007f2	     44	   10.0	 1237.0	 1223.4	 0.1195	 5.5591	 100.00	1326.64
    388	4007f2	     44	   10.0	 1235.0	 1223.4	 0.1193	 3.3883	 100.00	1326.70
    389	4007f2	     44	    6.0	 1239.0	 1223.4	 0.1184	 6.4446	 100.00	1326.78
    390	4007f2	     44	   16.0	 1231.0	 1223.5	 0.1197	12.6355	 100.00	1326.85
    391	4007f2	     44	    8.0	 1235.0	 1223.5	 0.1189	 5.7148	 100.00	1326.92
    392	4007f2	     44	   10.0	 1233.0	 1223.5	 0.1197	 5.7552	 100.00	1326.94
    393	4007f2	     44	    6.0	 1233.0	 1223.5	 0.1184	 3.8819	 100.00	1327.03
    394	4007f2	     44	    8.0	 1233.0	 1223.6	 0.1183	 4.6765	 100.00	1327.06
    395	4007f2	     44	   10.0	 1233.0	 1223.6	 0.1175	 2.0661	 100.00	1327.11
    396	4007f2	     44	   12.0	 1235.0	 1223.6	 0.1170	 4.3885	 100.00	1327.14
    397	4007f2	     44	    8.0	 1237.0	 1223.6	 0.1162	 3.2767	 100.00	1327.22
    398	4007f2	     44	    8.0	 1237.0	 1223.7	 0.1165	 8.6153	 100.00	1327.23
    399	4007f2	     44	    6.0	 1237.0	 1223.7	 0.1160	 6.1263	 100.00	1327.30
    400	4007f2	     44	   14.0	 1231.0	 1223.7	 0.1184	21.0420	 100.00	1327.34
    401	4007f2	     44	    8.0	 1235.0	 1223.8	 0.1172	 3.0762	 100.00	1327.42
    402	4007f2	     44	   10.0	 1233.0	 1223.8	 0.1162	 2.1798	 100.00	1327.50
    403	4007f2	     44	    6.0	 1237.0	 1223.8	 0.1154	 9.4822	 100.00	1327.60
    404	4007f2	     44	   10.0	 1235.0	 1223.8	 0.1146	 2.0918	 100.00	1327.69
    405	4007f2	     44	   12.0	 1239.0	 1223.9	 0.1136	 3.4943	 100.00	1327.80
    406	4007f2	     44	    8.0	 1235.0	 1223.9	 0.1124	 6.2333	 100.00	1327.86
    407	4007f2	     44	    6.0	 1239.0	 1223.9	 0.1125	 6.4824	 100.00	1327.96
    408	4007f2	     44	   10.0	 1237.0	 1224.0	 0.1124	 1.1060	 100.00	1328.01
    409	4007f2	     44	    6.0	 1237.0	 1224.0	 0.1117	 3.2315	 100.00	1328.08
    410	4007f2	     44	   22.0	 1229.0	 1224.0	 0.1145	22.8182	 100.00	1328.11
    411	4007f2	     44	    6.0	 1229.0	 1224.0	 0.1134	 2.5925	 100.00	1328.17
    412	4007f2	     44	   10.0	 1231.0	 1224.0	 0.1133	 4.1738	 100.00	1328.25
    413	4007f2	     44	    8.0	 1233.0	 1224.1	 0.1121	 1.3870	 100.00	1328.34
    414	4007f2	     44	   10.0	 1233.0	 1224.1	 0.1114	 3.2956	 100.00	1328.41
    415	4007f2	     44	   10.0	 1233.0	 1224.1	 0.1107	10.7981	 100.00	1328.45
    416	4007f2	     44	    8.0	 1229.0	 1224.1	 0.1108	15.3860	 100.00	1328.47
    417	4007f2	     44	    6.0	 1233.0	 1224.1	 0.1099	 5.3167	 100.00	1328.54
    418	4007f2	     44	   10.0	 1231.0	 1224.2	 0.1096	 2.9335	 100.00	1328.54
    419	4007f2	     44	    8.0	 1235.0	 1224.2	 0.1089	 3.4826	 100.00	1328.59
    420	4007f2	     44	   16.0	 1231.0	 1224.2	 0.1086	 3.3684	 100.00	1328.64
    421	4007f2	     44	    6.0	 1235.0	 1224.2	 0.1076	 4.5561	 100.00	1328.69
    422	4007f2	     44	    8.0	 1231.0	 1224.2	 0.1076	18.0163	 100.00	1328.71
    423	4007f2	     44	   10.0	 1237.0	 1224.3	 0.1074	11.1626	 100.00	1328.77
    424	4007f2	     44	    8.0	 1233.0	 1224.3	 0.1079	11.0710	 100.00	1328.81
    425	4007f2	     44	   10.0	 1233.0	 1224.3	 0.1082	 5.8071	 100.00	1328.87
    426	4007f2	     44	    8.0	 1233.0	 1224.3	 0.1077	 3.6309	 100.00	1328.94
    427	4007f2	     44	    6.0	 1233.0	 1224.4	 0.1069	 1.9724	 100.00	1329.04
    428	4007f2	     44	   14.0	 1237.0	 1224.4	 0.1069	13.5328	 100.00	1329.05
    429	4007f2	     44	    6.0	 1237.0	 1224.4	 0.1063	 1.6488	 100.00	1329.30
    430	4007f2	     44	    8.0	 1237.0	 1224.4	 0.1055	 3.7620	 100.00	1329.32
    431	4007f2	     44	   14.0	 1233.0	 1224.5	 0.1060	 4.1266	 100.00	1329.37
    432	4007f2	     44	    8.0	 1229.0	 1224.5	 0.1059	13.3844	 100.00	1329.43
    433	4007f2	     44	   10.0	 1235.0	 1224.5	 0.1055	 4.6717	 100.00	1329.48
    434	4007f2	     44	    8.0	 1231.0	 1224.5	 0.1052	 6.1045	 100.00	1329.55
    435	4007f2	     44	    6.0	 1235.0	 1224.5	 0.1048	 9.4721	 100.00	1329.61
    436	4007f2	     44	   14.0	 1233.0	 1224.6	 0.1055	 9.7913	 100.00	1329.67
    437	4007f2	     44	    8.0	 1237.0	 1224.6	 0.1047	 4.6771	 100.00	1329.74
    438	4007f2	     44	   10.0	 1235.0	 1224.6	 0.1040	 0.6163	 100.00	1329.80
    439	4007f2	     44	    6.0	 1239.0	 1224.6	 0.1036	 5.3359	 100.00	1329.85
    440	4007f2	     44	    8.0	 1235.0	 1224.7	 0.1036	15.4714	 100.00	1329.91
    441	4007f2	     44	   12.0	 1233.0	 1224.7	 0.1037	13.8043	 100.00	1329.98
    442	4007f2	     44	   10.0	 1233.0	 1224.7	 0.1031	 2.0270	 100.00	1330.01
    443	4007f2	     44	    8.0	 1235.0	 1224.7	 0.1023	 0.9845	 100.00	1330.06
    444	4007f2	     44	   10.0	 1237.0	 1224.8	 0.1018	 5.9869	 100.00	1330.12
    445	4007f2	     44	    6.0	 1237.0	 1224.8	 0.1010	 2.6104	 100.00	1330.15
    446	4007f2	     44	   14.0	 1237.0	 1224.8	 0.1015	14.2866	 100.00	1330.21
    447	4007f2	     44	    6.0	 1237.0	 1224.8	 0.1008	 1.1656	 100.00	1330.26
    448	4007f2	     44	   10.0	 1235.0	 1224.9	 0.1006	 3.8130	 100.00	1330.34
    449	4007f2	     44	    6.0	 1239.0	 1224.9	 0.1004	 5.1116	 100.00	1330.36
    450	4007f2	     44	    8.0	 1235.0	 1224.9	 0.1000	 0.9939	 100.00	1330.42
    451	4007f2	     44	   18.0	 1233.0	 1224.9	 0.1010	19.6965	 100.00	1330.44
    452	4007f2	     44	   10.0	 1231.0	 1224.9	 0.1005	12.1205	 100.00	1330.51
    453	4007f2	     44	    6.0	 1235.0	 1225.0	 0.1001	 7.0862	 100.00	1330.57
    454	4007f2	     44	   10.0	 1233.0	 1225.0	 0.0995	 0.6496	 100.00	1330.64
    455	4007f2	     44	    8.0	 1237.0	 1225.0	 0.0988	 0.8976	 100.00	1330.68
    456	4007f2	     44	   12.0	 1233.0	 1225.0	 0.0991	19.3757	 100.00	1330.75
    457	4007f2	     44	    6.0	 1233.0	 1225.0	 0.0986	 0.8332	 100.00	1330.79
    458	4007f2	     44	    8.0	 1233.0	 1225.1	 0.0989	15.8188	 100.00	1330.86
    459	4007f2	     44	    8.0	 1235.0	 1225.1	 0.0981	 0.7598	 100.00	1330.91
    460	4007f2	     44	   12.0	 1237.0	 1225.1	 0.0978	 4.8394	 100.00	1330.99
    461	4007f2	     44	   12.0	 1235.0	 1225.1	 0.0980	 7.6159	 100.00	1331.02
    462	4007f2	     44	    8.0	 1235.0	 1225.2	 0.0980	 3.7714	 100.00	1331.08
    463	4007f2	     44	    6.0	 1235.0	 1225.2	 0.0974	 0.9957	 100.00	1331.10
    464	4007f2	     44	   10.0	 1233.0	 1225.2	 0.0979	 7.8206	 100.00	1331.17
    465	4007f2	     44	    8.0	 1237.0	 1225.2	 0.0973	 2.4405	 100.00	1331.23
    466	4007f2	     44	   12.0	 1233.0	 1225.2	 0.0968	 1.6791	 100.00	1331.37
    467	4007f2	     44	    6.0	 1237.0	 1225.3	 0.0964	 3.9144	 100.00	1331.39
    468	4007f2	     44	   10.0	 1235.0	 1225.3	 0.0962	 2.1631	 100.00	1331.45
    469	4007f2	     44	   10.0	 1241.0	 1225.3	 0.0959	 2.3144	 100.00	1331.50
    470	4007f2	     44	    8.0	 1237.0	 1225.3	 0.0955	 0.9538	 100.00	1331.58
    471	4007f2	     44	    6.0	 1241.0	 1225.4	 0.0953	 3.4498	 100.00	1331.65
    472	4007f2	     44	   16.0	 1233.0	 1225.4	 0.0965	34.6451	 100.00	1331.73
    473	4007f2	     44	    6.0	 1233.0	 1225.4	 0.0959	 1.1524	 100.00	1331.79
    474	4007f2	     44	   12.0	 1235.0	 1225.4	 0.0956	 6.7777	 100.00	1331.88
    475	4007f2	     44	    6.0	 1235.0	 1225.4	 0.0952	 1.0236	 100.00	1331.93
    476	4007f2	     44	   10.0	 1237.0	 1225.5	 0.0955	13.2521	 100.00	1332.01
    477	4007f2	     44	   10.0	 1237.0	 1225.5	 0.0952	 2.2097	 100.00	1332.08
    478	4007f2	     44	   10.0	 1237.0	 1225.5	 0.0949	10.2891	 100.00	1332.17
    479	4007f2	     44	    8.0	 1239.0	 1225.5	 0.0943	 0.7583	 100.00	1332.22
    480	4007f2	     44	    8.0	 1235.0	 1225.6	 0.0942	10.9379	 100.00	1332.30
    481	4007f2	     44	    6.0	 1239.0	 1225.6	 0.0940	 2.6702	 100.00	1332.36
    482	4007f2	     44	   14.0	 1233.0	 1225.6	 0.0944	13.4563	 100.00	1332.45
    483	4007f2	     44	    8.0	 1237.0	 1225.6	 0.0945	 8.4653	 100.00	1332.52
    484	4007f2	     44	   12.0	 1237.0	 1225.7	 0.0943	 0.8809	 100.00	1332.60
    485	4007f2	     44	    6.0	 1241.0	 1225.7	 0.0939	 1.1686	 100.00	1332.66
    486	4007f2	     44	    8.0	 1237.0	 1225.7	 0.0936	 4.8288	 100.00	1332.73
    487	4007f2	     44	   12.0	 1241.0	 1225.7	 0.0938	 9.9000	 100.00	1332.89
    488	4007f2	     44	    8.0	 1237.0	 1225.8	 0.0938	 1.6765	 100.00	1332.97
    489	4007f2	     44	    8.0	 1239.0	 1225.8	 0.0937	 2.6244	 100.00	1333.05
./asc:main.c:284: warning: worker pid `12540' SIGSEGV: bad speculation?
    490	4007f2	     44	    8.0	 1239.0	 1225.8	 0.0934	 3.1607	 100.00	1333.21
    491	4007f2	     44	    6.0	 1239.0	 1225.8	 0.0929	 3.5491	 100.00	1333.28
    492	4007f2	     44	   26.0	 1231.0	 1225.9	 0.0944	13.3240	 100.00	1333.36
    493	4007f2	     44	    6.0	 1231.0	 1225.9	 0.0942	 2.5786	 100.00	1333.41
    494	4007f2	     44	    8.0	 1231.0	 1225.9	 0.0950	46.0247	 100.00	1333.48
    495	4007f2	     44	    8.0	 1233.0	 1225.9	 0.0944	 0.6284	 100.00	1333.55
    496	4007f2	     44	    8.0	 1229.0	 1225.9	 0.0941	 2.6691	 100.00	1333.65
    497	4007f2	     44	   12.0	 1233.0	 1225.9	 0.0938	 4.7469	 100.00	1333.68
    498	4007f2	     44	    8.0	 1229.0	 1225.9	 0.0936	 3.2567	 100.00	1333.78
    499	4007f2	     44	    6.0	 1233.0	 1225.9	 0.0934	 6.6412	 100.00	1333.80
    500	4007f2	     44	   12.0	 1233.0	 1225.9	 0.0933	12.5704	 100.00	1333.89
    501	4007f2	     44	    8.0	 1237.0	 1226.0	 0.0930	 8.7868	 100.00	1333.94
    502	4007f2	     44	   14.0	 1231.0	 1226.0	 0.0932	20.4321	 100.00	1334.00
    503	4007f2	     44	    6.0	 1235.0	 1226.0	 0.0927	 1.8409	 100.00	1334.07
    504	4007f2	     44	    8.0	 1231.0	 1226.0	 0.0926	 9.4156	 100.00	1334.12
    505	4007f2	     44	    8.0	 1233.0	 1226.0	 0.0921	 0.6701	 100.00	1334.18
    506	4007f2	     44	   10.0	 1233.0	 1226.0	 0.0922	 9.6369	 100.00	1334.25
    507	4007f2	     44	   10.0	 1233.0	 1226.0	 0.0920	 4.9735	 100.00	1334.32
    508	4007f2	     44	   10.0	 1235.0	 1226.1	 0.0915	 2.3960	 100.00	1334.38
    509	4007f2	     44	    6.0	 1235.0	 1226.1	 0.0912	 0.4969	 100.00	1334.45
    510	4007f2	     44	   12.0	 1237.0	 1226.1	 0.0911	 6.7031	 100.00	1334.49
    511	4007f2	     44	    6.0	 1237.0	 1226.1	 0.0909	 3.2645	 100.00	1334.57
    512	4007f2	     44	   16.0	 1229.0	 1226.1	 0.0919	35.0643	 100.00	1334.62
    513	4007f2	     44	    6.0	 1233.0	 1226.1	 0.0917	 1.7585	 100.00	1334.69
    514	4007f2	     44	    8.0	 1229.0	 1226.1	 0.0914	 3.6110	 100.00	1334.75
    515	4007f2	     44	   10.0	 1235.0	 1226.2	 0.0910	 1.2607	 100.00	1334.82
    516	4007f2	     44	   10.0	 1233.0	 1226.2	 0.0905	 0.9618	 100.00	1334.87
    517	4007f2	     44	    6.0	 1237.0	 1226.2	 0.0903	 1.8007	 100.00	1334.94
    518	4007f2	     44	   12.0	 1233.0	 1226.2	 0.0902	 5.0416	 100.00	1335.00
    519	4007f2	     44	    8.0	 1237.0	 1226.2	 0.0899	 1.3872	 100.00	1335.08
    520	4007f2	     44	   10.0	 1235.0	 1226.2	 0.0899	16.4775	 100.00	1335.15
    521	4007f2	     44	    6.0	 1235.0	 1226.3	 0.0895	 0.7892	 100.00	1335.21
    522	4007f2	     44	    8.0	 1235.0	 1226.3	 0.0893	 5.5655	 100.00	1335.24
    523	4007f2	     44	   12.0	 1233.0	 1226.3	 0.0895	12.4475	 100.00	1335.31
    524	4007f2	     44	   12.0	 1235.0	 1226.3	 0.0891	 2.2480	 100.00	1335.37
    525	4007f2	     44	    8.0	 1237.0	 1226.3	 0.0888	 5.6607	 100.00	1335.44
    526	4007f2	     44	    8.0	 1237.0	 1226.4	 0.0884	 8.9158	 100.00	1335.50
    527	4007f2	     44	    6.0	 1237.0	 1226.4	 0.0880	 0.4867	 100.00	1335.54
    528	4007f2	     44	   12.0	 1233.0	 1226.4	 0.0886	10.0096	 100.00	1335.60
    529	4007f2	     44	    8.0	 1237.0	 1226.4	 0.0882	 1.1188	 100.00	1335.67
    530	4007f2	     44	   10.0	 1235.0	 1226.4	 0.0878	 0.8427	 100.00	1335.71
    531	4007f2	     44	    6.0	 1239.0	 1226.4	 0.0874	 4.2130	 100.00	1335.77
    532	4007f2	     44	   10.0	 1237.0	 1226.5	 0.0871	 0.9855	 100.00	1335.79
    533	4007f2	     44	   18.0	 1235.0	 1226.5	 0.0878	13.0052	 100.00	1335.84
    534	4007f2	     44	    8.0	 1231.0	 1226.5	 0.0876	 0.6384	 100.00	1335.83
    535	4007f2	     44	    6.0	 1235.0	 1226.5	 0.0878	15.1943	 100.00	1335.89
    536	4007f2	     44	   10.0	 1233.0	 1226.5	 0.0877	 4.0058	 100.00	1335.90
    537	4007f2	     44	    6.0	 1233.0	 1226.5	 0.0874	 0.5903	 100.00	1335.96
    538	4007f2	     44	   14.0	 1233.0	 1226.5	 0.0872	 2.0601	 100.00	1336.03
    539	4007f2	     44	    6.0	 1233.0	 1226.6	 0.0868	 0.7039	 100.00	1336.10
    540	4007f2	     44	   10.0	 1235.0	 1226.6	 0.0866	 3.3342	 100.00	1336.16
    541	4007f2	     44	    8.0	 1237.0	 1226.6	 0.0862	 0.6987	 100.00	1336.24
    542	4007f2	     44	   10.0	 1237.0	 1226.6	 0.0860	 6.7841	 100.00	1336.26
    543	4007f2	     44	   12.0	 1235.0	 1226.6	 0.0860	11.2099	 100.00	1336.33
    544	4007f2	     44	    8.0	 1231.0	 1226.6	 0.0859	 0.7534	 100.00	1336.37
    545	4007f2	     44	    6.0	 1235.0	 1226.6	 0.0860	10.6449	 100.00	1336.41
    546	4007f2	     44	   10.0	 1233.0	 1226.7	 0.0859	14.9206	 100.00	1336.43
    547	4007f2	     44	    8.0	 1237.0	 1226.7	 0.0859	 1.9233	 100.00	1336.48
    548	4007f2	     44	   14.0	 1235.0	 1226.7	 0.0857	 8.9758	 100.00	1336.50
    549	4007f2	     44	    6.0	 1239.0	 1226.7	 0.0855	13.5238	 100.00	1336.54
    550	4007f2	     44	    8.0	 1235.0	 1226.7	 0.0852	 1.1869	 100.00	1336.52
    551	4007f2	     44	   10.0	 1241.0	 1226.8	 0.0849	 6.3029	 100.00	1336.58
    552	4007f2	     44	    8.0	 1237.0	 1226.8	 0.0847	 0.4883	 100.00	1336.58
    553	4007f2	     44	   14.0	 1233.0	 1226.8	 0.0851	 3.0918	 100.00	1336.63
    554	4007f2	     44	    8.0	 1233.0	 1226.8	 0.0853	 7.3936	 100.00	1336.65
    555	4007f2	     44	    6.0	 1233.0	 1226.8	 0.0851	 1.8910	 100.00	1336.70
    556	4007f2	     44	   14.0	 1237.0	 1226.8	 0.0849	 1.7529	 100.00	1336.71
    557	4007f2	     44	    6.0	 1237.0	 1226.8	 0.0846	 0.7209	 100.00	1336.76
    558	4007f2	     44	    8.0	 1237.0	 1226.9	 0.0845	12.2410	 100.00	1336.77
    559	4007f2	     44	   10.0	 1237.0	 1226.9	 0.0845	13.2793	 100.00	1336.81
    560	4007f2	     44	    8.0	 1233.0	 1226.9	 0.0849	 5.9401	 100.00	1336.84
    561	4007f2	     44	   10.0	 1239.0	 1226.9	 0.0846	 1.8075	 100.00	1336.89
    562	4007f2	     44	    8.0	 1235.0	 1226.9	 0.0842	 0.8110	 100.00	1336.92
    563	4007f2	     44	    6.0	 1239.0	 1226.9	 0.0843	 4.9151	 100.00	1336.96
    564	4007f2	     44	   16.0	 1235.0	 1227.0	 0.0845	 5.5064	 100.00	1336.96
    565	4007f2	     44	    8.0	 1239.0	 1227.0	 0.0842	 0.7767	 100.00	1337.01
    566	4007f2	     44	   10.0	 1237.0	 1227.0	 0.0839	 1.1274	 100.00	1337.03
    567	4007f2	     44	    6.0	 1241.0	 1227.0	 0.0836	 2.6964	 100.00	1337.07
    568	4007f2	     44	    8.0	 1237.0	 1227.0	 0.0834	 0.7477	 100.00	1337.10
    569	4007f2	     44	   10.0	 1237.0	 1227.1	 0.0831	 0.9769	 100.00	1337.11
    570	4007f2	     44	   10.0	 1237.0	 1227.1	 0.0830	 7.4701	 100.00	1337.14
    571	4007f2	     44	    8.0	 1239.0	 1227.1	 0.0828	 2.6993	 100.00	1337.18
    572	4007f2	     44	   10.0	 1241.0	 1227.1	 0.0827	 2.8542	 100.00	1337.21
    573	4007f2	     44	    6.0	 1241.0	 1227.1	 0.0825	 2.7578	 100.00	1337.24
    574	4007f2	     44	   22.0	 1233.0	 1227.2	 0.0832	30.2526	 100.00	1337.28
    575	4007f2	     44	    6.0	 1233.0	 1227.2	 0.0831	 0.2732	 100.00	1337.30
    576	4007f2	     44	   10.0	 1231.0	 1227.2	 0.0832	 3.1323	 100.00	1337.36
    577	4007f2	     44	    6.0	 1235.0	 1227.2	 0.0828	 0.9716	 100.00	1337.41
    578	4007f2	     44	    8.0	 1231.0	 1227.2	 0.0826	 1.0225	 100.00	1337.44
    579	4007f2	     44	   12.0	 1235.0	 1227.2	 0.0825	 6.1232	 100.00	1337.46
    580	4007f2	     44	   10.0	 1233.0	 1227.2	 0.0822	 0.5174	 100.00	1337.49
    581	4007f2	     44	    6.0	 1237.0	 1227.2	 0.0822	10.6461	 100.00	1337.51
    582	4007f2	     44	   10.0	 1235.0	 1227.2	 0.0818	 0.6623	 100.00	1337.54
    583	4007f2	     44	    8.0	 1239.0	 1227.3	 0.0817	 1.5670	 100.00	1337.55
    584	4007f2	     44	   14.0	 1233.0	 1227.3	 0.0819	 3.8279	 100.00	1337.58
    585	4007f2	     44	    6.0	 1233.0	 1227.3	 0.0816	 0.2705	 100.00	1337.60
    586	4007f2	     44	    8.0	 1233.0	 1227.3	 0.0815	 2.8681	 100.00	1337.64
    587	4007f2	     44	    8.0	 1235.0	 1227.3	 0.0813	 0.7559	 100.00	1337.64
    588	4007f2	     44	   12.0	 1237.0	 1227.3	 0.0810	 1.7260	 100.00	1337.68
    589	4007f2	     44	   10.0	 1237.0	 1227.3	 0.0808	 2.8143	 100.00	1337.70
    590	4007f2	     44	    8.0	 1237.0	 1227.4	 0.0805	 2.1921	 100.00	1337.73
    591	4007f2	     44	    6.0	 1237.0	 1227.4	 0.0802	 0.9553	 100.00	1337.75
    592	4007f2	     44	   10.0	 1235.0	 1227.4	 0.0803	11.4372	 100.00	1337.79
    593	4007f2	     44	    8.0	 1239.0	 1227.4	 0.0802	 9.6534	 100.00	1337.79
    594	4007f2	     44	   16.0	 1231.0	 1227.4	 0.0805	 6.3727	 100.00	1337.82
    595	4007f2	     44	    6.0	 1235.0	 1227.4	 0.0802	 1.9738	 100.00	1337.84
    596	4007f2	     44	   10.0	 1233.0	 1227.4	 0.0802	 5.9074	 100.00	1337.88
    597	4007f2	     44	   10.0	 1239.0	 1227.5	 0.0800	 3.0635	 100.00	1338.00
    598	4007f2	     44	    8.0	 1235.0	 1227.5	 0.0797	 0.9914	 100.00	1338.06
    599	4007f2	     44	    6.0	 1239.0	 1227.5	 0.0797	 4.3429	 100.00	1338.10
    600	4007f2	     44	   12.0	 1235.0	 1227.5	 0.0798	 4.3710	 100.00	1338.15
    601	4007f2	     44	    6.0	 1235.0	 1227.5	 0.0795	 0.3231	 100.00	1338.20
    602	4007f2	     44	   12.0	 1237.0	 1227.5	 0.0795	 5.6067	 100.00	1338.26
    603	4007f2	     44	    6.0	 1237.0	 1227.5	 0.0792	 0.6721	 100.00	1338.31
    604	4007f2	     44	   10.0	 1239.0	 1227.6	 0.0795	18.7198	 100.00	1338.36
    605	4007f2	     44	   12.0	 1237.0	 1227.6	 0.0797	16.4719	 100.00	1338.39
    606	4007f2	     44	   10.0	 1237.0	 1227.6	 0.0795	 0.4233	 100.00	1338.44
    607	4007f2	     44	    8.0	 1239.0	 1227.6	 0.0793	 0.8654	 100.00	1338.48
    608	4007f2	     44	    8.0	 1235.0	 1227.6	 0.0793	12.1742	 100.00	1338.64
    609	4007f2	     44	    6.0	 1239.0	 1227.6	 0.0792	 9.0355	 100.00	1338.69
    610	4007f2	     44	   12.0	 1235.0	 1227.7	 0.0790	 2.1878	 100.00	1338.74
    611	4007f2	     44	    8.0	 1239.0	 1227.7	 0.0788	 2.5267	 100.00	1338.77
    612	4007f2	     44	   12.0	 1239.0	 1227.7	 0.0788	 2.8676	 100.00	1338.81
    613	4007f2	     44	    6.0	 1243.0	 1227.7	 0.0786	 2.7713	 100.00	1338.86
    614	4007f2	     44	    8.0	 1239.0	 1227.7	 0.0784	 1.7244	 100.00	1338.91
    615	4007f2	     44	   18.0	 1237.0	 1227.8	 0.0787	 9.8384	 100.00	1338.94
    616	4007f2	     44	    8.0	 1233.0	 1227.8	 0.0786	 1.7396	 100.00	1338.98
    617	4007f2	     44	    8.0	 1235.0	 1227.8	 0.0785	 2.9684	 100.00	1339.00
    618	4007f2	     44	    8.0	 1235.0	 1227.8	 0.0782	 1.2715	 100.00	1339.04
    619	4007f2	     44	    6.0	 1235.0	 1227.8	 0.0780	 1.5175	 100.00	1339.07
    620	4007f2	     44	   16.0	 1237.0	 1227.8	 0.0781	 7.0245	 100.00	1339.11
    621	4007f2	     44	    6.0	 1237.0	 1227.8	 0.0778	 0.3483	 100.00	1339.15
    622	4007f2	     44	    8.0	 1237.0	 1227.8	 0.0778	 7.3389	 100.00	1339.19
    623	4007f2	     44	    8.0	 1239.0	 1227.9	 0.0776	 0.9010	 100.00	1339.31
    624	4007f2	     44	    8.0	 1235.0	 1227.9	 0.0777	15.7199	 100.00	1339.37
    625	4007f2	     44	   14.0	 1237.0	 1227.9	 0.0777	11.6542	 100.00	1339.40
    626	4007f2	     44	    8.0	 1233.0	 1227.9	 0.0775	 0.4934	 100.00	1339.45
    627	4007f2	     44	    6.0	 1237.0	 1227.9	 0.0775	 3.2573	 100.00	1339.47
    628	4007f2	     44	   12.0	 1237.0	 1227.9	 0.0776	16.5305	 100.00	1339.51
    629	4007f2	     44	    8.0	 1241.0	 1227.9	 0.0774	 0.7338	 100.00	1339.53
    630	4007f2	     44	   12.0	 1237.0	 1228.0	 0.0774	 9.1856	 100.00	1339.56
    631	4007f2	     44	    6.0	 1241.0	 1228.0	 0.0774	 3.5713	 100.00	1339.57
    632	4007f2	     44	    8.0	 1237.0	 1228.0	 0.0774	11.2006	 100.00	1339.63
    633	4007f2	     44	    8.0	 1239.0	 1228.0	 0.0772	 0.4654	 100.00	1339.65
    634	4007f2	     44	   10.0	 1239.0	 1228.0	 0.0770	 0.6491	 100.00	1339.71
    635	4007f2	     44	   14.0	 1235.0	 1228.0	 0.0772	13.7907	 100.00	1339.71
    636	4007f2	     44	   10.0	 1237.0	 1228.1	 0.0770	 0.8539	 100.00	1339.74
    637	4007f2	     44	    6.0	 1237.0	 1228.1	 0.0769	 9.4442	 100.00	1339.79
    638	4007f2	     44	   12.0	 1239.0	 1228.1	 0.0767	 0.6558	 100.00	1339.83
    639	4007f2	     44	    6.0	 1239.0	 1228.1	 0.0765	 1.3901	 100.00	1339.86
    640	4007f2	     44	   12.0	 1235.0	 1228.1	 0.0769	45.4057	 100.00	1339.88
    641	4007f2	     44	    6.0	 1239.0	 1228.1	 0.0768	 2.7943	 100.00	1339.91
    642	4007f2	     44	    8.0	 1235.0	 1228.1	 0.0766	 0.2824	 100.00	1339.95
    643	4007f2	     44	   10.0	 1241.0	 1228.2	 0.0765	 4.3181	 100.00	1339.98
    644	4007f2	     44	   10.0	 1239.0	 1228.2	 0.0763	 0.8125	 100.00	1340.02
    645	4007f2	     44	    6.0	 1243.0	 1228.2	 0.0764	 5.6813	 100.00	1339.43
    646	4007f2	     44	   14.0	 1237.0	 1228.2	 0.0765	26.7548	 100.00	1338.82
    647	4007f2	     44	    8.0	 1241.0	 1228.2	 0.0763	 0.5491	 100.00	1338.31
    648	4007f2	     44	   10.0	 1239.0	 1228.2	 0.0762	16.8501	 100.00	1337.73
    649	4007f2	     44	    6.0	 1239.0	 1228.3	 0.0760	 0.3921	 100.00	1337.18
    650	4007f2	     44	    8.0	 1239.0	 1228.3	 0.0759	 3.9266	 100.00	1336.64
    651	4007f2	     44	   10.0	 1239.0	 1228.3	 0.0759	 1.3914	 100.00	1336.63
    652	4007f2	     44	   12.0	 1241.0	 1228.3	 0.0757	 0.5892	 100.00	1336.65
    653	4007f2	     44	    8.0	 1243.0	 1228.3	 0.0755	 0.5552	 100.00	1336.68
    654	4007f2	     44	    8.0	 1243.0	 1228.4	 0.0754	 3.3642	 100.00	1336.74
    655	4007f2	     44	    6.0	 1243.0	 1228.4	 0.0753	 7.4513	 100.00	1336.77
    656	4007f2	     45	   26.0	 1225.0	 1228.4	 0.2506	30.8827	 100.00	1336.63
    657	4007f2	     45	    8.0	 1229.0	 1228.4	 0.2586	33.1569	 100.00	1336.18
    658	4007f2	     45	   10.0	 1227.0	 1228.4	 0.2331	12.6806	 100.00	1336.26
    659	4007f2	     45	    6.0	 1231.0	 1228.4	 0.2054	 9.6308	 100.00	1336.30
    660	4007f2	     45	   10.0	 1229.0	 1228.4	 0.1914	10.6942	 100.00	1336.23
    661	4007f2	     45	   12.0	 1233.0	 1228.4	 0.1805	12.2957	 100.00	1336.19
    662	4007f2	     45	    8.0	 1229.0	 1228.4	 0.1697	11.0523	 100.00	1336.00
    663	4007f2	     45	    6.0	 1233.0	 1228.4	 0.1576	 9.3955	 100.00	1335.83
    664	4007f2	     45	   10.0	 1231.0	 1228.4	 0.1605	20.8689	 100.00	1335.44
    665	4007f2	     45	    6.0	 1231.0	 1228.4	 0.1527	 5.6478	 100.00	1335.02
    666	4007f2	     45	   16.0	 1229.0	 1228.4	 0.1530	12.2083	 100.00	1334.83
    667	4007f2	     45	    6.0	 1229.0	 1228.4	 0.1498	10.8118	 100.00	1334.74
    668	4007f2	     45	   10.0	 1231.0	 1228.4	 0.1475	13.3864	 100.00	1334.79
    669	4007f2	     45	    8.0	 1233.0	 1228.4	 0.1441	 9.3428	 100.00	1334.83
    670	4007f2	     45	   10.0	 1233.0	 1228.4	 0.1390	 6.6105	 100.00	1334.89
    671	4007f2	     45	   10.0	 1233.0	 1228.4	 0.1374	14.6612	 100.00	1334.95
    672	4007f2	     45	    8.0	 1229.0	 1228.4	 0.1360	12.5591	 100.00	1335.01
    673	4007f2	     45	    6.0	 1233.0	 1228.4	 0.1348	13.9869	 100.00	1335.04
    674	4007f2	     45	   10.0	 1231.0	 1228.4	 0.1315	 4.3432	 100.00	1335.09
    675	4007f2	     45	    8.0	 1235.0	 1228.5	 0.1289	 8.1333	 100.00	1335.14
    676	4007f2	     45	   18.0	 1229.0	 1228.5	 0.1331	47.4694	 100.00	1335.20
    677	4007f2	     45	    6.0	 1233.0	 1228.5	 0.1345	17.7925	 100.00	1335.24
    678	4007f2	     45	    8.0	 1229.0	 1228.5	 0.1303	 1.9465	 100.00	1335.28
    679	4007f2	     45	   10.0	 1235.0	 1228.5	 0.1299	13.9930	 100.00	1335.31
    680	4007f2	     45	    8.0	 1231.0	 1228.5	 0.1283	 7.2152	 100.00	1335.34
    681	4007f2	     45	   10.0	 1231.0	 1228.5	 0.1286	10.2333	 100.00	1335.37
    682	4007f2	     45	    8.0	 1231.0	 1228.5	 0.1275	 8.5735	 100.00	1335.41
    683	4007f2	     45	    6.0	 1231.0	 1228.5	 0.1248	 6.3980	 100.00	1335.44
    684	4007f2	     45	   14.0	 1235.0	 1228.5	 0.1249	 9.7699	 100.00	1335.49
    685	4007f2	     45	    6.0	 1235.0	 1228.5	 0.1225	 3.8714	 100.00	1335.49
    686	4007f2	     45	    8.0	 1235.0	 1228.5	 0.1213	 7.1878	 100.00	1335.52
    687	4007f2	     45	   12.0	 1233.0	 1228.5	 0.1225	13.6975	 100.00	1335.58
    688	4007f2	     45	    8.0	 1229.0	 1228.5	 0.1226	 7.4883	 100.00	1335.64
    689	4007f2	     45	   10.0	 1235.0	 1228.5	 0.1218	 6.1298	 100.00	1335.69
    690	4007f2	     45	    8.0	 1231.0	 1228.5	 0.1203	 5.7239	 100.00	1335.74
    691	4007f2	     45	    6.0	 1235.0	 1228.5	 0.1195	 8.1197	 100.00	1335.75
    692	4007f2	     45	   14.0	 1233.0	 1228.5	 0.1205	13.5868	 100.00	1335.79
    693	4007f2	     45	    8.0	 1237.0	 1228.6	 0.1193	 3.3862	 100.00	1335.82
    694	4007f2	     45	   10.0	 1235.0	 1228.6	 0.1181	10.3867	 100.00	1335.86
    695	4007f2	     45	    6.0	 1239.0	 1228.6	 0.1180	 7.6595	 100.00	1335.90
    696	4007f2	     45	    8.0	 1235.0	 1228.6	 0.1183	10.6012	 100.00	1335.96
    697	4007f2	     45	   16.0	 1229.0	 1228.6	 0.1203	22.2983	 100.00	1335.96
    698	4007f2	     45	   10.0	 1229.0	 1228.6	 0.1196	 6.4862	 100.00	1336.01
    699	4007f2	     45	    8.0	 1231.0	 1228.6	 0.1191	 6.3940	 100.00	1336.04
    700	4007f2	     45	   10.0	 1233.0	 1228.6	 0.1190	14.4427	 100.00	1336.08
    701	4007f2	     45	    6.0	 1233.0	 1228.6	 0.1179	 5.8158	 100.00	1336.12
    702	4007f2	     45	   14.0	 1233.0	 1228.6	 0.1176	 8.4212	 100.00	1336.14
    703	4007f2	     45	    6.0	 1233.0	 1228.6	 0.1164	 4.1973	 100.00	1336.18
    704	4007f2	     45	   10.0	 1231.0	 1228.6	 0.1162	 7.2076	 100.00	1336.22
    705	4007f2	     45	    6.0	 1235.0	 1228.6	 0.1164	11.7658	 100.00	1336.26
    706	4007f2	     45	    8.0	 1231.0	 1228.6	 0.1155	 4.3173	 100.00	1336.29
    707	4007f2	     45	   14.0	 1233.0	 1228.6	 0.1159	 7.8666	 100.00	1336.33
    708	4007f2	     45	   10.0	 1231.0	 1228.6	 0.1148	 4.3397	 100.00	1336.36
    709	4007f2	     45	    6.0	 1235.0	 1228.7	 0.1139	 5.1404	 100.00	1336.40
    710	4007f2	     45	   10.0	 1233.0	 1228.7	 0.1132	 8.9858	 100.00	1336.43
    711	4007f2	     45	    8.0	 1237.0	 1228.7	 0.1114	 3.9808	 100.00	1336.47
    712	4007f2	     45	   12.0	 1233.0	 1228.7	 0.1116	 5.0654	 100.00	1336.51
    713	4007f2	     45	    6.0	 1233.0	 1228.7	 0.1104	 5.9537	 100.00	1336.54
    714	4007f2	     45	    8.0	 1233.0	 1228.7	 0.1098	 6.1135	 100.00	1336.57
    715	4007f2	     45	    8.0	 1235.0	 1228.7	 0.1095	11.7404	 100.00	1336.61
    716	4007f2	     45	   12.0	 1237.0	 1228.7	 0.1092	 9.5876	 100.00	1336.65
    717	4007f2	     45	   14.0	 1233.0	 1228.7	 0.1100	 9.7139	 100.00	1336.69
    718	4007f2	     45	    8.0	 1233.0	 1228.7	 0.1095	 2.9136	 100.00	1336.72
    719	4007f2	     45	    6.0	 1233.0	 1228.7	 0.1091	 4.7130	 100.00	1336.76
    720	4007f2	     45	   10.0	 1231.0	 1228.7	 0.1088	 6.9617	 100.00	1336.79
    721	4007f2	     45	    8.0	 1235.0	 1228.7	 0.1077	 2.9248	 100.00	1336.82
    722	4007f2	     45	   12.0	 1231.0	 1228.7	 0.1071	 8.2708	 100.00	1336.85
    723	4007f2	     45	    6.0	 1235.0	 1228.8	 0.1060	 2.3862	 100.00	1336.89
    724	4007f2	     45	   10.0	 1233.0	 1228.8	 0.1053	 2.8626	 100.00	1336.90
    725	4007f2	     45	   10.0	 1239.0	 1228.8	 0.1047	 5.0267	 100.00	1336.95
    726	4007f2	     45	    8.0	 1235.0	 1228.8	 0.1044	 8.2245	 100.00	1336.96
    727	4007f2	     45	    6.0	 1239.0	 1228.8	 0.1036	 2.0321	 100.00	1337.00
    728	4007f2	     45	   14.0	 1233.0	 1228.8	 0.1049	16.7203	 100.00	1337.03
    729	4007f2	     45	    6.0	 1233.0	 1228.8	 0.1048	14.5397	 100.00	1337.07
    730	4007f2	     45	   12.0	 1235.0	 1228.8	 0.1042	 2.7434	 100.00	1337.11
    731	4007f2	     45	    6.0	 1235.0	 1228.8	 0.1036	 6.8557	 100.00	1337.15
    732	4007f2	     45	   10.0	 1237.0	 1228.8	 0.1038	13.3806	 100.00	1337.19
    733	4007f2	     45	   10.0	 1237.0	 1228.8	 0.1045	17.9152	 100.00	1337.24
    734	4007f2	     45	   10.0	 1237.0	 1228.9	 0.1039	 2.5899	 100.00	1337.27
    735	4007f2	     45	    8.0	 1239.0	 1228.9	 0.1038	 8.9923	 100.00	1337.31
    736	4007f2	     45	    8.0	 1235.0	 1228.9	 0.1039	13.4585	 100.00	1337.35
    737	4007f2	     45	    6.0	 1239.0	 1228.9	 0.1037	 2.8239	 100.00	1337.39
    738	4007f2	     45	   20.0	 1227.0	 1228.9	 0.1053	23.8272	 100.00	1337.48
    739	4007f2	     45	    8.0	 1231.0	 1228.9	 0.1053	13.0803	 100.00	1337.51
    740	4007f2	     45	   12.0	 1231.0	 1228.9	 0.1048	 8.2438	 100.00	1337.54
    741	4007f2	     45	    6.0	 1235.0	 1228.9	 0.1037	 2.4057	 100.00	1337.58
    742	4007f2	     45	    8.0	 1231.0	 1228.9	 0.1031	 9.6591	 100.00	1337.61
    743	4007f2	     45	   12.0	 1235.0	 1228.9	 0.1027	 6.8626	 100.00	1337.65
    744	4007f2	     45	    8.0	 1231.0	 1228.9	 0.1028	10.4773	 100.00	1337.67
    745	4007f2	     45	    8.0	 1233.0	 1228.9	 0.1028	 7.4686	 100.00	1337.71
    746	4007f2	     45	    8.0	 1233.0	 1228.9	 0.1026	 4.3070	 100.00	1337.82
    747	4007f2	     45	    6.0	 1233.0	 1228.9	 0.1021	 3.4449	 100.00	1337.87
    748	4007f2	     45	   18.0	 1233.0	 1228.9	 0.1025	19.1617	 100.00	1337.91
    749	4007f2	     45	    6.0	 1233.0	 1228.9	 0.1017	 3.2359	 100.00	1337.95
    750	4007f2	     45	    8.0	 1233.0	 1229.0	 0.1010	 2.9599	 100.00	1337.97
    751	4007f2	     45	    8.0	 1235.0	 1229.0	 0.1005	13.9969	 100.00	1338.01
    752	4007f2	     45	    8.0	 1231.0	 1229.0	 0.1011	 6.3714	 100.00	1338.04
    753	4007f2	     45	   12.0	 1235.0	 1229.0	 0.1012	 6.4864	 100.00	1338.08
    754	4007f2	     45	    8.0	 1231.0	 1229.0	 0.1003	 2.1812	 100.00	1338.20
    755	4007f2	     45	    6.0	 1235.0	 1229.0	 0.0998	 3.2224	 100.00	1337.53
    756	400160	     45	    6.0	 1235.0	 1229.0	 0.0998	 3.2224	 100.00	1336.03
