./asc:main.c:294: warning: auxv random bytes were not cleared
  Round	    PC	Excited	Hamming	   Loss	 Regret	    MSE	  Error	   MIPS
      0	400144	     45	42312.0	42312.0	42312.0	 0.1317	 100.00	  46.25
      1	4007f6	     45	 1219.0	43529.0	21764.5	 0.1197	 100.00	 197.03
      2	4007f6	     45	    8.0	43529.0	14509.7	 0.0798	 100.00	 320.42
      3	4007f6	     45	   10.0	43531.0	10882.8	 0.0599	 100.00	 412.66
      4	4007f6	     45	   10.0	43529.0	17412.0	 0.0480	 100.00	 485.68
      5	4007f6	     45	    6.0	43535.0	21765.8	 0.0400	 100.00	 544.26
      6	4007f6	     45	   12.0	43531.0	24875.1	 0.0349	 100.00	 601.51
      7	4007f6	     45	    8.0	43535.0	27207.6	 0.0305	 100.00	 657.22
      8	4007f6	     45	   10.0	43529.0	29021.1	 0.0271	 100.00	 703.65
      9	4007f6	     45	    6.0	43531.0	30472.1	 0.0244	 100.00	 749.14
     10	4007f6	     45	    8.0	43535.0	31659.6	 0.0223	 100.00	 786.41
     11	4007f6	     45	   12.0	43531.0	32648.9	 0.0205	 100.00	 820.67
     12	4007f6	     45	   12.0	43531.0	33486.0	 0.0189	 100.00	 847.95
     13	4007f6	     45	    8.0	43531.0	34203.5	 0.0176	 100.00	 868.74
     14	4007f6	     45	    8.0	43535.0	34825.6	 0.0165	 100.00	 887.10
     15	4007f6	     45	    6.0	43537.0	35370.1	 0.0155	 100.00	 904.47
     16	4007f6	     45	   12.0	43529.0	35850.0	 0.0146	 100.00	 919.74
     17	4007f6	     45	    8.0	43533.0	36276.8	 0.0138	 100.00	 934.28
     18	4007f6	     45	   10.0	43531.0	36658.6	 0.0131	 100.00	 949.29
     19	4007f6	     45	    6.0	43537.0	37002.6	 0.0125	 100.00	 964.72
     20	4007f6	     45	   10.0	43535.0	37313.6	 0.0119	 100.00	 978.66
     21	4007f6	     45	   16.0	43531.0	37596.2	 0.0138	 100.00	 992.09
     22	4007f6	     45	    8.0	43531.0	37854.3	 0.0132	 100.00	1004.27
     23	4007f6	     45	    6.0	43537.0	38091.0	 0.0127	 100.00	1015.93
     24	4007f6	     45	   10.0	43531.0	38308.6	 0.0122	 100.00	1026.38
     25	4007f6	     45	    6.0	43533.0	38509.6	 0.0117	 100.00	1036.76
     26	4007f6	     45	   14.0	43531.0	38695.6	 0.0113	 100.00	1046.34
     27	4007f6	     45	    6.0	43533.0	38868.3	 0.0109	 100.00	1055.42
     28	4007f6	     45	   10.0	43535.0	39029.2	 0.0106	 100.00	1063.97
     29	4007f6	     45	    8.0	43535.0	39179.4	 0.0102	 100.00	1072.19
     30	4007f6	     45	   10.0	43537.0	39320.0	 0.0099	 100.00	1079.51
     31	4007f6	     45	   12.0	43533.0	39451.7	 0.0096	 100.00	1086.93
     32	4007f6	     45	    8.0	43529.0	39575.2	 0.0093	 100.00	1093.90
     33	4007f6	     45	    6.0	43535.0	39691.7	 0.0090	 100.00	1100.62
     34	4007f6	     45	   10.0	43533.0	39801.4	 0.0088	 100.00	1106.79
     35	4007f6	     45	    8.0	43537.0	39905.2	 0.0085	 100.00	1113.29
     36	4007f6	     45	   14.0	43531.0	40003.2	 0.0084	 100.00	1118.69
     37	4007f6	     45	    6.0	43537.0	40096.2	 0.0082	 100.00	1124.22
     38	4007f6	     45	    8.0	43537.0	40184.4	 0.0080	 100.00	1129.09
     39	4007f6	     45	   10.0	43539.0	40268.3	 0.0079	 100.00	1134.12
     40	4007f6	     45	    8.0	43535.0	40348.0	 0.0077	 100.00	1138.99
     41	4007f6	     45	   16.0	43527.0	40423.6	 0.0093	 100.00	1143.46
     42	4007f6	     45	    8.0	43531.0	40495.9	 0.0091	 100.00	1147.90
     43	4007f6	     45	    6.0	43533.0	40564.9	 0.0089	 100.00	1152.03
     44	4007f6	     45	   14.0	43531.0	40630.8	 0.0087	 100.00	1156.15
     45	4007f6	     45	    6.0	43533.0	40693.9	 0.0085	 100.00	1160.07
     46	4007f6	     45	    8.0	43537.0	40754.4	 0.0084	 100.00	1163.87
     47	4007f6	     45	   10.0	43535.0	40812.4	 0.0082	 100.00	1167.36
     48	4007f6	     45	    8.0	43531.0	40867.8	 0.0080	 100.00	1170.92
     49	4007f6	     45	   10.0	43533.0	40921.1	 0.0079	 100.00	1174.33
     50	4007f6	     45	    8.0	43533.0	40972.4	 0.0077	 100.00	1177.63
     51	4007f6	     45	    6.0	43539.0	41021.7	 0.0081	 100.00	1180.90
     52	4007f6	     45	   16.0	43531.0	41069.1	 0.0081	 100.00	1183.96
     53	4007f6	     45	    8.0	43535.0	41114.7	 0.0079	 100.00	1186.68
     54	4007f6	     45	   10.0	43533.0	41158.7	 0.0078	 100.00	1189.68
     55	4007f6	     45	    6.0	43539.0	41201.2	 0.0076	 100.00	1192.28
     56	4007f6	     45	    8.0	43535.0	41242.1	 0.0075	 100.00	1194.83
     57	4007f6	     45	   10.0	43533.0	41281.6	 0.0079	 100.00	1197.40
     58	4007f6	     45	   10.0	43535.0	41319.8	 0.0078	 100.00	1200.00
     59	4007f6	     45	    8.0	43535.0	41356.8	 0.0077	 100.00	1202.17
     60	4007f6	     45	   10.0	43537.0	41392.5	 0.0075	 100.00	1204.62
     61	4007f6	     45	    6.0	43539.0	41427.1	 0.0074	 100.00	1206.79
     62	4007f6	     45	   18.0	43533.0	41460.5	 0.0089	 100.00	1209.10
     63	4007f6	     45	    6.0	43535.0	41493.0	 0.0088	 100.00	1211.34
     64	4007f6	     45	   10.0	43529.0	41524.3	 0.0087	 100.00	1213.50
     65	4007f6	     45	    6.0	43535.0	41554.7	 0.0085	 100.00	1215.41
     66	4007f6	     45	    8.0	43535.0	41584.3	 0.0084	 100.00	1217.41
     67	4007f6	     45	   12.0	43535.0	41613.0	 0.0083	 100.00	1219.33
     68	4007f6	     45	   10.0	43533.0	41640.8	 0.0082	 100.00	1221.23
     69	4007f6	     45	    6.0	43539.0	41667.9	 0.0081	 100.00	1223.10
     70	4007f6	     45	   10.0	43537.0	41694.3	 0.0080	 100.00	1225.00
     71	4007f6	     45	    8.0	43541.0	41719.9	 0.0079	 100.00	1226.61
     72	4007f6	     45	   14.0	43531.0	41744.7	 0.0081	 100.00	1228.44
     73	4007f6	     45	    6.0	43533.0	41768.9	 0.0080	 100.00	1230.10
     74	4007f6	     45	    8.0	43537.0	41792.5	 0.0079	 100.00	1231.82
     75	4007f6	     45	    8.0	43537.0	41815.4	 0.0078	 100.00	1233.34
     76	4007f6	     45	   12.0	43537.0	41837.8	 0.0077	 100.00	1235.01
     77	4007f6	     45	   10.0	43535.0	41859.5	 0.0081	 100.00	1236.41
     78	4007f6	     45	    8.0	43539.0	41880.8	 0.0080	 100.00	1238.03
     79	4007f6	     45	    6.0	43541.0	41901.5	 0.0079	 100.00	1239.51
     80	4007f6	     45	   10.0	43535.0	41921.7	 0.0078	 100.00	1241.03
     81	4007f6	     45	    8.0	43539.0	41941.4	 0.0077	 100.00	1242.42
     82	4007f6	     45	   20.0	43527.0	41960.5	 0.0090	 100.00	1243.89
     83	4007f6	     45	    6.0	43533.0	41979.2	 0.0089	 100.00	1245.19
     84	4007f6	     45	   10.0	43531.0	41997.5	 0.0088	 100.00	1246.99
     85	4007f6	     45	   10.0	43533.0	42015.4	 0.0087	 100.00	1248.25
     86	4007f6	     45	    8.0	43533.0	42032.8	 0.0086	 100.00	1249.63
     87	4007f6	     45	    6.0	43539.0	42049.9	 0.0085	 100.00	1250.80
     88	4007f6	     45	   12.0	43531.0	42066.6	 0.0084	 100.00	1252.10
     89	4007f6	     45	    6.0	43533.0	42082.9	 0.0083	 100.00	1253.19
     90	4007f6	     45	   12.0	43533.0	42098.8	 0.0082	 100.00	1254.42
     91	4007f6	     45	    6.0	43535.0	42114.4	 0.0081	 100.00	1255.51
     92	4007f6	     45	   10.0	43537.0	42129.7	 0.0080	 100.00	1256.69
     93	4007f6	     45	   12.0	43533.0	42144.6	 0.0082	 100.00	1257.75
     94	4007f6	     45	   10.0	43535.0	42159.3	 0.0083	 100.00	1258.89
     95	4007f6	     45	    8.0	43535.0	42173.6	 0.0082	 100.00	1259.82
     96	4007f6	     45	    8.0	43531.0	42187.6	 0.0081	 100.00	1260.91
     97	4007f6	     45	    6.0	43537.0	42201.4	 0.0080	 100.00	1261.85
     98	4007f6	     45	   12.0	43533.0	42214.8	 0.0085	 100.00	1262.84
     99	4007f6	     45	    8.0	43537.0	42228.0	 0.0084	 100.00	1263.77
    100	4007f6	     45	   12.0	43533.0	42241.0	 0.0083	 100.00	1264.74
    101	4007f6	     45	    6.0	43539.0	42253.7	 0.0082	 100.00	1265.55
    102	4007f6	     45	    8.0	43539.0	42266.2	 0.0082	 100.00	1266.50
    103	4007f6	     45	   16.0	43535.0	42278.4	 0.0085	 100.00	1267.45
    104	4007f6	     45	    8.0	43531.0	42290.3	 0.0084	 100.00	1268.48
    105	4007f6	     45	    8.0	43531.0	42302.0	 0.0083	 100.00	1269.41
    106	4007f6	     45	    8.0	43535.0	42313.5	 0.0082	 100.00	1270.37
    107	4007f6	     45	    6.0	43537.0	42324.8	 0.0082	 100.00	1271.20
    108	4007f6	     45	   16.0	43533.0	42335.9	 0.0081	 100.00	1272.17
    109	4007f6	     45	    6.0	43535.0	42346.8	 0.0080	 100.00	1273.06
    110	4007f6	     45	    8.0	43539.0	42357.6	 0.0079	 100.00	1273.94
    111	4007f6	     45	    8.0	43539.0	42368.1	 0.0079	 100.00	1274.75
    112	4007f6	     45	    8.0	43535.0	42378.4	 0.0078	 100.00	1275.66
    113	4007f6	     45	   14.0	43533.0	42388.6	 0.0078	 100.00	1276.29
    114	4007f6	     45	    8.0	43533.0	42398.5	 0.0077	 100.00	1276.94
    115	4007f6	     45	    6.0	43539.0	42408.4	 0.0077	 100.00	1277.61
    116	4007f6	     45	   12.0	43535.0	42418.0	 0.0076	 100.00	1278.35
    117	4007f6	     45	    8.0	43539.0	42427.5	 0.0076	 100.00	1279.02
    118	4007f6	     45	   12.0	43535.0	42436.8	 0.0078	 100.00	1279.72
    119	4007f6	     45	    6.0	43541.0	42446.0	 0.0077	 100.00	1280.27
    120	4007f6	     45	    8.0	43537.0	42455.0	 0.0077	 100.00	1280.92
    121	4007f6	     45	    8.0	43537.0	42463.9	 0.0076	 100.00	1281.59
    122	4007f6	     45	   10.0	43539.0	42472.6	 0.0075	 100.00	1282.29
    123	4007f6	     45	   16.0	43531.0	42481.2	 0.0079	 100.00	1282.79
    124	4007f6	     45	   10.0	43533.0	42489.6	 0.0078	 100.00	1283.55
    125	4007f6	     45	    6.0	43535.0	42497.9	 0.0078	 100.00	1284.01
    126	4007f6	     45	   12.0	43535.0	42506.0	 0.0077	 100.00	1284.53
    127	4007f6	     45	    6.0	43537.0	42514.1	 0.0077	 100.00	1285.15
    128	4007f6	     45	   12.0	43529.0	42522.0	 0.0079	 100.00	1285.71
    129	4007f6	     45	    6.0	43535.0	42529.7	 0.0079	 100.00	1286.25
    130	4007f6	     45	    8.0	43535.0	42537.4	 0.0078	 100.00	1286.74
    131	4007f6	     45	   10.0	43537.0	42545.0	 0.0078	 100.00	1287.31
    132	4007f6	     45	   10.0	43535.0	42552.4	 0.0077	 100.00	1287.90
    133	4007f6	     45	    6.0	43541.0	42559.8	 0.0076	 100.00	1288.48
    134	4007f6	     45	   14.0	43535.0	42567.0	 0.0076	 100.00	1288.98
    135	4007f6	     45	    8.0	43539.0	42574.2	 0.0076	 100.00	1289.44
    136	4007f6	     45	   10.0	43533.0	42581.2	 0.0075	 100.00	1289.90
    137	4007f6	     45	    6.0	43535.0	42588.1	 0.0074	 100.00	1290.44
    138	4007f6	     45	    8.0	43539.0	42594.9	 0.0074	 100.00	1290.89
    139	4007f6	     45	   10.0	43537.0	42601.7	 0.0073	 100.00	1291.41
    140	4007f6	     45	   12.0	43537.0	42608.3	 0.0073	 100.00	1291.83
    141	4007f6	     45	    8.0	43537.0	42614.8	 0.0073	 100.00	1292.37
    142	4007f6	     45	    8.0	43541.0	42621.3	 0.0073	 100.00	1292.71
    143	4007f6	     45	    6.0	43543.0	42627.7	 0.0072	 100.00	1293.21
    144	4007f6	     45	   16.0	43531.0	42633.9	 0.0077	 100.00	1293.61
    145	4007f6	     45	    8.0	43535.0	42640.1	 0.0076	 100.00	1294.12
    146	4007f6	     45	   10.0	43533.0	42646.2	 0.0076	 100.00	1294.52
    147	4007f6	     45	    6.0	43539.0	42652.2	 0.0075	 100.00	1295.05
    148	4007f6	     45	   10.0	43537.0	42658.2	 0.0075	 100.00	1295.41
    149	4007f6	     45	   12.0	43537.0	42664.0	 0.0075	 100.00	1295.90
    150	4007f6	     45	    8.0	43537.0	42669.8	 0.0075	 100.00	1296.35
    151	4007f6	     45	    6.0	43543.0	42675.5	 0.0074	 100.00	1296.82
    152	4007f6	     45	   10.0	43537.0	42681.2	 0.0075	 100.00	1297.14
    153	4007f6	     45	    6.0	43539.0	42686.7	 0.0075	 100.00	1297.53
    154	4007f6	     45	   16.0	43535.0	42692.2	 0.0075	 100.00	1297.85
    155	4007f6	     45	    6.0	43537.0	42697.6	 0.0074	 100.00	1298.31
    156	4007f6	     45	   10.0	43539.0	42703.0	 0.0074	 100.00	1298.67
    157	4007f6	     45	    8.0	43539.0	42708.3	 0.0073	 100.00	1299.12
    158	4007f6	     45	   10.0	43541.0	42713.5	 0.0073	 100.00	1299.49
    159	4007f6	     45	   10.0	43539.0	42718.7	 0.0072	 100.00	1299.91
    160	4007f6	     45	    8.0	43535.0	42723.8	 0.0072	 100.00	1300.22
    161	4007f6	     45	    6.0	43541.0	42728.8	 0.0071	 100.00	1300.64
    162	4007f6	     45	   10.0	43539.0	42733.8	 0.0071	 100.00	1300.97
    163	4007f6	     45	    8.0	43543.0	42738.7	 0.0071	 100.00	1301.55
    164	4007f6	     45	   24.0	43527.0	42743.5	 0.0077	 100.00	1301.90
    165	4007f6	     45	    6.0	43533.0	42748.2	 0.0077	 100.00	1302.31
    166	4007f6	     45	    8.0	43533.0	42752.9	 0.0076	 100.00	1302.50
    167	4007f6	     45	   10.0	43535.0	42757.6	 0.0076	 100.00	1302.88
    168	4007f6	     45	    8.0	43531.0	42762.2	 0.0075	 100.00	1303.19
    169	4007f6	     45	   10.0	43529.0	42766.7	 0.0075	 100.00	1303.60
    170	4007f6	     45	    8.0	43533.0	42771.2	 0.0075	 100.00	1304.18
    171	4007f6	     45	    6.0	43535.0	42775.6	 0.0074	 100.00	1304.59
    172	4007f6	     45	   14.0	43533.0	42780.0	 0.0074	 100.00	1304.87
    173	4007f6	     45	    6.0	43535.0	42784.3	 0.0073	 100.00	1305.24
    174	4007f6	     45	    8.0	43539.0	42788.6	 0.0073	 100.00	1305.54
    175	4007f6	     45	   12.0	43535.0	42792.9	 0.0073	 100.00	1305.90
    176	4007f6	     45	    8.0	43531.0	42797.0	 0.0072	 100.00	1306.19
    177	4007f6	     45	   10.0	43533.0	42801.2	 0.0072	 100.00	1306.54
    178	4007f6	     45	    8.0	43533.0	42805.3	 0.0071	 100.00	1306.77
    179	4007f6	     45	    6.0	43539.0	42809.3	 0.0071	 100.00	1307.13
    180	4007f6	     45	   14.0	43533.0	42813.3	 0.0072	 100.00	1307.44
    181	4007f6	     45	    8.0	43537.0	42817.3	 0.0071	 100.00	1307.80
    182	4007f6	     45	   10.0	43535.0	42821.2	 0.0071	 100.00	1308.08
    183	4007f6	     45	    6.0	43541.0	42825.1	 0.0071	 100.00	1308.43
    184	4007f6	     45	    8.0	43537.0	42829.0	 0.0070	 100.00	1308.66
    185	4007f6	     45	   14.0	43531.0	42832.8	 0.0072	 100.00	1309.01
    186	4007f6	     45	   10.0	43533.0	42836.5	 0.0072	 100.00	1309.28
    187	4007f6	     45	    8.0	43533.0	42840.2	 0.0072	 100.00	1309.62
    188	4007f6	     45	   10.0	43535.0	42843.9	 0.0071	 100.00	1309.86
    189	4007f6	     45	    6.0	43537.0	42847.5	 0.0071	 100.00	1310.18
    190	4007f6	     45	   14.0	43535.0	42851.1	 0.0071	 100.00	1310.39
    191	4007f6	     45	    6.0	43537.0	42854.7	 0.0070	 100.00	1310.70
    192	4007f6	     45	   10.0	43531.0	42858.2	 0.0070	 100.00	1310.96
    193	4007f6	     45	    6.0	43537.0	42861.7	 0.0070	 100.00	1311.27
    194	4007f6	     45	    8.0	43537.0	42865.2	 0.0069	 100.00	1311.51
    195	4007f6	     45	   14.0	43535.0	42868.6	 0.0070	 100.00	1311.82
    196	4007f6	     45	   10.0	43533.0	42872.0	 0.0069	 100.00	1312.01
    197	4007f6	     45	    6.0	43539.0	42875.3	 0.0069	 100.00	1312.31
    198	4007f6	     45	   10.0	43537.0	42878.7	 0.0069	 100.00	1312.57
    199	4007f6	     45	    8.0	43541.0	42882.0	 0.0068	 100.00	1312.83
    200	4007f6	     45	   12.0	43533.0	42885.2	 0.0069	 100.00	1313.08
    201	4007f6	     45	    6.0	43535.0	42888.4	 0.0068	 100.00	1313.28
    202	4007f6	     45	    8.0	43539.0	42891.6	 0.0068	 100.00	1313.48
    203	4007f6	     45	    8.0	43539.0	42894.8	 0.0068	 100.00	1313.84
    204	4007f6	     45	   12.0	43539.0	42898.0	 0.0068	 100.00	1313.98
    205	4007f6	     45	   16.0	43531.0	42901.0	 0.0070	 100.00	1314.22
    206	4007f6	     45	    8.0	43535.0	42904.1	 0.0069	 100.00	1314.47
    207	4007f6	     45	    6.0	43537.0	42907.1	 0.0069	 100.00	1314.67
    208	4007f6	     45	   10.0	43531.0	42910.1	 0.0069	 100.00	1315.00
    209	4007f6	     45	    8.0	43535.0	42913.1	 0.0068	 100.00	1315.30
    210	4007f6	     45	   12.0	43531.0	42916.0	 0.0068	 100.00	1315.64
    211	4007f6	     45	    6.0	43537.0	42918.9	 0.0068	 100.00	1315.92
    212	4007f6	     45	   10.0	43535.0	42921.8	 0.0068	 100.00	1316.24
    213	4007f6	     45	   10.0	43537.0	42924.7	 0.0067	 100.00	1316.50
    214	4007f6	     45	    8.0	43537.0	42927.6	 0.0067	 100.00	1316.82
    215	4007f6	     45	    6.0	43543.0	42930.4	 0.0067	 100.00	1317.11
    216	4007f6	     45	   14.0	43533.0	42933.2	 0.0069	 100.00	1317.43
    217	4007f6	     45	    6.0	43535.0	42935.9	 0.0068	 100.00	1317.69
    218	4007f6	     45	   12.0	43535.0	42938.7	 0.0070	 100.00	1317.99
    219	4007f6	     45	    6.0	43537.0	42941.4	 0.0069	 100.00	1318.23
    220	4007f6	     45	   10.0	43539.0	42944.1	 0.0070	 100.00	1318.52
    221	4007f6	     45	   10.0	43537.0	42946.8	 0.0070	 100.00	1318.83
    222	4007f6	     45	   10.0	43539.0	42949.4	 0.0070	 100.00	1319.12
    223	4007f6	     45	    8.0	43539.0	42952.1	 0.0069	 100.00	1319.43
    224	4007f6	     45	    8.0	43535.0	42954.7	 0.0069	 100.00	1319.69
    225	4007f6	     45	    6.0	43541.0	42957.3	 0.0071	 100.00	1319.89
    226	4007f6	     45	   16.0	43533.0	42959.8	 0.0072	 100.00	1320.19
    227	4007f6	     45	    8.0	43537.0	42962.3	 0.0072	 100.00	1320.42
    228	4007f6	     45	   12.0	43533.0	42964.8	 0.0071	 100.00	1320.70
    229	4007f6	     45	    6.0	43539.0	42967.3	 0.0071	 100.00	1320.99
    230	4007f6	     45	    8.0	43539.0	42969.8	 0.0071	 100.00	1321.24
    231	4007f6	     45	   12.0	43539.0	42972.2	 0.0070	 100.00	1321.46
    232	4007f6	     45	    8.0	43535.0	42974.7	 0.0070	 100.00	1321.71
    233	4007f6	     45	    8.0	43535.0	42977.0	 0.0070	 100.00	1321.93
    234	4007f6	     45	    8.0	43539.0	42979.4	 0.0069	 100.00	1322.18
    235	4007f6	     45	    6.0	43541.0	42981.8	 0.0069	 100.00	1322.41
    236	4007f6	     45	   18.0	43535.0	42984.2	 0.0069	 100.00	1322.66
    237	4007f6	     45	    6.0	43537.0	42986.5	 0.0069	 100.00	1322.86
    238	4007f6	     45	    8.0	43541.0	42988.8	 0.0068	 100.00	1323.11
    239	4007f6	     45	    8.0	43541.0	42991.1	 0.0068	 100.00	1323.37
    240	4007f6	     45	    8.0	43537.0	42993.4	 0.0068	 100.00	1323.62
    241	4007f6	     45	   12.0	43537.0	42995.6	 0.0068	 100.00	1323.86
    242	4007f6	     45	    8.0	43537.0	42997.8	 0.0068	 100.00	1324.11
    243	4007f6	     45	    6.0	43543.0	43000.1	 0.0067	 100.00	1324.32
    244	4007f6	     45	   12.0	43539.0	43002.3	 0.0068	 100.00	1324.53
    245	4007f6	     45	    8.0	43543.0	43004.5	 0.0069	 100.00	1324.77
    246	4007f6	     45	   20.0	43531.0	43006.6	 0.0071	 100.00	1325.00
    247	4007f6	     45	    6.0	43537.0	43008.7	 0.0070	 100.00	1325.24
    248	4007f6	     45	    8.0	43533.0	43010.8	 0.0070	 100.00	1325.48
    249	4007f6	     45	    8.0	43533.0	43012.9	 0.0071	 100.00	1325.64
    250	4007f6	     45	   10.0	43535.0	43015.0	 0.0070	 100.00	1325.86
    251	4007f6	     45	   10.0	43533.0	43017.1	 0.0070	 100.00	1326.09
    252	4007f6	     45	   10.0	43535.0	43019.1	 0.0070	 100.00	1326.30
    253	4007f6	     45	    6.0	43537.0	43021.2	 0.0070	 100.00	1326.54
    254	4007f6	     45	   12.0	43537.0	43023.2	 0.0069	 100.00	1326.75
    255	4007f6	     45	    6.0	43539.0	43025.2	 0.0070	 100.00	1326.92
    256	4007f6	     45	   14.0	43529.0	43027.2	 0.0073	 100.00	1327.14
    257	4007f6	     45	    6.0	43535.0	43029.1	 0.0073	 100.00	1327.30
    258	4007f6	     45	    8.0	43535.0	43031.1	 0.0072	 100.00	1327.52
    259	4007f6	     45	   10.0	43537.0	43033.0	 0.0072	 100.00	1327.71
    260	4007f6	     45	   10.0	43535.0	43034.9	 0.0072	 100.00	1327.93
    261	4007f6	     45	    6.0	43541.0	43036.9	 0.0072	 100.00	1328.20
    262	4007f6	     45	   12.0	43537.0	43038.8	 0.0071	 100.00	1328.31
    263	4007f6	     45	    8.0	43541.0	43040.7	 0.0071	 100.00	1328.43
    264	4007f6	     45	   10.0	43535.0	43042.5	 0.0071	 100.00	1328.61
    265	4007f6	     45	    6.0	43537.0	43044.4	 0.0071	 100.00	1328.84
    266	4007f6	     45	    8.0	43541.0	43046.3	 0.0071	 100.00	1329.04
    267	4007f6	     45	   14.0	43535.0	43048.1	 0.0072	 100.00	1329.19
    268	4007f6	     45	   12.0	43535.0	43049.9	 0.0071	 100.00	1329.39
    269	4007f6	     45	    8.0	43535.0	43051.7	 0.0071	 100.00	1329.56
    270	4007f6	     45	    8.0	43539.0	43053.5	 0.0071	 100.00	1329.77
    271	4007f6	     45	    6.0	43541.0	43055.3	 0.0071	 100.00	1330.13
    272	4007f6	     45	   12.0	43533.0	43057.0	 0.0070	 100.00	1330.18
    273	4007f6	     45	    8.0	43537.0	43058.8	 0.0070	 100.00	1330.29
    274	4007f6	     45	   10.0	43535.0	43060.5	 0.0070	 100.00	1330.43
    275	4007f6	     45	    6.0	43541.0	43062.3	 0.0070	 100.00	1330.59
    276	4007f6	     45	   10.0	43539.0	43064.0	 0.0069	 100.00	1330.69
    277	4007f6	     45	   14.0	43537.0	43065.7	 0.0071	 100.00	1330.84
    278	4007f6	     45	    8.0	43537.0	43067.4	 0.0070	 100.00	1330.97
    279	4007f6	     45	    6.0	43543.0	43069.1	 0.0070	 100.00	1331.06
    280	4007f6	     45	   10.0	43537.0	43070.7	 0.0070	 100.00	1331.17
    281	4007f6	     45	    6.0	43539.0	43072.4	 0.0070	 100.00	1331.28
    282	4007f6	     45	   14.0	43537.0	43074.0	 0.0070	 100.00	1331.41
    283	4007f6	     45	    6.0	43539.0	43075.7	 0.0070	 100.00	1331.49
    284	4007f6	     45	   10.0	43541.0	43077.3	 0.0069	 100.00	1331.63
    285	4007f6	     45	    8.0	43541.0	43078.9	 0.0069	 100.00	1331.76
    286	4007f6	     45	   10.0	43543.0	43080.5	 0.0069	 100.00	1331.89
    287	4007f6	     45	   16.0	43535.0	43082.1	 0.0072	 100.00	1331.98
    288	4007f6	     45	    8.0	43531.0	43083.7	 0.0071	 100.00	1332.11
    289	4007f6	     45	    6.0	43537.0	43085.2	 0.0071	 100.00	1332.18
    290	4007f6	     45	   10.0	43535.0	43086.8	 0.0072	 100.00	1332.41
    291	4007f6	     45	    8.0	43539.0	43088.3	 0.0072	 100.00	1332.43
    292	4007f6	     45	   14.0	43533.0	43089.8	 0.0071	 100.00	1332.52
    293	4007f6	     45	    6.0	43539.0	43091.4	 0.0071	 100.00	1332.73
    294	4007f6	     45	    8.0	43539.0	43092.9	 0.0071	 100.00	1332.85
    295	4007f6	     45	   10.0	43541.0	43094.4	 0.0071	 100.00	1332.93
    296	4007f6	     45	    8.0	43537.0	43095.9	 0.0071	 100.00	1333.05
    297	4007f6	     45	   12.0	43533.0	43097.4	 0.0071	 100.00	1333.07
    298	4007f6	     45	    8.0	43537.0	43098.8	 0.0070	 100.00	1333.21
    299	4007f6	     45	    6.0	43539.0	43100.3	 0.0070	 100.00	1333.34
    300	4007f6	     45	   14.0	43537.0	43101.8	 0.0071	 100.00	1333.47
    301	4007f6	     45	    6.0	43539.0	43103.2	 0.0071	 100.00	1333.60
    302	4007f6	     45	    8.0	43543.0	43104.7	 0.0073	 100.00	1333.72
    303	4007f6	     45	   10.0	43541.0	43106.1	 0.0076	 100.00	1333.77
    304	4007f6	     45	    8.0	43537.0	43107.5	 0.0076	 100.00	1333.90
    305	4007f6	     45	   10.0	43539.0	43108.9	 0.0078	 100.00	1333.97
    306	4007f6	     45	    8.0	43539.0	43110.3	 0.0078	 100.00	1334.09
    307	4007f6	     45	    6.0	43545.0	43111.7	 0.0080	 100.00	1334.17
    308	4007f6	     45	   18.0	43535.0	43113.1	 0.0083	 100.00	1334.29
    309	4007f6	     45	    8.0	43539.0	43114.5	 0.0084	 100.00	1334.35
    310	4007f6	     45	   10.0	43537.0	43115.8	 0.0084	 100.00	1334.46
    311	4007f6	     45	    6.0	43543.0	43117.2	 0.0084	 100.00	1334.55
    312	4007f6	     45	    8.0	43539.0	43118.5	 0.0083	 100.00	1334.69
    313	4007f6	     45	   10.0	43537.0	43119.9	 0.0084	 100.00	1334.77
    314	4007f6	     45	   10.0	43539.0	43121.2	 0.0084	 100.00	1335.03
    315	4007f6	     45	    8.0	43539.0	43122.5	 0.0085	 100.00	1335.09
    316	4007f6	     45	   10.0	43541.0	43123.8	 0.0085	 100.00	1335.21
    317	4007f6	     45	    6.0	43543.0	43125.2	 0.0085	 100.00	1335.30
    318	4007f6	     45	   16.0	43539.0	43126.5	 0.0085	 100.00	1335.44
    319	4007f6	     45	    6.0	43541.0	43127.8	 0.0084	 100.00	1335.53
    320	4007f6	     45	   10.0	43535.0	43129.0	 0.0085	 100.00	1335.67
    321	4007f6	     45	    6.0	43541.0	43130.3	 0.0086	 100.00	1335.73
    322	4007f6	     45	    8.0	43541.0	43131.6	 0.0085	 100.00	1335.86
    323	4007f6	     45	   12.0	43541.0	43132.8	 0.0086	 100.00	1335.95
    324	4007f6	     45	   10.0	43539.0	43134.1	 0.0085	 100.00	1336.09
    325	4007f6	     45	    6.0	43545.0	43135.4	 0.0085	 100.00	1336.18
    326	4007f6	     45	   10.0	43543.0	43136.6	 0.0085	 100.00	1336.31
    327	4007f6	     45	    8.0	43547.0	43137.9	 0.0085	 100.00	1336.38
    328	4007f6	     45	   24.0	43527.0	43139.0	 0.0088	 100.00	1336.49
    329	4007f6	     45	    6.0	43529.0	43140.2	 0.0088	 100.00	1336.59
    330	4007f6	     45	    8.0	43533.0	43141.4	 0.0087	 100.00	1336.72
    331	4007f6	     45	    8.0	43533.0	43142.6	 0.0087	 100.00	1336.81
    332	4007f6	     45	   12.0	43533.0	43143.8	 0.0087	 100.00	1336.93
    333	4007f6	     45	   10.0	43531.0	43144.9	 0.0087	 100.00	1336.96
    334	4007f6	     45	    8.0	43535.0	43146.1	 0.0087	 100.00	1337.06
    335	4007f6	     45	    6.0	43537.0	43147.2	 0.0086	 100.00	1337.12
    336	4007f6	     45	   10.0	43531.0	43148.4	 0.0086	 100.00	1337.21
    337	4007f6	     45	    8.0	43535.0	43149.5	 0.0086	 100.00	1337.27
    338	4007f6	     45	   14.0	43529.0	43150.6	 0.0088	 100.00	1337.37
    339	4007f6	     45	    6.0	43535.0	43151.8	 0.0087	 100.00	1337.40
    340	4007f6	     45	   10.0	43533.0	43152.9	 0.0087	 100.00	1337.49
    341	4007f6	     45	   10.0	43535.0	43154.0	 0.0087	 100.00	1337.55
    342	4007f6	     45	    8.0	43535.0	43155.1	 0.0087	 100.00	1337.63
    343	4007f6	     45	    6.0	43541.0	43156.2	 0.0086	 100.00	1337.68
    344	4007f6	     45	   12.0	43533.0	43157.3	 0.0087	 100.00	1337.77
    345	4007f6	     45	    6.0	43535.0	43158.4	 0.0086	 100.00	1337.78
    346	4007f6	     45	   12.0	43535.0	43159.5	 0.0086	 100.00	1337.88
    347	4007f6	     45	    6.0	43537.0	43160.6	 0.0086	 100.00	1337.92
    348	4007f6	     45	   10.0	43539.0	43161.7	 0.0087	 100.00	1338.02
    349	4007f6	     45	   14.0	43533.0	43162.7	 0.0087	 100.00	1338.07
    350	4007f6	     45	   10.0	43535.0	43163.8	 0.0087	 100.00	1338.16
    351	4007f6	     45	    8.0	43535.0	43164.9	 0.0087	 100.00	1338.20
    352	4007f6	     45	    8.0	43531.0	43165.9	 0.0087	 100.00	1338.28
    353	4007f6	     45	    6.0	43537.0	43166.9	 0.0087	 100.00	1338.36
    354	4007f6	     45	   12.0	43533.0	43168.0	 0.0087	 100.00	1338.48
    355	4007f6	     45	    8.0	43537.0	43169.0	 0.0087	 100.00	1338.52
    356	4007f6	     45	   12.0	43533.0	43170.0	 0.0086	 100.00	1338.64
    357	4007f6	     45	    6.0	43539.0	43171.1	 0.0086	 100.00	1338.65
    358	4007f6	     45	    8.0	43539.0	43172.1	 0.0086	 100.00	1338.71
    359	4007f6	     45	   14.0	43537.0	43173.1	 0.0086	 100.00	1338.79
    360	4007f6	     45	    8.0	43533.0	43174.1	 0.0086	 100.00	1338.86
    361	4007f6	     45	    8.0	43533.0	43175.1	 0.0086	 100.00	1338.95
    362	4007f6	     45	    8.0	43537.0	43176.1	 0.0086	 100.00	1339.00
    363	4007f6	     45	    6.0	43539.0	43177.1	 0.0086	 100.00	1339.09
    364	4007f6	     45	   16.0	43535.0	43178.1	 0.0086	 100.00	1339.16
    365	4007f6	     45	    6.0	43537.0	43179.0	 0.0086	 100.00	1339.24
    366	4007f6	     45	    8.0	43541.0	43180.0	 0.0086	 100.00	1339.30
    367	4007f6	     45	    8.0	43541.0	43181.0	 0.0086	 100.00	1339.39
    368	4007f6	     45	    8.0	43537.0	43182.0	 0.0086	 100.00	1339.39
    369	4007f6	     45	   18.0	43531.0	43182.9	 0.0089	 100.00	1339.46
    370	4007f6	     45	    8.0	43531.0	43183.9	 0.0089	 100.00	1339.50
    371	4007f6	     45	    6.0	43537.0	43184.8	 0.0090	 100.00	1339.58
    372	4007f6	     45	   12.0	43533.0	43185.7	 0.0089	 100.00	1339.62
    373	4007f6	     45	    8.0	43537.0	43186.7	 0.0089	 100.00	1339.69
    374	4007f6	     45	   12.0	43533.0	43187.6	 0.0089	 100.00	1339.70
    375	4007f6	     45	    6.0	43539.0	43188.5	 0.0090	 100.00	1339.78
    376	4007f6	     45	    8.0	43535.0	43189.5	 0.0090	 100.00	1339.81
    377	4007f6	     45	    8.0	43535.0	43190.4	 0.0090	 100.00	1339.88
    378	4007f6	     45	   10.0	43537.0	43191.3	 0.0090	 100.00	1339.91
    379	4007f6	     45	   12.0	43533.0	43192.2	 0.0090	 100.00	1340.10
    380	4007f6	     45	   10.0	43535.0	43193.1	 0.0090	 100.00	1340.10
    381	4007f6	     45	    6.0	43537.0	43194.0	 0.0090	 100.00	1340.18
    382	4007f6	     45	   12.0	43537.0	43194.9	 0.0090	 100.00	1340.25
    383	4007f6	     45	    6.0	43539.0	43195.8	 0.0090	 100.00	1340.31
    384	4007f6	     45	   12.0	43531.0	43196.6	 0.0090	 100.00	1340.38
    385	4007f6	     45	    6.0	43537.0	43197.5	 0.0090	 100.00	1340.45
    386	4007f6	     45	    8.0	43537.0	43198.4	 0.0090	 100.00	1340.43
    387	4007f6	     45	   10.0	43539.0	43199.3	 0.0090	 100.00	1340.50
    388	4007f6	     45	   10.0	43537.0	43200.1	 0.0090	 100.00	1340.56
    389	4007f6	     45	    6.0	43543.0	43201.0	 0.0090	 100.00	1340.65
    390	4007f6	     45	   16.0	43535.0	43201.9	 0.0092	 100.00	1340.72
    391	4007f6	     45	    8.0	43539.0	43202.7	 0.0092	 100.00	1340.84
    392	4007f6	     45	   10.0	43533.0	43203.6	 0.0091	 100.00	1340.89
    393	4007f6	     45	    6.0	43535.0	43204.4	 0.0091	 100.00	1341.00
    394	4007f6	     45	    8.0	43539.0	43205.3	 0.0091	 100.00	1341.09
    395	4007f6	     45	   10.0	43537.0	43206.1	 0.0091	 100.00	1341.22
    396	4007f6	     45	   12.0	43537.0	43206.9	 0.0091	 100.00	1341.29
    397	4007f6	     45	    8.0	43537.0	43207.8	 0.0092	 100.00	1341.40
    398	4007f6	     45	    8.0	43541.0	43208.6	 0.0092	 100.00	1341.45
    399	4007f6	     45	    6.0	43543.0	43209.4	 0.0091	 100.00	1341.56
    400	4007f6	     45	   14.0	43533.0	43210.2	 0.0091	 100.00	1341.64
    401	4007f6	     45	    8.0	43537.0	43211.1	 0.0091	 100.00	1341.74
    402	4007f6	     45	   10.0	43535.0	43211.9	 0.0091	 100.00	1341.82
    403	4007f6	     45	    6.0	43541.0	43212.7	 0.0091	 100.00	1341.93
    404	4007f6	     45	   10.0	43539.0	43213.5	 0.0090	 100.00	1341.97
    405	4007f6	     45	   12.0	43539.0	43214.3	 0.0090	 100.00	1342.08
    406	4007f6	     45	    8.0	43539.0	43215.1	 0.0090	 100.00	1342.15
    407	4007f6	     45	    6.0	43545.0	43215.9	 0.0091	 100.00	1342.25
    408	4007f6	     45	   10.0	43539.0	43216.7	 0.0092	 100.00	1342.32
    409	4007f6	     45	    6.0	43541.0	43217.5	 0.0092	 100.00	1342.42
    410	4007f6	     45	   22.0	43531.0	43218.2	 0.0098	 100.00	1342.47
    411	4007f6	     45	    6.0	43533.0	43219.0	 0.0097	 100.00	1342.55
    412	4007f6	     45	   10.0	43535.0	43219.8	 0.0100	 100.00	1342.59
    413	4007f6	     45	    8.0	43535.0	43220.5	 0.0100	 100.00	1342.67
    414	4007f6	     45	   10.0	43537.0	43221.3	 0.0100	 100.00	1342.69
    415	4007f6	     45	   10.0	43535.0	43222.0	 0.0099	 100.00	1342.78
    416	4007f6	     45	    8.0	43531.0	43222.8	 0.0100	 100.00	1342.82
    417	4007f6	     45	    6.0	43537.0	43223.5	 0.0099	 100.00	1342.90
    418	4007f6	     45	   10.0	43535.0	43224.3	 0.0099	 100.00	1342.97
    419	4007f6	     45	    8.0	43539.0	43225.0	 0.0099	 100.00	1343.06
    420	4007f6	     45	   16.0	43531.0	43225.8	 0.0099	 100.00	1343.12
    421	4007f6	     45	    6.0	43537.0	43226.5	 0.0099	 100.00	1343.21
    422	4007f6	     45	    8.0	43537.0	43227.2	 0.0099	 100.00	1343.23
    423	4007f6	     45	   10.0	43539.0	43228.0	 0.0098	 100.00	1343.29
    424	4007f6	     45	    8.0	43535.0	43228.7	 0.0098	 100.00	1343.33
    425	4007f6	     45	   10.0	43533.0	43229.4	 0.0098	 100.00	1343.40
    426	4007f6	     45	    8.0	43537.0	43230.1	 0.0098	 100.00	1343.43
    427	4007f6	     45	    6.0	43539.0	43230.8	 0.0098	 100.00	1343.50
    428	4007f6	     45	   14.0	43537.0	43231.6	 0.0098	 100.00	1343.51
    429	4007f6	     45	    6.0	43539.0	43232.3	 0.0097	 100.00	1343.58
    430	4007f6	     45	    8.0	43543.0	43233.0	 0.0098	 100.00	1343.61
    431	4007f6	     45	   14.0	43537.0	43233.7	 0.0099	 100.00	1343.67
    432	4007f6	     45	    8.0	43533.0	43234.4	 0.0099	 100.00	1343.73
    433	4007f6	     45	   10.0	43535.0	43235.1	 0.0100	 100.00	1343.82
    434	4007f6	     45	    8.0	43535.0	43235.8	 0.0100	 100.00	1343.86
    435	4007f6	     45	    6.0	43541.0	43236.5	 0.0101	 100.00	1343.96
    436	4007f6	     45	   14.0	43535.0	43237.2	 0.0101	 100.00	1344.04
    437	4007f6	     45	    8.0	43539.0	43237.8	 0.0101	 100.00	1344.14
    438	4007f6	     45	   10.0	43537.0	43238.5	 0.0100	 100.00	1344.21
    439	4007f6	     45	    6.0	43543.0	43239.2	 0.0100	 100.00	1344.31
    440	4007f6	     45	    8.0	43539.0	43239.9	 0.0100	 100.00	1344.36
    441	4007f6	     45	   12.0	43535.0	43240.6	 0.0100	 100.00	1344.46
    442	4007f6	     45	   10.0	43537.0	43241.2	 0.0100	 100.00	1344.52
    443	4007f6	     45	    8.0	43537.0	43241.9	 0.0100	 100.00	1344.62
    444	4007f6	     45	   10.0	43539.0	43242.6	 0.0100	 100.00	1344.71
    445	4007f6	     45	    6.0	43541.0	43243.2	 0.0100	 100.00	1344.80
    446	4007f6	     45	   14.0	43539.0	43243.9	 0.0099	 100.00	1344.85
    447	4007f6	     45	    6.0	43541.0	43244.6	 0.0099	 100.00	1344.95
    448	4007f6	     45	   10.0	43535.0	43245.2	 0.0100	 100.00	1345.02
    449	4007f6	     45	    6.0	43541.0	43245.9	 0.0099	 100.00	1345.12
    450	4007f6	     45	    8.0	43541.0	43246.5	 0.0099	 100.00	1345.19
    451	4007f6	     45	   18.0	43535.0	43247.2	 0.0102	 100.00	1345.29
    452	4007f6	     45	   10.0	43533.0	43247.8	 0.0102	 100.00	1345.34
    453	4007f6	     45	    6.0	43539.0	43248.4	 0.0102	 100.00	1345.43
    454	4007f6	     45	   10.0	43537.0	43249.1	 0.0102	 100.00	1345.49
    455	4007f6	     45	    8.0	43541.0	43249.7	 0.0102	 100.00	1345.58
    456	4007f6	     45	   12.0	43533.0	43250.3	 0.0102	 100.00	1345.65
    457	4007f6	     45	    6.0	43535.0	43250.9	 0.0102	 100.00	1345.74
    458	4007f6	     45	    8.0	43539.0	43251.6	 0.0102	 100.00	1345.79
    459	4007f6	     45	    8.0	43539.0	43252.2	 0.0103	 100.00	1345.88
    460	4007f6	     45	   12.0	43539.0	43252.8	 0.0103	 100.00	1345.94
    461	4007f6	     45	   12.0	43535.0	43253.4	 0.0103	 100.00	1346.03
    462	4007f6	     45	    8.0	43539.0	43254.0	 0.0103	 100.00	1346.09
    463	4007f6	     45	    6.0	43541.0	43254.7	 0.0103	 100.00	1346.18
    464	4007f6	     45	   10.0	43535.0	43255.3	 0.0103	 100.00	1346.24
    465	4007f6	     45	    8.0	43539.0	43255.9	 0.0104	 100.00	1346.32
    466	4007f6	     45	   12.0	43535.0	43256.5	 0.0105	 100.00	1346.39
    467	4007f6	     45	    6.0	43541.0	43257.1	 0.0104	 100.00	1346.48
    468	4007f6	     45	   10.0	43539.0	43257.7	 0.0104	 100.00	1346.54
    469	4007f6	     45	   10.0	43541.0	43258.3	 0.0105	 100.00	1346.63
    470	4007f6	     45	    8.0	43541.0	43258.9	 0.0105	 100.00	1346.66
    471	4007f6	     45	    6.0	43547.0	43259.5	 0.0106	 100.00	1346.76
    472	4007f6	     45	   16.0	43535.0	43260.1	 0.0108	 100.00	1346.93
    473	4007f6	     45	    6.0	43537.0	43260.7	 0.0108	 100.00	1347.03
    474	4007f6	     45	   12.0	43537.0	43261.2	 0.0107	 100.00	1347.09
    475	4007f6	     45	    6.0	43539.0	43261.8	 0.0107	 100.00	1347.18
    476	4007f6	     45	   10.0	43541.0	43262.4	 0.0110	 100.00	1347.20
    477	4007f6	     45	   10.0	43539.0	43263.0	 0.0109	 100.00	1347.25
    478	4007f6	     45	   10.0	43541.0	43263.6	 0.0110	 100.00	1347.28
    479	4007f6	     45	    8.0	43541.0	43264.2	 0.0110	 100.00	1347.33
    480	4007f6	     45	    8.0	43537.0	43264.7	 0.0111	 100.00	1347.36
    481	4007f6	     45	    6.0	43543.0	43265.3	 0.0111	 100.00	1347.41
    482	4007f6	     45	   14.0	43537.0	43265.9	 0.0111	 100.00	1347.42
    483	4007f6	     45	    8.0	43541.0	43266.4	 0.0112	 100.00	1347.48
    484	4007f6	     45	   12.0	43537.0	43267.0	 0.0113	 100.00	1347.49
    485	4007f6	     45	    6.0	43543.0	43267.6	 0.0112	 100.00	1347.55
    486	4007f6	     45	    8.0	43543.0	43268.1	 0.0112	 100.00	1347.57
    487	4007f6	     45	   12.0	43543.0	43268.7	 0.0113	 100.00	1347.62
    488	4007f6	     45	    8.0	43539.0	43269.2	 0.0113	 100.00	1347.63
    489	4007f6	     45	    8.0	43539.0	43269.8	 0.0112	 100.00	1347.67
    490	4007f6	     45	    8.0	43543.0	43270.3	 0.0113	 100.00	1347.72
    491	4007f6	     45	    6.0	43545.0	43270.9	 0.0112	 100.00	1347.78
    492	4007f6	     45	   26.0	43531.0	43271.4	 0.0116	 100.00	1347.88
    493	4007f6	     45	    6.0	43533.0	43272.0	 0.0116	 100.00	1347.95
    494	4007f6	     45	    8.0	43537.0	43272.5	 0.0116	 100.00	1347.97
    495	4007f6	     45	    8.0	 1294.0	43187.9	 0.0116	 100.00	1348.07
    496	4007f6	     45	    8.0	 1290.0	43103.6	 0.0116	 100.00	1348.10
    497	4007f6	     45	   12.0	   12.0	43017.0	 0.0116	 100.00	1348.28
    498	4007f6	     45	    8.0	    8.0	42930.8	 0.0116	 100.00	1348.29
    499	4007f6	     45	    6.0	    8.0	42845.0	 0.0116	 100.00	1348.47
    500	4007f6	     45	   12.0	   12.0	42759.5	 0.0116	 100.00	1348.47
    501	4007f6	     45	    8.0	    8.0	42674.3	 0.0116	 100.00	1348.64
    502	4007f6	     45	   14.0	   10.0	42589.5	 0.0115	 100.00	1348.66
    503	4007f6	     45	    6.0	    6.0	42505.0	 0.0116	 100.00	1348.83
    504	4007f6	     45	    8.0	   10.0	42420.9	 0.0115	 100.00	1348.84
    505	4007f6	     45	    8.0	    4.0	42337.0	 0.0115	 100.00	1349.01
    506	4007f6	     45	   10.0	    6.0	42253.6	 0.0115	 100.00	1349.02
    507	4007f6	     45	   10.0	    8.0	42170.4	 0.0115	 100.00	1349.18
    508	4007f6	     45	   10.0	   10.0	42087.6	 0.0115	 100.00	1349.20
    509	4007f6	     45	    6.0	    5.0	42005.0	 0.0115	 100.00	1349.36
    510	4007f6	     45	   12.0	    7.0	41922.9	 0.0115	 100.00	1349.39
    511	4007f6	     45	    6.0	    6.0	41841.0	 0.0114	 100.00	1349.56
    512	4007f6	     45	   16.0	   14.0	41759.5	 0.0116	 100.00	1349.56
    513	4007f6	     45	    6.0	    5.0	41678.2	 0.0116	 100.00	1349.73
    514	4007f6	     45	    8.0	    7.0	41597.3	 0.0115	 100.00	1349.74
    515	4007f6	     45	   10.0	   10.0	41516.7	 0.0115	 100.00	1349.90
    516	4007f6	     45	   10.0	    8.0	41436.4	 0.0115	 100.00	1349.92
    517	4007f6	     45	    6.0	    6.0	41356.4	 0.0116	 100.00	1350.08
    518	4007f6	     45	   12.0	   10.0	41276.8	 0.0116	 100.00	1350.07
    519	4007f6	     45	    8.0	    8.0	41197.4	 0.0117	 100.00	1350.24
    520	4007f6	     45	   10.0	   10.0	41118.4	 0.0116	 100.00	1350.26
    521	4007f6	     45	    6.0	    8.0	41039.6	 0.0116	 100.00	1350.42
    522	4007f6	     45	    8.0	    4.0	40961.1	 0.0117	 100.00	1350.44
    523	4007f6	     45	   12.0	    9.0	40883.0	 0.0118	 100.00	1350.60
    524	4007f6	     45	   12.0	    9.0	40805.1	 0.0118	 100.00	1350.59
    525	4007f6	     45	    8.0	   14.0	40727.6	 0.0118	 100.00	1350.75
    526	4007f6	     45	    8.0	   12.0	40650.3	 0.0118	 100.00	1350.76
    527	4007f6	     45	    6.0	    6.0	40573.3	 0.0118	 100.00	1350.92
    528	4007f6	     45	   12.0	   10.0	40496.7	 0.0117	 100.00	1350.95
    529	4007f6	     45	    8.0	   10.0	40420.3	 0.0117	 100.00	1351.10
    530	4007f6	     45	   10.0	    8.0	40344.2	 0.0118	 100.00	1351.10
    531	4007f6	     45	    6.0	    8.0	40268.4	 0.0118	 100.00	1351.25
    532	4007f6	     45	   10.0	   10.0	40192.8	 0.0118	 100.00	1351.27
    533	4007f6	     45	   18.0	   16.0	40117.6	 0.0121	 100.00	1351.42
    534	4007f6	     45	    8.0	   12.0	40042.6	 0.0120	 100.00	1351.44
    535	4007f6	     45	    6.0	   14.0	39967.9	 0.0120	 100.00	1351.59
    536	4007f6	     45	   10.0	   14.0	39893.5	 0.0120	 100.00	1351.60
    537	4007f6	     45	    6.0	    7.0	39819.4	 0.0120	 100.00	1351.74
    538	4007f6	     45	   14.0	    7.0	39745.5	 0.0120	 100.00	1351.76
    539	4007f6	     45	    6.0	    8.0	39671.9	 0.0120	 100.00	1351.90
    540	4007f6	     45	   10.0	   10.0	39598.6	 0.0121	 100.00	1351.91
    541	4007f6	     45	    8.0	    4.0	39525.6	 0.0122	 100.00	1352.05
    542	4007f6	     45	   10.0	    6.0	39452.8	 0.0122	 100.00	1352.04
    543	4007f6	     45	   12.0	   10.0	39380.3	 0.0122	 100.00	1352.19
    544	4007f6	     45	    8.0	   10.0	39308.1	 0.0122	 100.00	1352.20
    545	4007f6	     45	    6.0	    9.0	39236.1	 0.0122	 100.00	1352.35
    546	4007f6	     45	   10.0	    9.0	39164.4	 0.0122	 100.00	1352.37
    547	4007f6	     45	    8.0	    9.0	39092.9	 0.0122	 100.00	1352.52
    548	4007f6	     45	   14.0	    9.0	39021.7	 0.0121	 100.00	1352.60
    549	4007f6	     45	    6.0	    6.0	38950.8	 0.0121	 100.00	1352.76
    550	4007f6	     45	    8.0	    6.0	38880.1	 0.0121	 100.00	1352.76
    551	4007f6	     45	   10.0	   10.0	38809.7	 0.0121	 100.00	1352.92
    552	4007f6	     45	    8.0	   10.0	38739.5	 0.0121	 100.00	1352.92
    553	4007f6	     45	   14.0	   14.0	38669.6	 0.0121	 100.00	1353.07
    554	4007f6	     45	    8.0	   14.0	38600.0	 0.0121	 100.00	1353.02
    555	4007f6	     45	    6.0	    8.0	38530.6	 0.0121	 100.00	1353.19
    556	4007f6	     45	   14.0	   10.0	38461.4	 0.0121	 100.00	1353.21
    557	4007f6	     45	    6.0	    6.0	38392.5	 0.0121	 100.00	1353.38
    558	4007f6	     45	    8.0	    6.0	38323.8	 0.0121	 100.00	1353.41
    559	4007f6	     45	   10.0	    8.0	38255.4	 0.0121	 100.00	1353.57
    560	4007f6	     45	    8.0	    8.0	38187.2	 0.0121	 100.00	1353.60
    561	4007f6	     45	   10.0	   12.0	38119.3	 0.0121	 100.00	1353.74
    562	4007f6	     45	    8.0	    8.0	38051.6	 0.0121	 100.00	1353.76
    563	4007f6	     45	    6.0	    6.0	37984.1	 0.0123	 100.00	1353.89
    564	4007f6	     45	   16.0	   14.0	37916.9	 0.0125	 100.00	1353.97
    565	4007f6	     45	    8.0	   11.0	37850.0	 0.0125	 100.00	1354.11
    566	4007f6	     45	   10.0	    9.0	37783.2	 0.0125	 100.00	1354.08
    567	4007f6	     45	    6.0	    8.0	37716.7	 0.0125	 100.00	1354.20
    568	4007f6	     45	    8.0	   12.0	37650.5	 0.0125	 100.00	1354.24
    569	4007f6	     45	   10.0	    7.0	37584.4	 0.0125	 100.00	1354.40
    570	4007f6	     45	   10.0	    7.0	37518.6	 0.0125	 100.00	1354.44
    571	4007f6	     45	    8.0	   10.0	37453.0	 0.0125	 100.00	1354.59
    572	4007f6	     45	   10.0	   12.0	37387.7	 0.0125	 100.00	1354.67
    573	4007f6	     45	    6.0	    5.0	37322.6	 0.0125	 100.00	1354.74
    574	4007f6	     45	   22.0	   17.0	37257.7	 0.0128	 100.00	1354.79
    575	4007f6	     45	    6.0	   16.0	37193.0	 0.0128	 100.00	1354.89
    576	4007f6	     45	   10.0	   18.0	37128.6	 0.0128	 100.00	1354.92
    577	4007f6	     45	    6.0	    6.0	37064.4	 0.0128	 100.00	1355.04
    578	4007f6	     45	    8.0	    6.0	37000.4	 0.0127	 100.00	1355.07
    579	4007f6	     45	   12.0	   12.0	36936.6	 0.0128	 100.00	1355.16
    580	4007f6	     45	   10.0	   10.0	36873.0	 0.0128	 100.00	1355.20
    581	4007f6	     45	    6.0	    9.0	36809.7	 0.0128	 100.00	1355.19
    582	4007f6	     45	   10.0	   11.0	36746.6	 0.0128	 100.00	1355.16
    583	4007f6	     45	    8.0	    9.0	36683.7	 0.0128	 100.00	1355.26
    584	4007f6	     45	   14.0	   13.0	36621.0	 0.0128	 100.00	1355.30
    585	4007f6	     45	    6.0	    9.0	36558.5	 0.0128	 100.00	1355.41
    586	4007f6	     45	    8.0	    9.0	36496.3	 0.0128	 100.00	1355.40
    587	4007f6	     45	    8.0	    8.0	36434.2	 0.0127	 100.00	1355.51
    588	4007f6	     45	   12.0	    8.0	36372.4	 0.0127	 100.00	1355.54
    589	4007f6	     45	   10.0	    9.0	36310.7	 0.0128	 100.00	1355.65
    590	4007f6	     45	    8.0	    9.0	36249.3	 0.0128	 100.00	1355.66
    591	4007f6	     45	    6.0	    9.0	36188.1	 0.0127	 100.00	1355.76
    592	4007f6	     45	   10.0	   11.0	36127.1	 0.0127	 100.00	1355.80
    593	4007f6	     45	    8.0	    8.0	36066.3	 0.0127	 100.00	1355.93
    594	4007f6	     45	   16.0	   12.0	36005.7	 0.0128	 100.00	1355.97
    595	4007f6	     45	    6.0	    9.0	35945.3	 0.0128	 100.00	1356.08
    596	4007f6	     45	   10.0	   11.0	35885.1	 0.0128	 100.00	1356.12
    597	4007f6	     45	   10.0	   10.0	35825.1	 0.0127	 100.00	1356.21
    598	4007f6	     45	    8.0	    6.0	35765.3	 0.0127	 100.00	1356.24
    599	4007f6	     45	    6.0	    6.0	35705.7	 0.0128	 100.00	1356.35
    600	4007f6	     45	   12.0	   14.0	35646.3	 0.0129	 100.00	1356.37
    601	4007f6	     45	    6.0	    6.0	35587.1	 0.0129	 100.00	1356.48
    602	4007f6	     45	   12.0	   10.0	35528.1	 0.0129	 100.00	1356.47
    603	4007f6	     45	    6.0	    5.0	35469.3	 0.0130	 100.00	1356.58
    604	4007f6	     45	   10.0	    7.0	35410.7	 0.0131	 100.00	1356.61
    605	4007f6	     45	   12.0	   11.0	35352.3	 0.0131	 100.00	1356.72
    606	4007f6	     45	   10.0	   11.0	35294.0	 0.0131	 100.00	1356.75
    607	4007f6	     45	    8.0	   11.0	35236.0	 0.0131	 100.00	1356.87
    608	4007f6	     45	    8.0	   11.0	35178.2	 0.0131	 100.00	1356.89
    609	4007f6	     45	    6.0	    6.0	35120.5	 0.0132	 100.00	1356.99
    610	4007f6	     45	   12.0	   10.0	35063.0	 0.0132	 100.00	1356.99
    611	4007f6	     45	    8.0	    8.0	35005.8	 0.0132	 100.00	1357.09
    612	4007f6	     45	   12.0	   12.0	34948.7	 0.0132	 100.00	1357.11
    613	4007f6	     45	    6.0	    7.0	34891.8	 0.0132	 100.00	1357.19
    614	4007f6	     45	    8.0	    7.0	34835.0	 0.0132	 100.00	1357.19
    615	4007f6	     45	   18.0	   18.0	34778.5	 0.0134	 100.00	1357.26
    616	4007f6	     45	    8.0	   18.0	34722.2	 0.0134	 100.00	1357.28
    617	4007f6	     45	    8.0	   10.0	34666.0	 0.0134	 100.00	1357.37
    618	4007f6	     45	    8.0	   10.0	34610.0	 0.0134	 100.00	1357.38
    619	4007f6	     45	    6.0	    5.0	34554.2	 0.0134	 100.00	1357.47
    620	4007f6	     45	   16.0	   11.0	34498.6	 0.0134	 100.00	1357.48
    621	4007f6	     45	    6.0	    6.0	34443.1	 0.0133	 100.00	1357.56
    622	4007f6	     45	    8.0	    6.0	34387.9	 0.0133	 100.00	1357.59
    623	4007f6	     45	    8.0	    8.0	34332.8	 0.0134	 100.00	1357.70
    624	4007f6	     45	    8.0	    8.0	34277.8	 0.0133	 100.00	1357.72
    625	4007f6	     45	   14.0	   12.0	34223.1	 0.0134	 100.00	1357.83
    626	4007f6	     45	    8.0	    8.0	34168.5	 0.0134	 100.00	1357.86
    627	4007f6	     45	    6.0	   10.0	34114.1	 0.0134	 100.00	1357.95
    628	4007f6	     45	   12.0	   12.0	34059.9	 0.0134	 100.00	1357.95
    629	4007f6	     45	    8.0	    8.0	34005.9	 0.0133	 100.00	1358.04
    630	4007f6	     45	   12.0	    8.0	33952.0	 0.0134	 100.00	1358.05
    631	4007f6	     45	    6.0	    8.0	33898.3	 0.0134	 100.00	1358.15
    632	4007f6	     45	    8.0	   12.0	33844.8	 0.0134	 100.00	1358.15
    633	4007f6	     45	    8.0	    6.0	33791.4	 0.0134	 100.00	1358.23
    634	4007f6	     45	   10.0	    6.0	33738.2	 0.0134	 100.00	1358.26
    635	4007f6	     45	   14.0	   13.0	33685.1	 0.0134	 100.00	1358.37
    636	4007f6	     45	   10.0	   15.0	33632.3	 0.0134	 100.00	1358.43
    637	4007f6	     45	    6.0	    8.0	33579.6	 0.0134	 100.00	1358.55
    638	4007f6	     45	   12.0	   12.0	33527.1	 0.0134	 100.00	1358.60
    639	4007f6	     45	    6.0	    6.0	33474.7	 0.0133	 100.00	1358.71
    640	4007f6	     45	   12.0	   10.0	33422.5	 0.0135	 100.00	1358.76
    641	4007f6	     45	    6.0	   12.0	33370.4	 0.0135	 100.00	1358.89
    642	4007f6	     45	    8.0	    8.0	33318.5	 0.0134	 100.00	1358.92
    643	4007f6	     45	   10.0	   10.0	33266.8	 0.0134	 100.00	1359.01
    644	4007f6	     45	   10.0	    8.0	33215.3	 0.0135	 100.00	1359.01
    645	4007f6	     45	    6.0	    9.0	33163.9	 0.0135	 100.00	1359.05
    646	4007f6	     45	   14.0	    9.0	33112.6	 0.0137	 100.00	1359.08
    647	4007f6	     45	    8.0	   11.0	33061.5	 0.0137	 100.00	1359.17
    648	4007f6	     45	   10.0	   15.0	33010.6	 0.0136	 100.00	1359.18
    649	4007f6	     45	    6.0	    6.0	32959.8	 0.0136	 100.00	1359.28
    650	4007f6	     45	    8.0	    6.0	32909.2	 0.0137	 100.00	1359.30
    651	4007f6	     45	   10.0	    8.0	32858.8	 0.0137	 100.00	1359.36
    652	4007f6	     45	   12.0	   10.0	32808.5	 0.0137	 100.00	1359.37
    653	4007f6	     45	    8.0	   10.0	32758.3	 0.0137	 100.00	1359.44
    654	4007f6	     45	    8.0	   10.0	32708.3	 0.0137	 100.00	1359.44
    655	4007f6	     45	    6.0	    6.0	32658.5	 0.0137	 100.00	1359.51
    656	4007f6	     45	   26.0	   24.0	32608.8	 0.0142	 100.00	1359.51
    657	4007f6	     45	    8.0	   24.0	32559.3	 0.0142	 100.00	1359.57
    658	4007f6	     45	   10.0	   22.0	32509.9	 0.0142	 100.00	1359.57
    659	4007f6	     45	    6.0	    9.0	32460.6	 0.0142	 100.00	1359.64
    660	4007f6	     45	   10.0	    9.0	32411.5	 0.0142	 100.00	1359.64
    661	4007f6	     45	   12.0	   12.0	32362.6	 0.0142	 100.00	1359.71
    662	4007f6	     45	    8.0	    8.0	32313.8	 0.0142	 100.00	1359.71
    663	4007f6	     45	    6.0	   11.0	32265.2	 0.0142	 100.00	1359.75
    664	4007f6	     45	   10.0	   11.0	32216.7	 0.0142	 100.00	1359.75
    665	4007f6	     45	    6.0	   13.0	32168.3	 0.0142	 100.00	1359.84
    666	4007f6	     45	   16.0	    7.0	32120.1	 0.0143	 100.00	1359.85
    667	4007f6	     45	    6.0	    9.0	32072.0	 0.0142	 100.00	1359.93
    668	4007f6	     45	   10.0	   11.0	32024.1	 0.0143	 100.00	1359.95
    669	4007f6	     45	    8.0	    6.0	31976.3	 0.0142	 100.00	1360.02
    670	4007f6	     45	   10.0	    6.0	31928.7	 0.0142	 100.00	1360.02
    671	4007f6	     45	   10.0	   10.0	31881.2	 0.0142	 100.00	1360.09
    672	4007f6	     45	    8.0	   10.0	31833.8	 0.0142	 100.00	1360.09
    673	4007f6	     45	    6.0	    9.0	31786.6	 0.0142	 100.00	1360.16
    674	4007f6	     45	   10.0	    9.0	31739.5	 0.0142	 100.00	1360.23
    675	4007f6	     45	    8.0	   13.0	31692.6	 0.0142	 100.00	1360.31
    676	4007f6	     45	   18.0	    9.0	31645.8	 0.0143	 100.00	1360.31
    677	4007f6	     45	    6.0	   10.0	31599.1	 0.0143	 100.00	1360.39
    678	4007f6	     45	    8.0	   10.0	31552.6	 0.0143	 100.00	1360.40
    679	4007f6	     45	   10.0	   10.0	31506.2	 0.0143	 100.00	1360.50
    680	4007f6	     45	    8.0	   10.0	31460.0	 0.0142	 100.00	1360.51
    681	4007f6	     45	   10.0	   10.0	31413.8	 0.0142	 100.00	1360.61
    682	4007f6	     45	    8.0	   10.0	31367.9	 0.0142	 100.00	1360.61
    683	4007f6	     45	    6.0	    6.0	31322.0	 0.0142	 100.00	1360.67
    684	4007f6	     45	   14.0	    8.0	31276.3	 0.0142	 100.00	1360.68
    685	4007f6	     45	    6.0	   11.0	31230.7	 0.0142	 100.00	1360.75
    686	4007f6	     45	    8.0	   11.0	31185.3	 0.0143	 100.00	1360.75
    687	4007f6	     45	   12.0	    5.0	31140.0	 0.0144	 100.00	1360.80
    688	4007f6	     45	    8.0	    9.0	31094.8	 0.0144	 100.00	1360.81
    689	4007f6	     45	   10.0	   13.0	31049.7	 0.0145	 100.00	1360.90
    690	4007f6	     45	    8.0	    9.0	31004.8	 0.0145	 100.00	1360.92
    691	4007f6	     45	    6.0	    8.0	30960.0	 0.0145	 100.00	1361.02
    692	4007f6	     45	   14.0	   10.0	30915.3	 0.0145	 100.00	1361.03
    693	4007f6	     45	    8.0	   10.0	30870.8	 0.0144	 100.00	1361.12
    694	4007f6	     45	   10.0	    8.0	30826.4	 0.0145	 100.00	1361.12
    695	4007f6	     45	    6.0	    8.0	30782.1	 0.0145	 100.00	1361.18
    696	4007f6	     45	    8.0	   12.0	30738.0	 0.0144	 100.00	1361.18
    697	4007f6	     45	   16.0	   16.0	30694.0	 0.0145	 100.00	1361.25
    698	4007f6	     45	   10.0	   14.0	30650.1	 0.0144	 100.00	1361.25
    699	4007f6	     45	    8.0	   10.0	30606.3	 0.0145	 100.00	1361.30
    700	4007f6	     45	   10.0	   12.0	30562.7	 0.0145	 100.00	1361.30
    701	4007f6	     45	    6.0	    7.0	30519.1	 0.0145	 100.00	1361.41
    702	4007f6	     45	   14.0	    9.0	30475.7	 0.0146	 100.00	1361.40
    703	4007f6	     45	    6.0	   10.0	30432.5	 0.0146	 100.00	1361.52
    704	4007f6	     45	   10.0	    8.0	30389.3	 0.0146	 100.00	1361.51
    705	4007f6	     45	    6.0	    7.0	30346.3	 0.0146	 100.00	1361.61
    706	4007f6	     45	    8.0	    7.0	30303.4	 0.0145	 100.00	1361.59
    707	4007f6	     45	   14.0	   14.0	30260.6	 0.0146	 100.00	1361.70
    708	4007f6	     45	   10.0	   12.0	30217.9	 0.0146	 100.00	1361.66
    709	4007f6	     45	    6.0	    8.0	30175.4	 0.0145	 100.00	1361.77
    710	4007f6	     45	   10.0	   10.0	30132.9	 0.0145	 100.00	1361.74
    711	4007f6	     45	    8.0	    8.0	30090.6	 0.0145	 100.00	1361.83
    712	4007f6	     45	   12.0	   12.0	30048.4	 0.0145	 100.00	1361.80
    713	4007f6	     45	    6.0	    6.0	30006.4	 0.0145	 100.00	1361.88
    714	4007f6	     45	    8.0	    6.0	29964.4	 0.0145	 100.00	1361.89
    715	4007f6	     45	    8.0	    7.0	29922.6	 0.0145	 100.00	1361.99
    716	4007f6	     45	   12.0	    9.0	29880.8	 0.0144	 100.00	1361.99
    717	4007f6	     45	   14.0	   14.0	29839.2	 0.0145	 100.00	1362.10
    718	4007f6	     45	    8.0	   14.0	29797.8	 0.0145	 100.00	1362.09
    719	4007f6	     45	    6.0	    9.0	29756.4	 0.0145	 100.00	1362.17
    720	4007f6	     45	   10.0	   11.0	29715.1	 0.0144	 100.00	1362.15
    721	4007f6	     45	    8.0	    8.0	29674.0	 0.0144	 100.00	1362.24
    722	4007f6	     45	   12.0	    8.0	29633.0	 0.0144	 100.00	1362.23
    723	4007f6	     45	    6.0	   12.0	29592.0	 0.0144	 100.00	1362.32
    724	4007f6	     45	   10.0	   10.0	29551.2	 0.0144	 100.00	1362.27
    725	4007f6	     45	   10.0	   10.0	29510.6	 0.0144	 100.00	1362.37
    726	4007f6	     45	    8.0	    6.0	29470.0	 0.0144	 100.00	1362.36
    727	4007f6	     45	    6.0	    6.0	29429.5	 0.0145	 100.00	1362.47
    728	4007f6	     45	   14.0	   16.0	29389.1	 0.0145	 100.00	1362.47
    729	4007f6	     45	    6.0	    9.0	29348.9	 0.0145	 100.00	1362.57
    730	4007f6	     45	   12.0	    7.0	29308.8	 0.0145	 100.00	1362.55
    731	4007f6	     45	    6.0	    6.0	29268.7	 0.0145	 100.00	1362.66
    732	4007f6	     45	   10.0	    8.0	29228.8	 0.0145	 100.00	1362.64
    733	4007f6	     45	   10.0	   10.0	29189.0	 0.0144	 100.00	1362.75
    734	4007f6	     45	   10.0	    8.0	29149.3	 0.0144	 100.00	1362.74
    735	4007f6	     45	    8.0	    8.0	29109.7	 0.0144	 100.00	1362.85
    736	4007f6	     45	    8.0	    8.0	29070.2	 0.0144	 100.00	1362.83
    737	4007f6	     45	    6.0	    6.0	29030.8	 0.0145	 100.00	1362.93
    738	4007f6	     45	   20.0	   18.0	28991.6	 0.0146	 100.00	1362.93
    739	4007f6	     45	    8.0	   14.0	28952.4	 0.0146	 100.00	1363.04
    740	4007f6	     45	   12.0	   14.0	28913.4	 0.0145	 100.00	1363.03
    741	4007f6	     45	    6.0	    6.0	28874.4	 0.0145	 100.00	1363.14
    742	4007f6	     45	    8.0	    6.0	28835.6	 0.0145	 100.00	1363.10
    743	4007f6	     45	   12.0	   12.0	28796.8	 0.0145	 100.00	1363.20
    744	4007f6	     45	    8.0	   12.0	28758.2	 0.0145	 100.00	1363.20
    745	4007f6	     45	    8.0	   10.0	28719.6	 0.0145	 100.00	1363.30
    746	4007f6	     45	    8.0	   10.0	28681.2	 0.0145	 100.00	1363.29
    747	4007f6	     45	    6.0	    6.0	28642.9	 0.0145	 100.00	1363.40
    748	4007f6	     45	   18.0	   12.0	28604.6	 0.0145	 100.00	1363.38
    749	4007f6	     45	    6.0	    6.0	28566.5	 0.0145	 100.00	1363.48
    750	4007f6	     45	    8.0	    6.0	28528.5	 0.0144	 100.00	1363.46
    751	4007f6	     45	    8.0	    9.0	28490.6	 0.0144	 100.00	1363.05
    752	4007f6	     45	    8.0	   15.0	28452.7	 0.0144	 100.00	1362.66
    753	4007f6	     45	   12.0	   11.0	28415.0	 0.0145	 100.00	1362.23
    754	4007f6	     45	    8.0	    6.0	28377.4	 0.0145	 100.00	1362.02
    755	4007f6	     45	    6.0	    0.0	28339.9	 0.0144	 +99.87	1361.67
    756	400160	    483	  447.0	  447.0	28303.0	 0.2578	  99.87	1343.39
./asc:main.c:349: panic: pid `6650' SIGSEGV: stack smashed?
PANIC: run aborted: Success
