./asc:main.c:294: warning: auxv random bytes were not cleared
  Round	    PC	Excited	Hamming	   Loss	 Regret	    MSE	  Error	   MIPS
      0	400144	     45	42310.0	42310.0	42310.0	 0.1301	 100.00	  32.00
      1	4007fe	     45	 1223.0	43531.0	21765.5	 0.1248	 100.00	 224.98
      2	4007fe	     45	    8.0	43531.0	14510.3	 0.0832	 100.00	 375.21
      3	4007fe	     45	   10.0	43533.0	10883.2	 0.0624	 100.00	 488.45
      4	4007fe	     45	   10.0	43531.0	17412.8	 0.0499	 100.00	 581.74
      5	4007fe	     45	    6.0	43537.0	21766.8	 0.0416	 100.00	 659.52
      6	4007fe	     45	   12.0	43533.0	24876.3	 0.0357	 100.00	 727.84
      7	4007fe	     45	    8.0	43537.0	27208.9	 0.0313	 100.00	 782.76
      8	4007fe	     45	   10.0	43531.0	29022.4	 0.0278	 100.00	 827.19
      9	4007fe	     45	    6.0	43533.0	30473.5	 0.0252	 100.00	 864.15
     10	4007fe	     45	    8.0	43537.0	31661.1	 0.0230	 100.00	 896.28
     11	4007fe	     45	   12.0	43533.0	32650.4	 0.0218	 100.00	 924.72
     12	4007fe	     45	   12.0	43533.0	33487.5	 0.0236	 100.00	 950.02
     13	4007fe	     45	    8.0	43533.0	34205.1	 0.0219	 100.00	 972.60
     14	4007fe	     45	    8.0	43537.0	34827.2	 0.0205	 100.00	 992.41
     15	4007fe	     45	    6.0	43539.0	35371.7	 0.0192	 100.00	1010.70
     16	4007fe	     45	   12.0	43531.0	35851.6	 0.0181	 100.00	1027.24
     17	4007fe	     45	    8.0	43535.0	36278.5	 0.0171	 100.00	1042.85
     18	4007fe	     45	   10.0	43533.0	36660.3	 0.0162	 100.00	1056.81
     19	4007fe	     45	    6.0	43539.0	37004.2	 0.0154	 100.00	1069.56
     20	4007fe	     45	   10.0	43537.0	37315.3	 0.0147	 100.00	1081.02
     21	4007fe	     45	   16.0	43533.0	37598.0	 0.0154	 100.00	1091.94
     22	4007fe	     45	    8.0	43533.0	37856.0	 0.0147	 100.00	1101.55
     23	4007fe	     45	    6.0	43539.0	38092.8	 0.0141	 100.00	1111.07
     24	4007fe	     45	   10.0	43533.0	38310.4	 0.0136	 100.00	1119.63
     25	4007fe	     45	    6.0	43535.0	38511.3	 0.0131	 100.00	1128.11
     26	4007fe	     45	   14.0	43533.0	38697.3	 0.0148	 100.00	1135.23
     27	4007fe	     45	    6.0	43535.0	38870.1	 0.0143	 100.00	1142.66
     28	4007fe	     45	   10.0	43537.0	39031.0	 0.0138	 100.00	1149.15
     29	4007fe	     45	    8.0	43537.0	39181.2	 0.0155	 100.00	1155.64
     30	4007fe	     45	   10.0	43539.0	39321.8	 0.0157	 100.00	1161.13
     31	4007fe	     45	   12.0	43535.0	39453.5	 0.0156	 100.00	1166.33
     32	4007fe	     45	    8.0	43531.0	39577.0	 0.0154	 100.00	1171.63
     33	4007fe	     45	    6.0	43537.0	39693.5	 0.0149	 100.00	1176.71
     34	4007fe	     45	   10.0	43535.0	39803.3	 0.0145	 100.00	1181.45
     35	4007fe	     45	    8.0	43539.0	39907.0	 0.0141	 100.00	1186.16
     36	4007fe	     45	   14.0	43533.0	40005.0	 0.0155	 100.00	1190.01
     37	4007fe	     45	    6.0	43539.0	40098.0	 0.0151	 100.00	1194.27
     38	4007fe	     45	    8.0	43539.0	40186.3	 0.0147	 100.00	1197.91
     39	4007fe	     45	   10.0	43541.0	40270.1	 0.0143	 100.00	1201.89
     40	4007fe	     45	    8.0	43537.0	40349.8	 0.0140	 100.00	1205.34
     41	4007fe	     45	   16.0	43529.0	40425.5	 0.0151	 100.00	1208.90
     42	4007fe	     45	    8.0	43533.0	40497.8	 0.0147	 100.00	1212.14
     43	4007fe	     45	    6.0	43535.0	40566.8	 0.0144	 100.00	1215.68
     44	4007fe	     45	   14.0	43533.0	40632.7	 0.0142	 100.00	1218.66
     45	4007fe	     45	    6.0	43535.0	40695.8	 0.0139	 100.00	1222.00
     46	4007fe	     45	    8.0	43539.0	40756.3	 0.0136	 100.00	1224.79
     47	4007fe	     45	   10.0	43537.0	40814.2	 0.0133	 100.00	1227.76
     48	4007fe	     45	    8.0	43533.0	40869.7	 0.0132	 100.00	1230.39
     49	4007fe	     45	   10.0	43535.0	40923.0	 0.0129	 100.00	1233.06
     50	4007fe	     45	    8.0	43535.0	40974.2	 0.0127	 100.00	1235.35
     51	4007fe	     45	    6.0	43541.0	41023.6	 0.0134	 100.00	1237.98
     52	4007fe	     45	   16.0	43533.0	41070.9	 0.0140	 100.00	1240.25
     53	4007fe	     45	    8.0	43537.0	41116.6	 0.0138	 100.00	1242.69
     54	4007fe	     45	   10.0	43535.0	41160.6	 0.0135	 100.00	1244.87
     55	4007fe	     45	    6.0	43541.0	41203.1	 0.0140	 100.00	1247.04
     56	4007fe	     45	    8.0	43537.0	41244.0	 0.0137	 100.00	1248.95
     57	4007fe	     45	   10.0	43535.0	41283.5	 0.0139	 100.00	1251.12
     58	4007fe	     45	   10.0	43537.0	41321.7	 0.0137	 100.00	1252.80
     59	4007fe	     45	    8.0	43537.0	41358.7	 0.0135	 100.00	1254.81
     60	4007fe	     45	   10.0	43539.0	41394.4	 0.0142	 100.00	1256.49
     61	4007fe	     45	    6.0	43541.0	41429.0	 0.0141	 100.00	1258.24
     62	4007fe	     45	   18.0	43535.0	41462.4	 0.0144	 100.00	1259.59
     63	4007fe	     45	    6.0	43537.0	41494.9	 0.0141	 100.00	1261.22
     64	4007fe	     45	   10.0	43531.0	41526.2	 0.0141	 100.00	1262.63
     65	4007fe	     45	    6.0	43537.0	41556.7	 0.0139	 100.00	1264.16
     66	4007fe	     45	    8.0	43537.0	41586.2	 0.0137	 100.00	1265.51
     67	4007fe	     45	   12.0	43537.0	41614.9	 0.0136	 100.00	1266.97
     68	4007fe	     45	   10.0	43535.0	41642.7	 0.0134	 100.00	1268.13
     69	4007fe	     45	    6.0	43541.0	41669.8	 0.0132	 100.00	1269.50
     70	4007fe	     45	   10.0	43539.0	41696.2	 0.0133	 100.00	1270.68
     71	4007fe	     45	    8.0	43543.0	41721.8	 0.0131	 100.00	1272.04
     72	4007fe	     45	   14.0	43533.0	41746.6	 0.0131	 100.00	1273.26
     73	4007fe	     45	    6.0	43535.0	41770.8	 0.0129	 100.00	1274.68
     74	4007fe	     45	    8.0	43539.0	41794.4	 0.0127	 100.00	1275.62
     75	4007fe	     45	    8.0	43539.0	41817.3	 0.0125	 100.00	1276.84
     76	4007fe	     45	   12.0	43539.0	41839.7	 0.0124	 100.00	1277.87
     77	4007fe	     45	   10.0	43537.0	41861.4	 0.0122	 100.00	1278.99
     78	4007fe	     45	    8.0	43541.0	41882.7	 0.0121	 100.00	1279.96
     79	4007fe	     45	    6.0	43543.0	41903.5	 0.0119	 100.00	1281.06
     80	4007fe	     45	   10.0	43537.0	41923.6	 0.0118	 100.00	1281.86
     81	4007fe	     45	    8.0	43541.0	41943.4	 0.0117	 100.00	1282.91
     82	4007fe	     45	   20.0	43529.0	41962.5	 0.0127	 100.00	1283.74
     83	4007fe	     45	    6.0	43535.0	41981.2	 0.0125	 100.00	1284.71
     84	4007fe	     45	   10.0	43533.0	41999.4	 0.0124	 100.00	1285.69
     85	4007fe	     45	   10.0	43535.0	42017.3	 0.0122	 100.00	1286.77
     86	4007fe	     45	    8.0	43535.0	42034.7	 0.0121	 100.00	1287.62
     87	4007fe	     45	    6.0	43541.0	42051.9	 0.0122	 100.00	1288.66
     88	4007fe	     45	   12.0	43533.0	42068.5	 0.0125	 100.00	1289.66
     89	4007fe	     45	    6.0	43535.0	42084.8	 0.0124	 100.00	1290.69
     90	4007fe	     45	   12.0	43535.0	42100.7	 0.0123	 100.00	1291.51
     91	4007fe	     45	    6.0	43537.0	42116.3	 0.0122	 100.00	1292.49
     92	4007fe	     45	   10.0	43539.0	42131.6	 0.0120	 100.00	1293.16
     93	4007fe	     45	   12.0	43535.0	42146.6	 0.0119	 100.00	1294.12
     94	4007fe	     45	   10.0	43537.0	42161.2	 0.0118	 100.00	1294.91
     95	4007fe	     45	    8.0	43537.0	42175.5	 0.0117	 100.00	1295.81
     96	4007fe	     45	    8.0	43533.0	42189.5	 0.0116	 100.00	1296.63
     97	4007fe	     45	    6.0	43539.0	42203.3	 0.0114	 100.00	1297.51
     98	4007fe	     45	   12.0	43535.0	42216.7	 0.0114	 100.00	1298.08
     99	4007fe	     45	    8.0	43539.0	42230.0	 0.0113	 100.00	1298.94
    100	4007fe	     45	   12.0	43535.0	42242.9	 0.0112	 100.00	1299.58
    101	4007fe	     45	    6.0	43541.0	42255.6	 0.0110	 100.00	1300.39
    102	4007fe	     45	    8.0	43541.0	42268.1	 0.0111	 100.00	1301.04
    103	4007fe	     45	   16.0	43537.0	42280.3	 0.0114	 100.00	1301.84
    104	4007fe	     45	    8.0	43533.0	42292.2	 0.0113	 100.00	1302.41
    105	4007fe	     45	    8.0	43533.0	42303.9	 0.0112	 100.00	1303.16
    106	4007fe	     45	    8.0	43537.0	42315.5	 0.0111	 100.00	1303.78
    107	4007fe	     45	    6.0	43539.0	42326.8	 0.0110	 100.00	1304.50
    108	4007fe	     45	   16.0	43535.0	42337.9	 0.0109	 100.00	1305.10
    109	4007fe	     45	    6.0	43537.0	42348.8	 0.0108	 100.00	1305.83
    110	4007fe	     45	    8.0	43541.0	42359.5	 0.0108	 100.00	1306.31
    111	4007fe	     45	    8.0	43541.0	42370.1	 0.0109	 100.00	1306.98
    112	4007fe	     45	    8.0	43537.0	42380.4	 0.0108	 100.00	1307.52
    113	4007fe	     45	   14.0	43535.0	42390.5	 0.0113	 100.00	1308.19
    114	4007fe	     45	    8.0	43535.0	42400.5	 0.0112	 100.00	1308.71
    115	4007fe	     45	    6.0	43541.0	42410.3	 0.0111	 100.00	1309.36
    116	4007fe	     45	   12.0	43537.0	42419.9	 0.0110	 100.00	1309.81
    117	4007fe	     45	    8.0	43541.0	42429.4	 0.0109	 100.00	1310.44
    118	4007fe	     45	   12.0	43537.0	42438.7	 0.0110	 100.00	1310.95
    119	4007fe	     45	    6.0	43543.0	42447.9	 0.0109	 100.00	1311.58
    120	4007fe	     45	    8.0	43539.0	42457.0	 0.0108	 100.00	1312.09
    121	4007fe	     45	    8.0	43539.0	42465.8	 0.0107	 100.00	1312.68
    122	4007fe	     45	   10.0	43541.0	42474.6	 0.0107	 100.00	1313.11
    123	4007fe	     45	   16.0	43533.0	42483.1	 0.0111	 100.00	1313.68
    124	4007fe	     45	   10.0	43535.0	42491.5	 0.0110	 100.00	1314.13
    125	4007fe	     45	    6.0	43537.0	42499.8	 0.0109	 100.00	1314.77
    126	4007fe	     45	   12.0	43537.0	42508.0	 0.0108	 100.00	1315.06
    127	4007fe	     45	    6.0	43539.0	42516.0	 0.0107	 100.00	1315.74
    128	4007fe	     45	   12.0	43531.0	42523.9	 0.0113	 100.00	1315.97
    129	4007fe	     45	    6.0	43537.0	42531.7	 0.0112	 100.00	1316.58
    130	4007fe	     45	    8.0	43537.0	42539.4	 0.0111	 100.00	1316.92
    131	4007fe	     45	   10.0	43539.0	42546.9	 0.0110	 100.00	1317.50
    132	4007fe	     45	   10.0	43537.0	42554.4	 0.0109	 100.00	1317.87
    133	4007fe	     45	    6.0	43543.0	42561.8	 0.0109	 100.00	1318.43
    134	4007fe	     45	   14.0	43537.0	42569.0	 0.0109	 100.00	1318.68
    135	4007fe	     45	    8.0	43541.0	42576.1	 0.0108	 100.00	1319.22
    136	4007fe	     45	   10.0	43535.0	42583.1	 0.0107	 100.00	1319.55
    137	4007fe	     45	    6.0	43537.0	42590.1	 0.0107	 100.00	1319.98
    138	4007fe	     45	    8.0	43541.0	42596.9	 0.0106	 100.00	1320.33
    139	4007fe	     45	   10.0	43539.0	42603.6	 0.0106	 100.00	1320.90
    140	4007fe	     45	   12.0	43539.0	42610.3	 0.0106	 100.00	1321.12
    141	4007fe	     45	    8.0	43539.0	42616.8	 0.0106	 100.00	1321.60
    142	4007fe	     45	    8.0	43543.0	42623.3	 0.0105	 100.00	1321.85
    143	4007fe	     45	    6.0	43545.0	42629.7	 0.0104	 100.00	1322.22
    144	4007fe	     45	   16.0	43533.0	42635.9	 0.0109	 100.00	1322.64
    145	4007fe	     45	    8.0	43537.0	42642.1	 0.0109	 100.00	1322.96
    146	4007fe	     45	   10.0	43535.0	42648.1	 0.0108	 100.00	1323.37
    147	4007fe	     45	    6.0	43541.0	42654.2	 0.0107	 100.00	1323.75
    148	4007fe	     45	   10.0	43539.0	42660.1	 0.0111	 100.00	1324.14
    149	4007fe	     45	   12.0	43539.0	42666.0	 0.0112	 100.00	1324.47
    150	4007fe	     45	    8.0	43539.0	42671.8	 0.0111	 100.00	1324.84
    151	4007fe	     45	    6.0	43545.0	42677.5	 0.0110	 100.00	1325.10
    152	4007fe	     45	   10.0	43539.0	42683.1	 0.0110	 100.00	1325.47
    153	4007fe	     45	    6.0	43541.0	42688.7	 0.0109	 100.00	1325.75
    154	4007fe	     45	   16.0	43537.0	42694.2	 0.0112	 100.00	1326.13
    155	4007fe	     45	    6.0	43539.0	42699.6	 0.0111	 100.00	1326.44
    156	4007fe	     45	   10.0	43541.0	42705.0	 0.0113	 100.00	1326.80
    157	4007fe	     45	    8.0	43541.0	42710.2	 0.0113	 100.00	1327.08
    158	4007fe	     45	   10.0	43543.0	42715.5	 0.0112	 100.00	1327.36
    159	4007fe	     45	   10.0	43541.0	42720.6	 0.0112	 100.00	1327.68
    160	4007fe	     45	    8.0	43537.0	42725.7	 0.0112	 100.00	1328.03
    161	4007fe	     45	    6.0	43543.0	42730.8	 0.0111	 100.00	1328.33
    162	4007fe	     45	   10.0	43541.0	42735.7	 0.0111	 100.00	1328.67
    163	4007fe	     45	    8.0	43545.0	42740.7	 0.0110	 100.00	1328.88
    164	4007fe	     45	   24.0	43529.0	42745.4	 0.0119	 100.00	1329.21
    165	4007fe	     45	    6.0	43535.0	42750.2	 0.0118	 100.00	1329.47
    166	4007fe	     45	    8.0	43535.0	42754.9	 0.0117	 100.00	1329.78
    167	4007fe	     45	   10.0	43537.0	42759.6	 0.0117	 100.00	1330.04
    168	4007fe	     45	    8.0	43533.0	42764.1	 0.0117	 100.00	1330.36
    169	4007fe	     45	   10.0	43531.0	42768.6	 0.0117	 100.00	1330.54
    170	4007fe	     45	    8.0	43535.0	42773.1	 0.0116	 100.00	1330.84
    171	4007fe	     45	    6.0	43537.0	42777.6	 0.0115	 100.00	1331.11
    172	4007fe	     45	   14.0	43535.0	42781.9	 0.0115	 100.00	1331.40
    173	4007fe	     45	    6.0	43537.0	42786.3	 0.0114	 100.00	1331.65
    174	4007fe	     45	    8.0	43541.0	42790.6	 0.0113	 100.00	1331.94
    175	4007fe	     45	   12.0	43537.0	42794.8	 0.0113	 100.00	1332.07
    176	4007fe	     45	    8.0	43533.0	42799.0	 0.0114	 100.00	1332.36
    177	4007fe	     45	   10.0	43535.0	42803.1	 0.0113	 100.00	1332.61
    178	4007fe	     45	    8.0	43535.0	42807.2	 0.0112	 100.00	1332.87
    179	4007fe	     45	    6.0	43541.0	42811.3	 0.0112	 100.00	1333.11
    180	4007fe	     45	   14.0	43535.0	42815.3	 0.0112	 100.00	1333.38
    181	4007fe	     45	    8.0	43539.0	42819.3	 0.0111	 100.00	1333.58
    182	4007fe	     45	   10.0	43537.0	42823.2	 0.0111	 100.00	1333.79
    183	4007fe	     45	    6.0	43543.0	42827.1	 0.0110	 100.00	1334.02
    184	4007fe	     45	    8.0	43539.0	42831.0	 0.0109	 100.00	1334.26
    185	4007fe	     45	   14.0	43533.0	42834.7	 0.0109	 100.00	1334.50
    186	4007fe	     45	   10.0	43535.0	42838.5	 0.0109	 100.00	1334.74
    187	4007fe	     45	    8.0	43535.0	42842.2	 0.0108	 100.00	1334.89
    188	4007fe	     45	   10.0	43537.0	42845.9	 0.0108	 100.00	1335.08
    189	4007fe	     45	    6.0	43539.0	42849.5	 0.0107	 100.00	1335.23
    190	4007fe	     45	   14.0	43537.0	42853.1	 0.0107	 100.00	1335.42
    191	4007fe	     45	    6.0	43539.0	42856.7	 0.0106	 100.00	1335.58
    192	4007fe	     45	   10.0	43533.0	42860.2	 0.0107	 100.00	1335.75
    193	4007fe	     45	    6.0	43539.0	42863.7	 0.0106	 100.00	1335.82
    194	4007fe	     45	    8.0	43539.0	42867.1	 0.0105	 100.00	1335.99
    195	4007fe	     45	   14.0	43537.0	42870.6	 0.0105	 100.00	1336.10
    196	4007fe	     45	   10.0	43535.0	42873.9	 0.0104	 100.00	1336.21
    197	4007fe	     45	    6.0	43541.0	42877.3	 0.0104	 100.00	1336.32
    198	4007fe	     45	   10.0	43539.0	42880.6	 0.0103	 100.00	1336.50
    199	4007fe	     45	    8.0	43543.0	42883.9	 0.0103	 100.00	1336.52
    200	4007fe	     45	   12.0	43535.0	42887.2	 0.0102	 100.00	1336.69
    201	4007fe	     45	    6.0	43537.0	42890.4	 0.0102	 100.00	1336.82
    202	4007fe	     45	    8.0	43541.0	42893.6	 0.0101	 100.00	1336.98
    203	4007fe	     45	    8.0	43541.0	42896.8	 0.0101	 100.00	1337.15
    204	4007fe	     45	   12.0	43541.0	42899.9	 0.0103	 100.00	1337.30
    205	4007fe	     45	   16.0	43533.0	42903.0	 0.0106	 100.00	1337.33
    206	4007fe	     45	    8.0	43537.0	42906.1	 0.0106	 100.00	1337.50
    207	4007fe	     45	    6.0	43539.0	42909.1	 0.0105	 100.00	1337.60
    208	4007fe	     45	   10.0	43533.0	42912.1	 0.0105	 100.00	1337.84
    209	4007fe	     45	    8.0	43537.0	42915.1	 0.0104	 100.00	1338.00
    210	4007fe	     45	   12.0	43533.0	42918.0	 0.0106	 100.00	1338.04
    211	4007fe	     45	    6.0	43539.0	42920.9	 0.0105	 100.00	1338.13
    212	4007fe	     45	   10.0	43537.0	42923.8	 0.0105	 100.00	1338.35
    213	4007fe	     45	   10.0	43539.0	42926.7	 0.0105	 100.00	1338.49
    214	4007fe	     45	    8.0	43539.0	42929.5	 0.0104	 100.00	1338.70
    215	4007fe	     45	    6.0	43545.0	42932.4	 0.0104	 100.00	1338.87
    216	4007fe	     45	   14.0	43535.0	42935.2	 0.0105	 100.00	1339.08
    217	4007fe	     45	    6.0	43537.0	42937.9	 0.0104	 100.00	1339.21
    218	4007fe	     45	   12.0	43537.0	42940.7	 0.0104	 100.00	1339.42
    219	4007fe	     45	    6.0	43539.0	42943.4	 0.0103	 100.00	1339.57
    220	4007fe	     45	   10.0	43541.0	42946.1	 0.0103	 100.00	1339.79
    221	4007fe	     45	   10.0	43539.0	42948.8	 0.0106	 100.00	1339.94
    222	4007fe	     45	   10.0	43541.0	42951.4	 0.0105	 100.00	1340.09
    223	4007fe	     45	    8.0	43541.0	42954.0	 0.0105	 100.00	1340.21
    224	4007fe	     45	    8.0	43537.0	42956.6	 0.0106	 100.00	1340.41
    225	4007fe	     45	    6.0	43543.0	42959.2	 0.0106	 100.00	1340.55
    226	4007fe	     45	   16.0	43535.0	42961.8	 0.0109	 100.00	1340.74
    227	4007fe	     45	    8.0	43539.0	42964.3	 0.0108	 100.00	1340.87
    228	4007fe	     45	   12.0	43535.0	42966.8	 0.0108	 100.00	1341.06
    229	4007fe	     45	    6.0	43541.0	42969.3	 0.0107	 100.00	1341.17
    230	4007fe	     45	    8.0	43541.0	42971.8	 0.0107	 100.00	1341.36
    231	4007fe	     45	   12.0	43541.0	42974.2	 0.0109	 100.00	1341.50
    232	4007fe	     45	    8.0	43537.0	42976.6	 0.0108	 100.00	1341.69
    233	4007fe	     45	    8.0	43537.0	42979.0	 0.0109	 100.00	1341.83
    234	4007fe	     45	    8.0	43541.0	42981.4	 0.0109	 100.00	1342.01
    235	4007fe	     45	    6.0	43543.0	42983.8	 0.0108	 100.00	1342.10
    236	4007fe	     45	   18.0	43537.0	42986.1	 0.0109	 100.00	1342.28
    237	4007fe	     45	    6.0	43539.0	42988.4	 0.0108	 100.00	1342.38
    238	4007fe	     45	    8.0	43543.0	42990.8	 0.0108	 100.00	1342.50
    239	4007fe	     45	    8.0	43543.0	42993.1	 0.0107	 100.00	1342.57
    240	4007fe	     45	    8.0	43539.0	42995.3	 0.0107	 100.00	1342.70
    241	4007fe	     45	   12.0	43539.0	42997.6	 0.0107	 100.00	1342.74
    242	4007fe	     45	    8.0	43539.0	42999.8	 0.0107	 100.00	1342.86
    243	4007fe	     45	    6.0	43545.0	43002.0	 0.0106	 100.00	1342.91
    244	4007fe	     45	   12.0	43541.0	43004.2	 0.0106	 100.00	1343.02
    245	4007fe	     45	    8.0	43545.0	43006.4	 0.0105	 100.00	1343.13
    246	4007fe	     45	   20.0	43533.0	43008.6	 0.0109	 100.00	1343.19
    247	4007fe	     45	    6.0	43539.0	43010.7	 0.0109	 100.00	1343.23
    248	4007fe	     45	    8.0	43535.0	43012.8	 0.0108	 100.00	1343.35
    249	4007fe	     45	    8.0	43535.0	43014.9	 0.0108	 100.00	1343.42
    250	4007fe	     45	   10.0	43537.0	43017.0	 0.0107	 100.00	1343.55
    251	4007fe	     45	   10.0	43535.0	43019.0	 0.0107	 100.00	1343.63
    252	4007fe	     45	   10.0	43537.0	43021.1	 0.0107	 100.00	1343.74
    253	4007fe	     45	    6.0	43539.0	43023.1	 0.0106	 100.00	1343.78
    254	4007fe	     45	   12.0	43539.0	43025.2	 0.0106	 100.00	1343.90
    255	4007fe	     45	    6.0	43541.0	43027.2	 0.0105	 100.00	1343.97
    256	4007fe	     45	   14.0	43531.0	43029.1	 0.0107	 100.00	1344.07
    257	4007fe	     45	    6.0	43537.0	43031.1	 0.0106	 100.00	1344.12
    258	4007fe	     45	    8.0	43537.0	43033.1	 0.0106	 100.00	1344.23
    259	4007fe	     45	   10.0	43539.0	43035.0	 0.0106	 100.00	1344.26
    260	4007fe	     45	   10.0	43537.0	43036.9	 0.0105	 100.00	1344.37
    261	4007fe	     45	    6.0	43543.0	43038.9	 0.0105	 100.00	1344.43
    262	4007fe	     45	   12.0	43539.0	43040.8	 0.0108	 100.00	1344.56
    263	4007fe	     45	    8.0	43543.0	43042.7	 0.0108	 100.00	1344.60
    264	4007fe	     45	   10.0	43537.0	43044.5	 0.0108	 100.00	1344.72
    265	4007fe	     45	    6.0	43539.0	43046.4	 0.0107	 100.00	1344.75
    266	4007fe	     45	    8.0	43543.0	43048.2	 0.0107	 100.00	1344.85
    267	4007fe	     45	   14.0	43537.0	43050.1	 0.0108	 100.00	1344.92
    268	4007fe	     45	   12.0	43537.0	43051.9	 0.0107	 100.00	1345.01
    269	4007fe	     45	    8.0	43537.0	43053.7	 0.0107	 100.00	1345.08
    270	4007fe	     45	    8.0	43541.0	43055.5	 0.0107	 100.00	1345.19
    271	4007fe	     45	    6.0	43543.0	43057.3	 0.0106	 100.00	1345.22
    272	4007fe	     45	   12.0	43535.0	43059.0	 0.0107	 100.00	1345.29
    273	4007fe	     45	    8.0	43539.0	43060.8	 0.0107	 100.00	1345.34
    274	4007fe	     45	   10.0	43537.0	43062.5	 0.0107	 100.00	1345.47
    275	4007fe	     45	    6.0	43543.0	43064.2	 0.0106	 100.00	1345.46
    276	4007fe	     45	   10.0	43541.0	43066.0	 0.0106	 100.00	1345.49
    277	4007fe	     45	   14.0	43539.0	43067.7	 0.0106	 100.00	1345.60
    278	4007fe	     45	    8.0	43539.0	43069.3	 0.0106	 100.00	1345.57
    279	4007fe	     45	    6.0	43545.0	43071.0	 0.0106	 100.00	1345.68
    280	4007fe	     45	   10.0	43539.0	43072.7	 0.0105	 100.00	1345.74
    281	4007fe	     45	    6.0	43541.0	43074.4	 0.0105	 100.00	1345.81
    282	4007fe	     45	   14.0	43539.0	43076.0	 0.0106	 100.00	1345.88
    283	4007fe	     45	    6.0	43541.0	43077.7	 0.0106	 100.00	1345.93
    284	4007fe	     45	   10.0	43543.0	43079.3	 0.0106	 100.00	1345.94
    285	4007fe	     45	    8.0	43543.0	43080.9	 0.0108	 100.00	1346.01
    286	4007fe	     45	   10.0	43545.0	43082.5	 0.0108	 100.00	1346.09
    287	4007fe	     45	   16.0	43537.0	43084.1	 0.0111	 100.00	1346.15
    288	4007fe	     45	    8.0	43533.0	43085.7	 0.0111	 100.00	1346.15
    289	4007fe	     45	    6.0	43539.0	43087.2	 0.0111	 100.00	1346.24
    290	4007fe	     45	   10.0	43537.0	43088.8	 0.0110	 100.00	1346.27
    291	4007fe	     45	    8.0	43541.0	43090.3	 0.0110	 100.00	1346.35
    292	4007fe	     45	   14.0	43535.0	43091.8	 0.0110	 100.00	1346.38
    293	4007fe	     45	    6.0	43541.0	43093.4	 0.0110	 100.00	1346.47
    294	4007fe	     45	    8.0	43541.0	43094.9	 0.0109	 100.00	1346.45
    295	4007fe	     45	   10.0	43543.0	43096.4	 0.0109	 100.00	1346.54
    296	4007fe	     45	    8.0	43539.0	43097.9	 0.0108	 100.00	1346.58
    297	4007fe	     45	   12.0	43535.0	43099.3	 0.0110	 100.00	1346.67
    298	4007fe	     45	    8.0	43539.0	43100.8	 0.0109	 100.00	1346.75
    299	4007fe	     45	    6.0	43541.0	43102.3	 0.0109	 100.00	1346.84
    300	4007fe	     45	   14.0	43539.0	43103.7	 0.0108	 100.00	1346.94
    301	4007fe	     45	    6.0	43541.0	43105.2	 0.0108	 100.00	1347.03
    302	4007fe	     45	    8.0	43545.0	43106.6	 0.0108	 100.00	1347.05
    303	4007fe	     45	   10.0	43543.0	43108.1	 0.0109	 100.00	1347.15
    304	4007fe	     45	    8.0	43539.0	43109.5	 0.0109	 100.00	1347.21
    305	4007fe	     45	   10.0	43541.0	43110.9	 0.0108	 100.00	1347.33
    306	4007fe	     45	    8.0	43541.0	43112.3	 0.0108	 100.00	1347.39
    307	4007fe	     45	    6.0	43547.0	43113.7	 0.0108	 100.00	1347.51
    308	4007fe	     45	   18.0	43537.0	43115.1	 0.0109	 100.00	1347.58
    309	4007fe	     45	    8.0	43541.0	43116.4	 0.0108	 100.00	1347.70
    310	4007fe	     45	   10.0	43539.0	43117.8	 0.0108	 100.00	1347.75
    311	4007fe	     45	    6.0	43545.0	43119.2	 0.0108	 100.00	1347.88
    312	4007fe	     45	    8.0	43541.0	43120.5	 0.0107	 100.00	1347.92
    313	4007fe	     45	   10.0	43539.0	43121.9	 0.0107	 100.00	1348.04
    314	4007fe	     45	   10.0	43541.0	43123.2	 0.0107	 100.00	1348.11
    315	4007fe	     45	    8.0	43541.0	43124.5	 0.0108	 100.00	1348.24
    316	4007fe	     45	   10.0	43543.0	43125.8	 0.0108	 100.00	1348.31
    317	4007fe	     45	    6.0	43545.0	43127.1	 0.0108	 100.00	1348.43
    318	4007fe	     45	   16.0	43541.0	43128.4	 0.0109	 100.00	1348.47
    319	4007fe	     45	    6.0	43543.0	43129.7	 0.0109	 100.00	1348.57
    320	4007fe	     45	   10.0	43537.0	43131.0	 0.0109	 100.00	1348.67
    321	4007fe	     45	    6.0	43543.0	43132.3	 0.0109	 100.00	1348.78
    322	4007fe	     45	    8.0	43543.0	43133.6	 0.0109	 100.00	1348.85
    323	4007fe	     45	   12.0	43543.0	43134.8	 0.0109	 100.00	1348.98
    324	4007fe	     45	   10.0	43541.0	43136.1	 0.0108	 100.00	1349.01
    325	4007fe	     45	    6.0	43547.0	43137.3	 0.0108	 100.00	1349.12
    326	4007fe	     45	   10.0	43545.0	43138.6	 0.0109	 100.00	1349.20
    327	4007fe	     45	    8.0	43549.0	43139.8	 0.0108	 100.00	1349.32
    328	4007fe	     45	   24.0	43529.0	43141.0	 0.0116	 100.00	1349.41
    329	4007fe	     45	    6.0	43531.0	43142.2	 0.0116	 100.00	1349.53
    330	4007fe	     45	    8.0	43535.0	43143.4	 0.0116	 100.00	1349.58
    331	4007fe	     45	    8.0	43535.0	43144.6	 0.0115	 100.00	1349.70
    332	4007fe	     45	   12.0	43535.0	43145.7	 0.0115	 100.00	1349.79
    333	4007fe	     45	   10.0	43533.0	43146.9	 0.0115	 100.00	1349.90
    334	4007fe	     45	    8.0	43537.0	43148.1	 0.0118	 100.00	1349.98
    335	4007fe	     45	    6.0	43539.0	43149.2	 0.0118	 100.00	1350.11
    336	4007fe	     45	   10.0	43533.0	43150.4	 0.0120	 100.00	1350.15
    337	4007fe	     45	    8.0	43537.0	43151.5	 0.0119	 100.00	1350.27
    338	4007fe	     45	   14.0	43531.0	43152.6	 0.0120	 100.00	1350.34
    339	4007fe	     45	    6.0	43537.0	43153.8	 0.0120	 100.00	1350.46
    340	4007fe	     45	   10.0	43535.0	43154.9	 0.0121	 100.00	1350.54
    341	4007fe	     45	   10.0	43537.0	43156.0	 0.0121	 100.00	1350.65
    342	4007fe	     45	    8.0	43537.0	43157.1	 0.0121	 100.00	1350.70
    343	4007fe	     45	    6.0	43543.0	43158.2	 0.0122	 100.00	1350.81
    344	4007fe	     45	   12.0	43535.0	43159.3	 0.0122	 100.00	1350.87
    345	4007fe	     45	    6.0	43537.0	43160.4	 0.0122	 100.00	1350.98
    346	4007fe	     45	   12.0	43537.0	43161.5	 0.0122	 100.00	1351.04
    347	4007fe	     45	    6.0	43539.0	43162.6	 0.0121	 100.00	1351.15
    348	4007fe	     45	   10.0	43541.0	43163.7	 0.0121	 100.00	1351.19
    349	4007fe	     45	   14.0	43535.0	43164.7	 0.0122	 100.00	1351.28
    350	4007fe	     45	   10.0	43537.0	43165.8	 0.0122	 100.00	1351.27
    351	4007fe	     45	    8.0	43537.0	43166.8	 0.0122	 100.00	1351.39
    352	4007fe	     45	    8.0	43533.0	43167.9	 0.0126	 100.00	1351.46
    353	4007fe	     45	    6.0	43539.0	43168.9	 0.0125	 100.00	1351.57
    354	4007fe	     45	   12.0	43535.0	43170.0	 0.0125	 100.00	1351.61
    355	4007fe	     45	    8.0	43539.0	43171.0	 0.0125	 100.00	1351.71
    356	4007fe	     45	   12.0	43535.0	43172.0	 0.0124	 100.00	1351.77
    357	4007fe	     45	    6.0	43541.0	43173.0	 0.0124	 100.00	1351.87
    358	4007fe	     45	    8.0	43541.0	43174.1	 0.0124	 100.00	1351.94
    359	4007fe	     45	   14.0	43539.0	43175.1	 0.0125	 100.00	1352.04
    360	4007fe	     45	    8.0	43535.0	43176.1	 0.0125	 100.00	1352.08
    361	4007fe	     45	    8.0	43535.0	43177.1	 0.0125	 100.00	1352.17
    362	4007fe	     45	    8.0	43539.0	43178.1	 0.0124	 100.00	1352.24
    363	4007fe	     45	    6.0	43541.0	43179.1	 0.0124	 100.00	1352.34
    364	4007fe	     45	   16.0	43537.0	43180.0	 0.0124	 100.00	1352.39
    365	4007fe	     45	    6.0	43539.0	43181.0	 0.0124	 100.00	1352.50
    366	4007fe	     45	    8.0	43543.0	43182.0	 0.0125	 100.00	1352.53
    367	4007fe	     45	    8.0	43543.0	43183.0	 0.0125	 100.00	1352.63
    368	4007fe	     45	    8.0	43539.0	43184.0	 0.0125	 100.00	1352.69
    369	4007fe	     45	   18.0	43533.0	43184.9	 0.0127	 100.00	1352.77
    370	4007fe	     45	    8.0	43533.0	43185.8	 0.0127	 100.00	1352.83
    371	4007fe	     45	    6.0	43539.0	43186.8	 0.0127	 100.00	1352.92
    372	4007fe	     45	   12.0	43535.0	43187.7	 0.0126	 100.00	1352.96
    373	4007fe	     45	    8.0	43539.0	43188.7	 0.0126	 100.00	1353.05
    374	4007fe	     45	   12.0	43535.0	43189.6	 0.0126	 100.00	1353.11
    375	4007fe	     45	    6.0	43541.0	43190.5	 0.0125	 100.00	1353.19
    376	4007fe	     45	    8.0	43537.0	43191.4	 0.0125	 100.00	1353.25
    377	4007fe	     45	    8.0	43537.0	43192.4	 0.0125	 100.00	1353.34
    378	4007fe	     45	   10.0	43539.0	43193.3	 0.0124	 100.00	1353.36
    379	4007fe	     45	   12.0	43535.0	43194.2	 0.0125	 100.00	1353.45
    380	4007fe	     45	   10.0	43537.0	43195.1	 0.0124	 100.00	1353.49
    381	4007fe	     45	    6.0	43539.0	43196.0	 0.0124	 100.00	1353.56
    382	4007fe	     45	   12.0	43539.0	43196.9	 0.0124	 100.00	1353.58
    383	4007fe	     45	    6.0	43541.0	43197.8	 0.0124	 100.00	1353.67
    384	4007fe	     45	   12.0	43533.0	43198.6	 0.0125	 100.00	1353.68
    385	4007fe	     45	    6.0	43539.0	43199.5	 0.0125	 100.00	1353.76
    386	4007fe	     45	    8.0	43539.0	43200.4	 0.0125	 100.00	1353.81
    387	4007fe	     45	   10.0	43541.0	43201.3	 0.0125	 100.00	1353.91
    388	4007fe	     45	   10.0	43539.0	43202.1	 0.0125	 100.00	1353.96
    389	4007fe	     45	    6.0	43545.0	43203.0	 0.0128	 100.00	1354.04
    390	4007fe	     45	   16.0	43537.0	43203.9	 0.0129	 100.00	1354.06
    391	4007fe	     45	    8.0	43541.0	43204.7	 0.0129	 100.00	1354.14
    392	4007fe	     45	   10.0	43535.0	43205.6	 0.0129	 100.00	1354.19
    393	4007fe	     45	    6.0	43537.0	43206.4	 0.0129	 100.00	1354.26
    394	4007fe	     45	    8.0	43541.0	43207.3	 0.0128	 100.00	1354.30
    395	4007fe	     45	   10.0	43539.0	43208.1	 0.0128	 100.00	1354.38
    396	4007fe	     45	   12.0	43539.0	43208.9	 0.0128	 100.00	1354.37
    397	4007fe	     45	    8.0	43539.0	43209.8	 0.0128	 100.00	1354.44
    398	4007fe	     45	    8.0	43543.0	43210.6	 0.0127	 100.00	1354.49
    399	4007fe	     45	    6.0	43545.0	43211.4	 0.0127	 100.00	1354.57
    400	4007fe	     45	   14.0	43535.0	43212.2	 0.0128	 100.00	1354.59
    401	4007fe	     45	    8.0	43539.0	43213.0	 0.0127	 100.00	1354.65
    402	4007fe	     45	   10.0	43537.0	43213.9	 0.0127	 100.00	1354.67
    403	4007fe	     45	    6.0	43543.0	43214.7	 0.0127	 100.00	1354.74
    404	4007fe	     45	   10.0	43541.0	43215.5	 0.0126	 100.00	1354.77
    405	4007fe	     45	   12.0	43541.0	43216.3	 0.0126	 100.00	1354.85
    406	4007fe	     45	    8.0	43541.0	43217.1	 0.0126	 100.00	1354.89
    407	4007fe	     45	    6.0	43547.0	43217.9	 0.0126	 100.00	1354.96
    408	4007fe	     45	   10.0	43541.0	43218.7	 0.0125	 100.00	1354.98
    409	4007fe	     45	    6.0	43543.0	43219.5	 0.0125	 100.00	1355.05
    410	4007fe	     45	   22.0	43533.0	43220.2	 0.0129	 100.00	1355.09
    411	4007fe	     45	    6.0	43535.0	43221.0	 0.0129	 100.00	1355.15
    412	4007fe	     45	   10.0	43537.0	43221.8	 0.0129	 100.00	1355.16
    413	4007fe	     45	    8.0	43537.0	43222.5	 0.0128	 100.00	1355.23
    414	4007fe	     45	   10.0	43539.0	43223.3	 0.0128	 100.00	1355.24
    415	4007fe	     45	   10.0	43537.0	43224.0	 0.0128	 100.00	1355.31
    416	4007fe	     45	    8.0	43533.0	43224.8	 0.0129	 100.00	1355.34
    417	4007fe	     45	    6.0	43539.0	43225.5	 0.0129	 100.00	1355.41
    418	4007fe	     45	   10.0	43537.0	43226.3	 0.0129	 100.00	1355.43
    419	4007fe	     45	    8.0	43541.0	43227.0	 0.0129	 100.00	1355.50
    420	4007fe	     45	   16.0	43533.0	43227.7	 0.0129	 100.00	1355.52
    421	4007fe	     45	    6.0	43539.0	43228.5	 0.0128	 100.00	1355.60
    422	4007fe	     45	    8.0	43539.0	43229.2	 0.0128	 100.00	1355.64
    423	4007fe	     45	   10.0	43541.0	43230.0	 0.0128	 100.00	1355.71
    424	4007fe	     45	    8.0	43537.0	43230.7	 0.0127	 100.00	1355.76
    425	4007fe	     45	   10.0	43535.0	43231.4	 0.0128	 100.00	1355.83
    426	4007fe	     45	    8.0	43539.0	43232.1	 0.0127	 100.00	1355.84
    427	4007fe	     45	    6.0	43541.0	43232.8	 0.0127	 100.00	1355.92
    428	4007fe	     45	   14.0	43539.0	43233.5	 0.0127	 100.00	1355.95
    429	4007fe	     45	    6.0	43541.0	43234.3	 0.0126	 100.00	1356.03
    430	4007fe	     45	    8.0	43545.0	43235.0	 0.0127	 100.00	1356.07
    431	4007fe	     45	   14.0	43539.0	43235.7	 0.0128	 100.00	1356.14
    432	4007fe	     45	    8.0	43535.0	43236.4	 0.0128	 100.00	1356.15
    433	4007fe	     45	   10.0	43537.0	43237.1	 0.0128	 100.00	1356.21
    434	4007fe	     45	    8.0	43537.0	43237.8	 0.0128	 100.00	1356.25
    435	4007fe	     45	    6.0	43543.0	43238.5	 0.0128	 100.00	1356.33
    436	4007fe	     45	   14.0	43537.0	43239.1	 0.0129	 100.00	1356.36
    437	4007fe	     45	    8.0	43541.0	43239.8	 0.0128	 100.00	1356.43
    438	4007fe	     45	   10.0	43539.0	43240.5	 0.0128	 100.00	1356.44
    439	4007fe	     45	    6.0	43545.0	43241.2	 0.0128	 100.00	1356.50
    440	4007fe	     45	    8.0	43541.0	43241.9	 0.0128	 100.00	1356.54
    441	4007fe	     45	   12.0	43537.0	43242.5	 0.0129	 100.00	1356.61
    442	4007fe	     45	   10.0	43539.0	43243.2	 0.0128	 100.00	1356.65
    443	4007fe	     45	    8.0	43539.0	43243.9	 0.0128	 100.00	1356.72
    444	4007fe	     45	   10.0	43541.0	43244.6	 0.0129	 100.00	1356.73
    445	4007fe	     45	    6.0	43543.0	43245.2	 0.0129	 100.00	1356.79
    446	4007fe	     45	   14.0	43541.0	43245.9	 0.0129	 100.00	1356.83
    447	4007fe	     45	    6.0	43543.0	43246.5	 0.0128	 100.00	1356.90
    448	4007fe	     45	   10.0	43537.0	43247.2	 0.0129	 100.00	1356.93
    449	4007fe	     45	    6.0	43543.0	43247.9	 0.0128	 100.00	1356.99
    450	4007fe	     45	    8.0	43543.0	43248.5	 0.0128	 100.00	1357.00
    451	4007fe	     45	   18.0	43537.0	43249.1	 0.0130	 100.00	1357.06
    452	4007fe	     45	   10.0	43535.0	43249.8	 0.0130	 100.00	1357.09
    453	4007fe	     45	    6.0	43541.0	43250.4	 0.0130	 100.00	1357.16
    454	4007fe	     45	   10.0	43539.0	43251.1	 0.0130	 100.00	1357.19
    455	4007fe	     45	    8.0	43543.0	43251.7	 0.0129	 100.00	1357.25
    456	4007fe	     45	   12.0	43535.0	43252.3	 0.0129	 100.00	1357.23
    457	4007fe	     45	    6.0	43537.0	43252.9	 0.0129	 100.00	1357.25
    458	4007fe	     45	    8.0	43541.0	43253.6	 0.0129	 100.00	1357.26
    459	4007fe	     45	    8.0	43541.0	43254.2	 0.0129	 100.00	1357.25
    460	4007fe	     45	   12.0	43541.0	43254.8	 0.0128	 100.00	1357.24
    461	4007fe	     45	   12.0	43537.0	43255.4	 0.0128	 100.00	1357.28
    462	4007fe	     45	    8.0	43541.0	43256.0	 0.0128	 100.00	1357.26
    463	4007fe	     45	    6.0	43543.0	43256.7	 0.0128	 100.00	1357.29
    464	4007fe	     45	   10.0	43537.0	43257.3	 0.0128	 100.00	1357.29
    465	4007fe	     45	    8.0	43541.0	43257.9	 0.0127	 100.00	1357.33
    466	4007fe	     45	   12.0	43537.0	43258.5	 0.0127	 100.00	1357.33
    467	4007fe	     45	    6.0	43543.0	43259.1	 0.0127	 100.00	1357.31
    468	4007fe	     45	   10.0	43541.0	43259.7	 0.0127	 100.00	1357.34
    469	4007fe	     45	   10.0	43543.0	43260.3	 0.0127	 100.00	1357.35
    470	4007fe	     45	    8.0	43543.0	43260.9	 0.0126	 100.00	1357.39
    471	4007fe	     45	    6.0	43549.0	43261.5	 0.0127	 100.00	1357.38
    472	4007fe	     45	   16.0	43537.0	43262.1	 0.0127	 100.00	1357.41
    473	4007fe	     45	    6.0	43539.0	43262.7	 0.0127	 100.00	1357.38
    474	4007fe	     45	   12.0	43539.0	43263.2	 0.0126	 100.00	1357.41
    475	4007fe	     45	    6.0	43541.0	43263.8	 0.0126	 100.00	1357.41
    476	4007fe	     45	   10.0	43543.0	43264.4	 0.0126	 100.00	1357.41
    477	4007fe	     45	   10.0	43541.0	43265.0	 0.0126	 100.00	1357.42
    478	4007fe	     45	   10.0	43543.0	43265.6	 0.0127	 100.00	1357.44
    479	4007fe	     45	    8.0	43543.0	43266.1	 0.0126	 100.00	1357.39
    480	4007fe	     45	    8.0	43539.0	43266.7	 0.0127	 100.00	1357.41
    481	4007fe	     45	    6.0	43545.0	43267.3	 0.0127	 100.00	1357.42
    482	4007fe	     45	   14.0	43539.0	43267.8	 0.0128	 100.00	1357.44
    483	4007fe	     45	    8.0	43543.0	43268.4	 0.0127	 100.00	1357.44
    484	4007fe	     45	   12.0	43539.0	43269.0	 0.0127	 100.00	1357.47
    485	4007fe	     45	    6.0	43545.0	43269.5	 0.0127	 100.00	1357.45
    486	4007fe	     45	    8.0	43545.0	43270.1	 0.0127	 100.00	1357.48
    487	4007fe	     45	   12.0	43545.0	43270.7	 0.0126	 100.00	1357.49
    488	4007fe	     45	    8.0	43541.0	43271.2	 0.0126	 100.00	1357.52
    489	4007fe	     45	    8.0	43541.0	43271.8	 0.0126	 100.00	1357.55
    490	4007fe	     45	    8.0	43545.0	43272.3	 0.0126	 100.00	1357.58
    491	4007fe	     45	    6.0	43547.0	43272.9	 0.0126	 100.00	1357.61
    492	4007fe	     45	   26.0	43533.0	43273.4	 0.0129	 100.00	1357.65
    493	4007fe	     45	    6.0	43535.0	43273.9	 0.0129	 100.00	1357.66
    494	4007fe	     45	    8.0	43539.0	43274.5	 0.0129	 100.00	1357.66
    495	4007fe	     45	    8.0	43539.0	43275.0	 0.0128	 100.00	1357.67
    496	4007fe	     45	    8.0	43535.0	43275.5	 0.0128	 100.00	1357.71
    497	4007fe	     45	   12.0	43535.0	43276.1	 0.0128	 100.00	1357.65
    498	4007fe	     45	    8.0	 1293.0	43191.9	 0.0128	 100.00	1357.78
    499	4007fe	     45	    6.0	 1299.0	43108.1	 0.0128	 100.00	1357.76
    500	4007fe	     45	   12.0	   11.0	43022.1	 0.0128	 100.00	1357.88
    501	4007fe	     45	    8.0	    7.0	42936.4	 0.0128	 100.00	1357.86
    502	4007fe	     45	   14.0	   14.0	42851.1	 0.0127	 100.00	1357.98
    503	4007fe	     45	    6.0	   12.0	42766.1	 0.0127	 100.00	1357.94
    504	4007fe	     45	    8.0	    8.0	42681.4	 0.0127	 100.00	1358.06
    505	4007fe	     45	    8.0	    8.0	42597.1	 0.0127	 100.00	1358.05
    506	4007fe	     45	   10.0	   10.0	42513.1	 0.0127	 100.00	1358.17
    507	4007fe	     45	   10.0	    8.0	42429.4	 0.0127	 100.00	1358.16
    508	4007fe	     45	   10.0	   16.0	42346.1	 0.0127	 100.00	1358.28
    509	4007fe	     45	    6.0	   10.0	42263.1	 0.0127	 100.00	1358.23
    510	4007fe	     45	   12.0	   12.0	42180.4	 0.0127	 100.00	1358.36
    511	4007fe	     45	    6.0	    6.0	42098.0	 0.0126	 100.00	1358.34
    512	4007fe	     45	   16.0	   16.0	42016.0	 0.0130	 100.00	1358.46
    513	4007fe	     45	    6.0	   18.0	41934.3	 0.0129	 100.00	1358.45
    514	4007fe	     45	    8.0	   16.0	41852.9	 0.0129	 100.00	1358.57
    515	4007fe	     45	   10.0	   10.0	41771.8	 0.0129	 100.00	1358.52
    516	4007fe	     45	   10.0	   10.0	41691.0	 0.0129	 100.00	1358.64
    517	4007fe	     45	    6.0	    8.0	41610.6	 0.0130	 100.00	1358.62
    518	4007fe	     45	   12.0	    7.0	41530.4	 0.0130	 100.00	1358.72
    519	4007fe	     45	    8.0	    7.0	41450.5	 0.0130	 100.00	1358.69
    520	4007fe	     45	   10.0	   10.0	41371.0	 0.0130	 100.00	1358.81
    521	4007fe	     45	    6.0	   10.0	41291.8	 0.0130	 100.00	1358.78
    522	4007fe	     45	    8.0	   10.0	41212.8	 0.0132	 100.00	1358.91
    523	4007fe	     45	   12.0	   10.0	41134.2	 0.0132	 100.00	1358.89
    524	4007fe	     45	   12.0	   12.0	41055.9	 0.0132	 100.00	1359.01
    525	4007fe	     45	    8.0	   12.0	40977.8	 0.0133	 100.00	1358.99
    526	4007fe	     45	    8.0	   11.0	40900.1	 0.0133	 100.00	1359.10
    527	4007fe	     45	    6.0	    7.0	40822.7	 0.0133	 100.00	1359.07
    528	4007fe	     45	   12.0	    9.0	40745.5	 0.0133	 100.00	1359.19
    529	4007fe	     45	    8.0	   11.0	40668.7	 0.0133	 100.00	1359.16
    530	4007fe	     45	   10.0	   11.0	40592.1	 0.0133	 100.00	1359.28
    531	4007fe	     45	    6.0	    9.0	40515.8	 0.0133	 100.00	1359.25
    532	4007fe	     45	   10.0	   10.0	40439.8	 0.0132	 100.00	1359.37
    533	4007fe	     45	   18.0	   16.0	40364.1	 0.0135	 100.00	1359.35
    534	4007fe	     45	    8.0	   14.0	40288.7	 0.0134	 100.00	1359.46
    535	4007fe	     45	    6.0	   12.0	40213.5	 0.0134	 100.00	1359.45
    536	4007fe	     45	   10.0	   10.0	40138.7	 0.0134	 100.00	1359.56
    537	4007fe	     45	    6.0	    8.0	40064.1	 0.0134	 100.00	1359.53
    538	4007fe	     45	   14.0	   14.0	39989.8	 0.0135	 100.00	1359.66
    539	4007fe	     45	    6.0	    8.0	39915.7	 0.0135	 100.00	1359.62
    540	4007fe	     45	   10.0	   15.0	39842.0	 0.0136	 100.00	1359.72
    541	4007fe	     45	    8.0	    9.0	39768.5	 0.0136	 100.00	1359.70
    542	4007fe	     45	   10.0	   14.0	39695.3	 0.0136	 100.00	1359.82
    543	4007fe	     45	   12.0	    6.0	39622.3	 0.0136	 100.00	1359.79
    544	4007fe	     45	    8.0	    9.0	39549.6	 0.0136	 100.00	1359.91
    545	4007fe	     45	    6.0	   11.0	39477.2	 0.0135	 100.00	1359.87
    546	4007fe	     45	   10.0	   10.0	39405.1	 0.0135	 100.00	1359.98
    547	4007fe	     45	    8.0	    6.0	39333.2	 0.0136	 100.00	1359.96
    548	4007fe	     45	   14.0	   12.0	39261.5	 0.0136	 100.00	1360.08
    549	4007fe	     45	    6.0	   10.0	39190.2	 0.0136	 100.00	1360.07
    550	4007fe	     45	    8.0	    9.0	39119.1	 0.0136	 100.00	1360.19
    551	4007fe	     45	   10.0	    7.0	39048.2	 0.0135	 100.00	1360.23
    552	4007fe	     45	    8.0	    7.0	38977.6	 0.0135	 100.00	1360.35
    553	4007fe	     45	   14.0	   13.0	38907.3	 0.0136	 100.00	1360.32
    554	4007fe	     45	    8.0	   12.0	38837.2	 0.0136	 100.00	1360.45
    555	4007fe	     45	    6.0	   10.0	38767.4	 0.0136	 100.00	1360.45
    556	4007fe	     45	   14.0	   14.0	38697.8	 0.0136	 100.00	1360.58
    557	4007fe	     45	    6.0	    8.0	38628.5	 0.0136	 100.00	1360.54
    558	4007fe	     45	    8.0	   10.0	38559.4	 0.0136	 100.00	1360.69
    559	4007fe	     45	   10.0	   10.0	38490.5	 0.0136	 100.00	1360.71
    560	4007fe	     45	    8.0	   10.0	38421.9	 0.0136	 100.00	1360.86
    561	4007fe	     45	   10.0	   12.0	38353.6	 0.0136	 100.00	1360.87
    562	4007fe	     45	    8.0	    7.0	38285.5	 0.0136	 100.00	1361.02
    563	4007fe	     45	    6.0	    5.0	38217.6	 0.0137	 100.00	1361.01
    564	4007fe	     45	   16.0	   12.0	38150.0	 0.0137	 100.00	1361.13
    565	4007fe	     45	    8.0	   10.0	38082.6	 0.0137	 100.00	1361.12
    566	4007fe	     45	   10.0	    9.0	38015.5	 0.0136	 100.00	1361.25
    567	4007fe	     45	    6.0	    7.0	37948.5	 0.0136	 100.00	1361.25
    568	4007fe	     45	    8.0	    8.0	37881.9	 0.0136	 100.00	1361.38
    569	4007fe	     45	   10.0	   10.0	37815.4	 0.0136	 100.00	1361.36
    570	4007fe	     45	   10.0	   10.0	37749.2	 0.0136	 100.00	1361.49
    571	4007fe	     45	    8.0	    6.0	37683.2	 0.0136	 100.00	1361.51
    572	4007fe	     45	   10.0	    9.0	37617.5	 0.0135	 100.00	1361.66
    573	4007fe	     45	    6.0	    7.0	37552.0	 0.0135	 100.00	1361.67
    574	4007fe	     45	   22.0	   22.0	37486.7	 0.0137	 100.00	1361.82
    575	4007fe	     45	    6.0	   16.0	37421.6	 0.0136	 100.00	1361.84
    576	4007fe	     45	   10.0	   15.0	37356.8	 0.0137	 100.00	1361.95
    577	4007fe	     45	    6.0	   17.0	37292.2	 0.0137	 100.00	1361.96
    578	4007fe	     45	    8.0	   10.0	37227.8	 0.0136	 100.00	1362.08
    579	4007fe	     45	   12.0	    6.0	37163.6	 0.0137	 100.00	1362.11
    580	4007fe	     45	   10.0	   13.0	37099.7	 0.0137	 100.00	1362.19
    581	4007fe	     45	    6.0	   11.0	37036.0	 0.0137	 100.00	1362.24
    582	4007fe	     45	   10.0	   10.0	36972.5	 0.0136	 100.00	1362.30
    583	4007fe	     45	    8.0	    6.0	36909.2	 0.0136	 100.00	1362.33
    584	4007fe	     45	   14.0	   14.0	36846.1	 0.0136	 100.00	1362.46
    585	4007fe	     45	    6.0	   12.0	36783.2	 0.0136	 100.00	1362.49
    586	4007fe	     45	    8.0	    8.0	36720.6	 0.0136	 100.00	1362.61
    587	4007fe	     45	    8.0	    8.0	36658.1	 0.0135	 100.00	1362.64
    588	4007fe	     45	   12.0	   12.0	36595.9	 0.0135	 100.00	1362.72
    589	4007fe	     45	   10.0	   10.0	36533.9	 0.0136	 100.00	1362.72
    590	4007fe	     45	    8.0	   12.0	36472.1	 0.0136	 100.00	1362.80
    591	4007fe	     45	    6.0	   10.0	36410.5	 0.0135	 100.00	1362.80
    592	4007fe	     45	   10.0	   12.0	36349.1	 0.0136	 100.00	1362.87
    593	4007fe	     45	    8.0	    8.0	36288.0	 0.0135	 100.00	1362.88
    594	4007fe	     45	   16.0	   15.0	36227.0	 0.0137	 100.00	1362.94
    595	4007fe	     45	    6.0	   15.0	36166.2	 0.0136	 100.00	1362.95
    596	4007fe	     45	   10.0	   14.0	36105.7	 0.0137	 100.00	1363.05
    597	4007fe	     45	   10.0	   12.0	36045.3	 0.0136	 100.00	1363.06
    598	4007fe	     45	    8.0	    8.0	35985.2	 0.0136	 100.00	1363.16
    599	4007fe	     45	    6.0	    6.0	35925.2	 0.0136	 100.00	1363.17
    600	4007fe	     45	   12.0	   12.0	35865.4	 0.0136	 100.00	1363.25
    601	4007fe	     45	    6.0	   10.0	35805.9	 0.0135	 100.00	1363.25
    602	4007fe	     45	   12.0	   12.0	35746.5	 0.0135	 100.00	1363.33
    603	4007fe	     45	    6.0	    6.0	35687.4	 0.0135	 100.00	1363.33
    604	4007fe	     45	   10.0	   11.0	35628.4	 0.0135	 100.00	1363.40
    605	4007fe	     45	   12.0	   13.0	35569.6	 0.0136	 100.00	1363.40
    606	4007fe	     45	   10.0	   12.0	35511.0	 0.0136	 100.00	1363.46
    607	4007fe	     45	    8.0	    8.0	35452.6	 0.0136	 100.00	1363.47
    608	4007fe	     45	    8.0	   10.0	35394.4	 0.0137	 100.00	1363.55
    609	4007fe	     45	    6.0	    8.0	35336.4	 0.0137	 100.00	1363.56
    610	4007fe	     45	   12.0	   14.0	35278.6	 0.0137	 100.00	1363.65
    611	4007fe	     45	    8.0	    6.0	35221.0	 0.0137	 100.00	1363.66
    612	4007fe	     45	   12.0	   13.0	35163.6	 0.0136	 100.00	1363.73
    613	4007fe	     45	    6.0	   11.0	35106.3	 0.0136	 100.00	1363.73
    614	4007fe	     45	    8.0	    7.0	35049.2	 0.0136	 100.00	1363.81
    615	4007fe	     45	   18.0	   15.0	34992.4	 0.0138	 100.00	1363.83
    616	4007fe	     45	    8.0	   15.0	34935.7	 0.0138	 100.00	1363.92
    617	4007fe	     45	    8.0	   13.0	34879.2	 0.0138	 100.00	1363.94
    618	4007fe	     45	    8.0	    8.0	34822.8	 0.0138	 100.00	1364.01
    619	4007fe	     45	    6.0	    6.0	34766.7	 0.0138	 100.00	1364.05
    620	4007fe	     45	   16.0	   16.0	34710.7	 0.0138	 100.00	1364.16
    621	4007fe	     45	    6.0	   10.0	34654.9	 0.0137	 100.00	1364.19
    622	4007fe	     45	    8.0	    8.0	34599.3	 0.0137	 100.00	1364.30
    623	4007fe	     45	    8.0	    8.0	34543.9	 0.0137	 100.00	1364.33
    624	4007fe	     45	    8.0	    7.0	34488.6	 0.0137	 100.00	1364.44
    625	4007fe	     45	   14.0	   15.0	34433.5	 0.0137	 100.00	1364.46
    626	4007fe	     45	    8.0	   10.0	34378.6	 0.0137	 100.00	1364.55
    627	4007fe	     45	    6.0	    8.0	34323.9	 0.0137	 100.00	1364.57
    628	4007fe	     45	   12.0	   12.0	34269.4	 0.0136	 100.00	1364.65
    629	4007fe	     45	    8.0	    8.0	34215.0	 0.0136	 100.00	1364.66
    630	4007fe	     45	   12.0	   12.0	34160.8	 0.0136	 100.00	1364.74
    631	4007fe	     45	    6.0	   10.0	34106.7	 0.0136	 100.00	1364.77
    632	4007fe	     45	    8.0	    7.0	34052.9	 0.0136	 100.00	1364.87
    633	4007fe	     45	    8.0	    7.0	33999.2	 0.0136	 100.00	1364.91
    634	4007fe	     45	   10.0	    9.0	33945.6	 0.0136	 100.00	1365.03
    635	4007fe	     45	   14.0	    9.0	33892.3	 0.0137	 100.00	1365.06
    636	4007fe	     45	   10.0	   14.0	33839.1	 0.0137	 100.00	1365.14
    637	4007fe	     45	    6.0	   12.0	33786.1	 0.0137	 100.00	1365.18
    638	4007fe	     45	   12.0	   14.0	33733.2	 0.0137	 100.00	1365.28
    639	4007fe	     45	    6.0	    8.0	33680.5	 0.0136	 100.00	1365.32
    640	4007fe	     45	   12.0	   12.0	33628.0	 0.0137	 100.00	1365.39
    641	4007fe	     45	    6.0	   14.0	33575.6	 0.0137	 100.00	1365.42
    642	4007fe	     45	    8.0	    8.0	33523.4	 0.0137	 100.00	1365.48
    643	4007fe	     45	   10.0	   10.0	33471.4	 0.0137	 100.00	1365.53
    644	4007fe	     45	   10.0	   12.0	33419.5	 0.0137	 100.00	1365.63
    645	4007fe	     45	    6.0	   10.0	33367.8	 0.0138	 100.00	1365.67
    646	4007fe	     45	   14.0	   12.0	33316.3	 0.0138	 100.00	1365.78
    647	4007fe	     45	    8.0	   10.0	33264.9	 0.0138	 100.00	1365.81
    648	4007fe	     45	   10.0	   14.0	33213.6	 0.0138	 100.00	1365.92
    649	4007fe	     45	    6.0	   12.0	33162.5	 0.0138	 100.00	1365.94
    650	4007fe	     45	    8.0	    5.0	33111.6	 0.0138	 100.00	1366.03
    651	4007fe	     45	   10.0	    9.0	33060.8	 0.0138	 100.00	1366.05
    652	4007fe	     45	   12.0	   14.0	33010.2	 0.0138	 100.00	1366.14
    653	4007fe	     45	    8.0	   10.0	32959.8	 0.0138	 100.00	1366.15
    654	4007fe	     45	    8.0	    8.0	32909.5	 0.0138	 100.00	1366.22
    655	4007fe	     45	    6.0	    6.0	32859.3	 0.0138	 100.00	1366.24
    656	4007fe	     45	   26.0	   19.0	32809.3	 0.0142	 100.00	1366.34
    657	4007fe	     45	    8.0	   21.0	32759.5	 0.0141	 100.00	1366.37
    658	4007fe	     45	   10.0	   22.0	32709.8	 0.0141	 100.00	1366.51
    659	4007fe	     45	    6.0	   20.0	32660.3	 0.0141	 100.00	1366.52
    660	4007fe	     45	   10.0	   10.0	32610.9	 0.0141	 100.00	1366.64
    661	4007fe	     45	   12.0	   10.0	32561.6	 0.0141	 100.00	1366.61
    662	4007fe	     45	    8.0	   10.0	32512.5	 0.0141	 100.00	1366.72
    663	4007fe	     45	    6.0	    8.0	32463.6	 0.0141	 100.00	1366.71
    664	4007fe	     45	   10.0	   10.0	32414.8	 0.0141	 100.00	1366.80
    665	4007fe	     45	    6.0	    8.0	32366.1	 0.0141	 100.00	1366.81
    666	4007fe	     45	   16.0	   17.0	32317.6	 0.0140	 100.00	1366.91
    667	4007fe	     45	    6.0	   11.0	32269.3	 0.0140	 100.00	1366.89
    668	4007fe	     45	   10.0	   10.0	32221.0	 0.0140	 100.00	1367.00
    669	4007fe	     45	    8.0	   10.0	32173.0	 0.0140	 100.00	1367.00
    670	4007fe	     45	   10.0	   10.0	32125.0	 0.0140	 100.00	1367.12
    671	4007fe	     45	   10.0	    8.0	32077.2	 0.0140	 100.00	1367.13
    672	4007fe	     45	    8.0	   11.0	32029.6	 0.0140	 100.00	1367.24
    673	4007fe	     45	    6.0	   11.0	31982.1	 0.0140	 100.00	1367.21
    674	4007fe	     45	   10.0	   10.0	31934.7	 0.0140	 100.00	1367.31
    675	4007fe	     45	    8.0	    6.0	31887.5	 0.0139	 100.00	1367.29
    676	4007fe	     45	   18.0	   18.0	31840.4	 0.0140	 100.00	1367.38
    677	4007fe	     45	    6.0	   16.0	31793.5	 0.0140	 100.00	1367.37
    678	4007fe	     45	    8.0	   10.0	31746.7	 0.0140	 100.00	1367.46
    679	4007fe	     45	   10.0	    8.0	31700.0	 0.0139	 100.00	1367.42
    680	4007fe	     45	    8.0	    8.0	31653.5	 0.0139	 100.00	1367.52
    681	4007fe	     45	   10.0	   10.0	31607.1	 0.0139	 100.00	1367.50
    682	4007fe	     45	    8.0	   11.0	31560.8	 0.0139	 100.00	1367.60
    683	4007fe	     45	    6.0	    7.0	31514.7	 0.0139	 100.00	1367.58
    684	4007fe	     45	   14.0	   14.0	31468.7	 0.0140	 100.00	1367.68
    685	4007fe	     45	    6.0	    8.0	31422.8	 0.0140	 100.00	1367.63
    686	4007fe	     45	    8.0	    6.0	31377.1	 0.0139	 100.00	1367.73
    687	4007fe	     45	   12.0	   12.0	31331.5	 0.0139	 100.00	1367.74
    688	4007fe	     45	    8.0	    8.0	31286.0	 0.0139	 100.00	1367.84
    689	4007fe	     45	   10.0	   10.0	31240.7	 0.0139	 100.00	1367.82
    690	4007fe	     45	    8.0	    9.0	31195.5	 0.0139	 100.00	1367.92
    691	4007fe	     45	    6.0	    5.0	31150.4	 0.0139	 100.00	1367.88
    692	4007fe	     45	   14.0	   14.0	31105.5	 0.0139	 100.00	1367.97
    693	4007fe	     45	    8.0	   10.0	31060.7	 0.0138	 100.00	1367.95
    694	4007fe	     45	   10.0	   10.0	31016.0	 0.0138	 100.00	1368.03
    695	4007fe	     45	    6.0	    8.0	30971.5	 0.0138	 100.00	1368.02
    696	4007fe	     45	    8.0	    7.0	30927.1	 0.0138	 100.00	1368.11
    697	4007fe	     45	   16.0	   17.0	30882.8	 0.0140	 100.00	1368.08
    698	4007fe	     45	   10.0	   12.0	30838.6	 0.0139	 100.00	1368.16
    699	4007fe	     45	    8.0	    8.0	30794.6	 0.0140	 100.00	1368.14
    700	4007fe	     45	   10.0	   14.0	30750.6	 0.0140	 100.00	1368.23
    701	4007fe	     45	    6.0	    8.0	30706.9	 0.0140	 100.00	1368.20
    702	4007fe	     45	   14.0	   14.0	30663.2	 0.0140	 100.00	1368.30
    703	4007fe	     45	    6.0	    8.0	30619.7	 0.0140	 100.00	1368.26
    704	4007fe	     45	   10.0	   10.0	30576.2	 0.0140	 100.00	1368.35
    705	4007fe	     45	    6.0	   12.0	30532.9	 0.0140	 100.00	1368.33
    706	4007fe	     45	    8.0	    8.0	30489.8	 0.0140	 100.00	1368.42
    707	4007fe	     45	   14.0	   10.0	30446.7	 0.0140	 100.00	1368.40
    708	4007fe	     45	   10.0	   11.0	30403.8	 0.0139	 100.00	1368.47
    709	4007fe	     45	    6.0	    9.0	30361.0	 0.0139	 100.00	1368.44
    710	4007fe	     45	   10.0	   10.0	30318.3	 0.0139	 100.00	1368.50
    711	4007fe	     45	    8.0	    6.0	30275.7	 0.0139	 100.00	1368.53
    712	4007fe	     45	   12.0	   13.0	30233.3	 0.0139	 100.00	1368.63
    713	4007fe	     45	    6.0	   11.0	30190.9	 0.0139	 100.00	1368.63
    714	4007fe	     45	    8.0	   10.0	30148.7	 0.0139	 100.00	1368.72
    715	4007fe	     45	    8.0	   10.0	30106.6	 0.0139	 100.00	1368.70
    716	4007fe	     45	   12.0	   12.0	30064.7	 0.0139	 100.00	1368.79
    717	4007fe	     45	   14.0	   14.0	30022.8	 0.0139	 100.00	1368.78
    718	4007fe	     45	    8.0	   10.0	29981.1	 0.0139	 100.00	1368.87
    719	4007fe	     45	    6.0	    8.0	29939.4	 0.0139	 100.00	1368.86
    720	4007fe	     45	   10.0	    7.0	29897.9	 0.0139	 100.00	1368.96
    721	4007fe	     45	    8.0	    9.0	29856.5	 0.0139	 100.00	1368.94
    722	4007fe	     45	   12.0	   11.0	29815.3	 0.0138	 100.00	1369.04
    723	4007fe	     45	    6.0	    7.0	29774.1	 0.0138	 100.00	1369.04
    724	4007fe	     45	   10.0	   10.0	29733.0	 0.0138	 100.00	1369.14
    725	4007fe	     45	   10.0	    8.0	29692.1	 0.0138	 100.00	1369.15
    726	4007fe	     45	    8.0	    8.0	29651.3	 0.0138	 100.00	1369.26
    727	4007fe	     45	    6.0	    6.0	29610.5	 0.0138	 100.00	1369.21
    728	4007fe	     45	   14.0	   15.0	29569.9	 0.0138	 100.00	1369.29
    729	4007fe	     45	    6.0	   13.0	29529.4	 0.0137	 100.00	1369.27
    730	4007fe	     45	   12.0	   12.0	29489.1	 0.0137	 100.00	1369.35
    731	4007fe	     45	    6.0	    6.0	29448.8	 0.0137	 100.00	1369.34
    732	4007fe	     45	   10.0	   10.0	29408.6	 0.0137	 100.00	1369.41
    733	4007fe	     45	   10.0	   12.0	29368.6	 0.0137	 100.00	1369.35
    734	4007fe	     45	   10.0	   10.0	29328.6	 0.0137	 100.00	1369.44
    735	4007fe	     45	    8.0	    6.0	29288.8	 0.0136	 100.00	1369.42
    736	4007fe	     45	    8.0	    8.0	29249.1	 0.0136	 100.00	1369.51
    737	4007fe	     45	    6.0	   10.0	29209.4	 0.0136	 100.00	1369.49
    738	4007fe	     45	   20.0	   20.0	29169.9	 0.0136	 100.00	1369.59
    739	4007fe	     45	    8.0	   16.0	29130.5	 0.0136	 100.00	1369.56
    740	4007fe	     45	   12.0	   15.0	29091.3	 0.0136	 100.00	1369.64
    741	4007fe	     45	    6.0	   13.0	29052.1	 0.0136	 100.00	1369.61
    742	4007fe	     45	    8.0	    8.0	29013.0	 0.0136	 100.00	1369.69
    743	4007fe	     45	   12.0	    8.0	28974.0	 0.0136	 100.00	1369.67
    744	4007fe	     45	    8.0	    9.0	28935.1	 0.0136	 100.00	1369.75
    745	4007fe	     45	    8.0	    9.0	28896.3	 0.0136	 100.00	1369.69
    746	4007fe	     45	    8.0	    8.0	28857.7	 0.0136	 100.00	1369.78
    747	4007fe	     45	    6.0	    6.0	28819.1	 0.0135	 100.00	1369.77
    748	4007fe	     45	   18.0	   18.0	28780.6	 0.0136	 100.00	1369.86
    749	4007fe	     45	    6.0	   12.0	28742.3	 0.0136	 100.00	1369.84
    750	4007fe	     45	    8.0	   12.0	28704.0	 0.0136	 100.00	1369.94
    751	4007fe	     45	    8.0	   12.0	28665.9	 0.0136	 100.00	1369.94
    752	4007fe	     45	    8.0	    8.0	28627.8	 0.0136	 100.00	1370.01
    753	4007fe	     45	   12.0	   12.0	28589.9	 0.0136	 100.00	1370.00
    754	4007fe	     45	    8.0	    6.0	28552.0	 0.0136	 100.00	1369.42
    755	4007fe	     45	    6.0	   12.0	28514.2	 0.0135	 100.00	1368.69
