./asc:main.c:294: warning: auxv random bytes were not cleared
  Round	    PC	Excited	Hamming	   Loss	 Regret	    MSE	  Error	   MIPS
      0	400144	     30	42320.0	42320.0	42320.0	 0.1970	 100.00	  44.43
      1	400804	     30	 1219.0	43533.0	21766.5	 0.2115	 100.00	 255.77
      2	400804	     34	    8.0	43533.0	14511.0	 0.2540	 100.00	 453.25
      3	400804	     36	   10.0	43535.0	10883.8	 0.2508	 100.00	 585.87
      4	400804	     37	   10.0	43533.0	17413.6	 0.2545	 100.00	 665.65
      5	400804	     37	    6.0	43539.0	21767.8	 0.2364	 100.00	 674.11
      6	400804	     38	   12.0	43535.0	24877.4	 0.2431	 100.00	 783.16
      7	400804	     38	    8.0	43539.0	27210.1	 0.2269	 100.00	 799.63
      8	400804	     38	   10.0	43533.0	29023.8	 0.2010	 100.00	 848.95
      9	400804	     38	    6.0	43535.0	30474.9	 0.1872	 100.00	 891.36
     10	400804	     38	    8.0	43539.0	31662.5	 0.1753	 100.00	 923.37
     11	400804	     39	   12.0	43535.0	32651.9	 0.2457	 100.00	 974.29
     12	400804	     39	   12.0	43535.0	33489.1	 0.2344	 100.00	 975.01
     13	400804	     39	    8.0	43535.0	34206.6	 0.2032	 100.00	 997.45
     14	400804	     39	    8.0	43539.0	34828.8	 0.1870	 100.00	1015.53
     15	400804	     39	    6.0	43541.0	35373.3	 0.1687	 100.00	1032.51
     16	400804	     39	   12.0	43533.0	35853.3	 0.1738	 100.00	1047.63
     17	400804	     39	    8.0	43537.0	36280.2	 0.1682	 100.00	1062.42
     18	400804	     39	   10.0	43535.0	36662.0	 0.1544	 100.00	1074.96
     19	400804	     39	    6.0	43541.0	37005.9	 0.1542	 100.00	1086.99
     20	400804	     39	   10.0	43539.0	37317.0	 0.1491	 100.00	1097.93
     21	400804	     40	   16.0	43535.0	37599.7	 0.2495	 100.00	1119.46
     22	400804	     40	    8.0	43535.0	37857.7	 0.2398	 100.00	1117.09
     23	400804	     40	    6.0	43541.0	38094.5	 0.2125	 100.00	1126.17
     24	400804	     40	   10.0	43535.0	38312.2	 0.2113	 100.00	1134.42
     25	400804	     40	    6.0	43537.0	38513.1	 0.1924	 100.00	1142.00
     26	400804	     40	   14.0	43535.0	38699.1	 0.1815	 100.00	1149.11
     27	400804	     40	    6.0	43537.0	38871.9	 0.1696	 100.00	1155.30
     28	400804	     40	   10.0	43539.0	39032.8	 0.1659	 100.00	1161.50
     29	400804	     40	    8.0	43539.0	39183.0	 0.1591	 100.00	1167.17
     30	400804	     40	   10.0	43541.0	39323.6	 0.1504	 100.00	1173.12
     31	400804	     40	   12.0	43537.0	39455.3	 0.1528	 100.00	1178.20
     32	400804	     40	    8.0	43533.0	39578.8	 0.1518	 100.00	1183.15
     33	400804	     40	    6.0	43539.0	39695.3	 0.1499	 100.00	1187.62
     34	400804	     40	   10.0	43537.0	39805.1	 0.1455	 100.00	1192.33
     35	400804	     40	    8.0	43541.0	39908.9	 0.1402	 100.00	1196.84
     36	400804	     40	   14.0	43535.0	40006.9	 0.1412	 100.00	1201.21
     37	400804	     40	    6.0	43541.0	40099.9	 0.1393	 100.00	1205.29
     38	400804	     40	    8.0	43541.0	40188.1	 0.1348	 100.00	1209.24
     39	400804	     40	   10.0	43543.0	40272.0	 0.1323	 100.00	1212.95
     40	400804	     40	    8.0	43539.0	40351.7	 0.1328	 100.00	1216.59
     41	400804	     41	   16.0	43531.0	40427.4	 0.2542	 100.00	1225.68
     42	400804	     41	    8.0	43535.0	40499.6	 0.2498	 100.00	1222.90
     43	400804	     41	    6.0	43537.0	40568.7	 0.2226	 100.00	1225.89
     44	400804	     41	   14.0	43535.0	40634.6	 0.2017	 100.00	1228.92
     45	400804	     41	    6.0	43537.0	40697.7	 0.1891	 100.00	1231.33
     46	400804	     41	    8.0	43541.0	40758.2	 0.1736	 100.00	1234.14
     47	400804	     41	   10.0	43539.0	40816.1	 0.1706	 100.00	1236.73
     48	400804	     41	    8.0	43535.0	40871.6	 0.1664	 100.00	1239.32
     49	400804	     41	   10.0	43537.0	40924.9	 0.1616	 100.00	1241.74
     50	400804	     41	    8.0	43537.0	40976.1	 0.1516	 100.00	1244.16
     51	400804	     41	    6.0	43543.0	41025.5	 0.1478	 100.00	1246.20
     52	400804	     41	   16.0	43535.0	41072.8	 0.1526	 100.00	1248.43
     53	400804	     41	    8.0	43539.0	41118.5	 0.1498	 100.00	1250.48
     54	400804	     41	   10.0	43537.0	41162.5	 0.1421	 100.00	1252.39
     55	400804	     41	    6.0	43543.0	41205.0	 0.1436	 100.00	1254.22
     56	400804	     41	    8.0	43539.0	41245.9	 0.1434	 100.00	1256.04
     57	400804	     41	   10.0	43537.0	41285.4	 0.1418	 100.00	1257.65
     58	400804	     41	   10.0	43539.0	41323.6	 0.1391	 100.00	1259.36
     59	400804	     41	    8.0	43539.0	41360.6	 0.1368	 100.00	1261.00
     60	400804	     41	   10.0	43541.0	41396.3	 0.1363	 100.00	1262.63
     61	400804	     41	    6.0	43543.0	41430.9	 0.1333	 100.00	1264.14
     62	400804	     41	   18.0	43537.0	41464.3	 0.1363	 100.00	1265.68
     63	400804	     41	    6.0	43539.0	41496.8	 0.1347	 100.00	1267.00
     64	400804	     41	   10.0	43533.0	41528.1	 0.1338	 100.00	1268.42
     65	400804	     41	    6.0	43539.0	41558.6	 0.1351	 100.00	1269.73
     66	400804	     41	    8.0	43539.0	41588.1	 0.1322	 100.00	1271.08
     67	400804	     41	   12.0	43539.0	41616.8	 0.1317	 100.00	1272.34
     68	400804	     41	   10.0	43537.0	41644.6	 0.1310	 100.00	1273.57
     69	400804	     41	    6.0	43543.0	41671.8	 0.1301	 100.00	1274.64
     70	400804	     41	   10.0	43541.0	41698.1	 0.1288	 100.00	1275.77
     71	400804	     41	    8.0	43545.0	41723.7	 0.1270	 100.00	1277.03
     72	400804	     41	   14.0	43535.0	41748.5	 0.1305	 100.00	1278.37
     73	400804	     41	    6.0	43537.0	41772.7	 0.1292	 100.00	1279.52
     74	400804	     41	    8.0	43541.0	41796.3	 0.1280	 100.00	1280.83
     75	400804	     41	    8.0	43541.0	41819.2	 0.1269	 100.00	1281.74
     76	400804	     41	   12.0	43541.0	41841.6	 0.1267	 100.00	1282.82
     77	400804	     41	   10.0	43539.0	41863.4	 0.1256	 100.00	1283.80
     78	400804	     41	    8.0	43543.0	41884.6	 0.1251	 100.00	1284.81
     79	400804	     41	    6.0	43545.0	41905.4	 0.1236	 100.00	1285.74
     80	400804	     41	   10.0	43539.0	41925.6	 0.1238	 100.00	1286.71
     81	400804	     41	    8.0	43543.0	41945.3	 0.1226	 100.00	1287.50
     82	400804	     42	   20.0	43531.0	41964.4	 0.2465	 100.00	1290.82
     83	400804	     42	    6.0	43537.0	41983.1	 0.2456	 100.00	1288.83
     84	400804	     42	   10.0	43535.0	42001.4	 0.2227	 100.00	1289.75
     85	400804	     42	   10.0	43537.0	42019.2	 0.1985	 100.00	1290.50
     86	400804	     42	    8.0	43537.0	42036.7	 0.1781	 100.00	1291.33
     87	400804	     42	    6.0	43543.0	42053.8	 0.1657	 100.00	1292.04
     88	400804	     42	   12.0	43535.0	42070.4	 0.1745	 100.00	1292.86
     89	400804	     42	    6.0	43537.0	42086.7	 0.1658	 100.00	1293.50
     90	400804	     42	   12.0	43537.0	42102.7	 0.1567	 100.00	1294.38
     91	400804	     42	    6.0	43539.0	42118.3	 0.1507	 100.00	1294.98
     92	400804	     42	   10.0	43541.0	42133.6	 0.1494	 100.00	1295.63
     93	400804	     42	   12.0	43537.0	42148.5	 0.1515	 100.00	1296.33
     94	400804	     42	   10.0	43539.0	42163.1	 0.1470	 100.00	1296.96
     95	400804	     42	    8.0	43539.0	42177.5	 0.1413	 100.00	1297.68
     96	400804	     42	    8.0	43535.0	42191.5	 0.1409	 100.00	1298.35
     97	400804	     42	    6.0	43541.0	42205.2	 0.1403	 100.00	1298.88
     98	400804	     42	   12.0	43537.0	42218.7	 0.1370	 100.00	1299.47
     99	400804	     42	    8.0	43541.0	42231.9	 0.1356	 100.00	1300.07
    100	400804	     42	   12.0	43537.0	42244.8	 0.1345	 100.00	1300.68
    101	400804	     42	    6.0	43543.0	42257.6	 0.1333	 100.00	1301.30
    102	400804	     42	    8.0	43543.0	42270.0	 0.1293	 100.00	1301.88
    103	400804	     42	   16.0	43539.0	42282.2	 0.1326	 100.00	1302.42
    104	400804	     42	    8.0	43535.0	42294.2	 0.1364	 100.00	1302.80
    105	400804	     42	    8.0	43535.0	42305.9	 0.1322	 100.00	1303.40
    106	400804	     42	    8.0	43539.0	42317.4	 0.1342	 100.00	1303.85
    107	400804	     42	    6.0	43541.0	42328.7	 0.1307	 100.00	1304.41
    108	400804	     42	   16.0	43537.0	42339.8	 0.1337	 100.00	1304.85
    109	400804	     42	    6.0	43539.0	42350.7	 0.1317	 100.00	1305.43
    110	400804	     42	    8.0	43543.0	42361.5	 0.1318	 100.00	1305.77
    111	400804	     42	    8.0	43543.0	42372.0	 0.1294	 100.00	1306.32
    112	400804	     42	    8.0	43539.0	42382.3	 0.1301	 100.00	1306.81
    113	400804	     42	   14.0	43537.0	42392.5	 0.1322	 100.00	1307.28
    114	400804	     42	    8.0	43537.0	42402.4	 0.1294	 100.00	1307.77
    115	400804	     42	    6.0	43543.0	42412.2	 0.1282	 100.00	1308.25
    116	400804	     42	   12.0	43539.0	42421.9	 0.1289	 100.00	1308.59
    117	400804	     42	    8.0	43543.0	42431.4	 0.1276	 100.00	1309.00
    118	400804	     42	   12.0	43539.0	42440.7	 0.1281	 100.00	1309.40
    119	400804	     42	    6.0	43545.0	42449.9	 0.1278	 100.00	1309.87
    120	400804	     42	    8.0	43541.0	42458.9	 0.1275	 100.00	1310.26
    121	400804	     42	    8.0	43541.0	42467.8	 0.1261	 100.00	1310.73
    122	400804	     42	   10.0	43543.0	42476.5	 0.1252	 100.00	1311.02
    123	400804	     42	   16.0	43535.0	42485.1	 0.1281	 100.00	1311.46
    124	400804	     42	   10.0	43537.0	42493.5	 0.1294	 100.00	1311.83
    125	400804	     42	    6.0	43539.0	42501.8	 0.1272	 100.00	1312.37
    126	400804	     42	   12.0	43539.0	42509.9	 0.1265	 100.00	1312.82
    127	400804	     42	    6.0	43541.0	42518.0	 0.1255	 100.00	1313.29
    128	400804	     42	   12.0	43533.0	42525.9	 0.1269	 100.00	1313.67
    129	400804	     42	    6.0	43539.0	42533.7	 0.1276	 100.00	1314.14
    130	400804	     42	    8.0	43539.0	42541.3	 0.1256	 100.00	1314.56
    131	400804	     42	   10.0	43541.0	42548.9	 0.1244	 100.00	1315.02
    132	400804	     42	   10.0	43539.0	42556.3	 0.1236	 100.00	1315.44
    133	400804	     42	    6.0	43545.0	42563.7	 0.1235	 100.00	1315.88
    134	400804	     42	   14.0	43539.0	42570.9	 0.1245	 100.00	1316.22
    135	400804	     42	    8.0	43543.0	42578.1	 0.1242	 100.00	1316.61
    136	400804	     42	   10.0	43537.0	42585.1	 0.1242	 100.00	1317.45
    137	400804	     42	    6.0	43539.0	42592.0	 0.1235	 100.00	1317.92
    138	400804	     42	    8.0	43543.0	42598.8	 0.1233	 100.00	1318.29
    139	400804	     42	   10.0	43541.0	42605.6	 0.1238	 100.00	1318.67
    140	400804	     42	   12.0	43541.0	42612.2	 0.1236	 100.00	1318.89
    141	400804	     42	    8.0	43541.0	42618.8	 0.1233	 100.00	1319.25
    142	400804	     42	    8.0	43545.0	42625.2	 0.1236	 100.00	1319.53
    143	400804	     42	    6.0	43547.0	42631.6	 0.1228	 100.00	1319.84
    144	400804	     42	   16.0	43535.0	42637.9	 0.1250	 100.00	1320.11
    145	400804	     42	    8.0	43539.0	42644.0	 0.1255	 100.00	1320.42
    146	400804	     42	   10.0	43537.0	42650.1	 0.1253	 100.00	1320.63
    147	400804	     42	    6.0	43543.0	42656.1	 0.1251	 100.00	1320.94
    148	400804	     42	   10.0	43541.0	42662.1	 0.1247	 100.00	1321.19
    149	400804	     42	   12.0	43541.0	42667.9	 0.1241	 100.00	1321.50
    150	400804	     42	    8.0	43541.0	42673.7	 0.1231	 100.00	1321.74
    151	400804	     42	    6.0	43547.0	42679.5	 0.1224	 100.00	1322.04
    152	400804	     42	   10.0	43541.0	42685.1	 0.1237	 100.00	1322.22
    153	400804	     42	    6.0	43543.0	42690.7	 0.1225	 100.00	1322.48
    154	400804	     42	   16.0	43539.0	42696.1	 0.1226	 100.00	1322.73
    155	400804	     42	    6.0	43541.0	42701.6	 0.1211	 100.00	1322.98
    156	400804	     42	   10.0	43543.0	42706.9	 0.1208	 100.00	1323.21
    157	400804	     42	    8.0	43543.0	42712.2	 0.1206	 100.00	1323.47
    158	400804	     42	   10.0	43545.0	42717.4	 0.1202	 100.00	1323.65
    159	400804	     42	   10.0	43543.0	42722.6	 0.1199	 100.00	1323.91
    160	400804	     42	    8.0	43539.0	42727.7	 0.1200	 100.00	1324.14
    161	400804	     42	    6.0	43545.0	42732.7	 0.1192	 100.00	1324.41
    162	400804	     42	   10.0	43543.0	42737.7	 0.1189	 100.00	1324.67
    163	400804	     42	    8.0	43547.0	42742.6	 0.1180	 100.00	1324.94
    164	400804	     43	   24.0	43531.0	42747.4	 0.2447	 100.00	1326.32
    165	400804	     43	    6.0	43537.0	42752.2	 0.2519	 100.00	1325.23
    166	400804	     43	    8.0	43537.0	42756.9	 0.2236	 100.00	1325.49
    167	400804	     43	   10.0	43539.0	42761.5	 0.1919	 100.00	1325.83
    168	400804	     43	    8.0	43535.0	42766.1	 0.1931	 100.00	1325.99
    169	400804	     43	   10.0	43533.0	42770.6	 0.1816	 100.00	1326.29
    170	400804	     43	    8.0	43537.0	42775.1	 0.1762	 100.00	1326.39
    171	400804	     43	    6.0	43539.0	42779.5	 0.1620	 100.00	1326.63
    172	400804	     43	   14.0	43537.0	42783.9	 0.1595	 100.00	1326.91
    173	400804	     43	    6.0	43539.0	42788.2	 0.1521	 100.00	1327.15
    174	400804	     43	    8.0	43543.0	42792.6	 0.1469	 100.00	1327.38
    175	400804	     43	   12.0	43539.0	42796.8	 0.1483	 100.00	1327.55
    176	400804	     43	    8.0	43535.0	42801.0	 0.1470	 100.00	1327.78
    177	400804	     43	   10.0	43537.0	42805.1	 0.1449	 100.00	1327.99
    178	400804	     43	    8.0	43537.0	42809.2	 0.1380	 100.00	1328.21
    179	400804	     43	    6.0	43543.0	42813.3	 0.1362	 100.00	1328.35
    180	400804	     43	   14.0	43537.0	42817.3	 0.1372	 100.00	1328.56
    181	400804	     43	    8.0	43541.0	42821.2	 0.1344	 100.00	1328.74
    182	400804	     43	   10.0	43539.0	42825.2	 0.1312	 100.00	1328.94
    183	400804	     43	    6.0	43545.0	42829.1	 0.1294	 100.00	1329.13
    184	400804	     43	    8.0	43541.0	42832.9	 0.1288	 100.00	1329.34
    185	400804	     43	   14.0	43535.0	42836.7	 0.1313	 100.00	1329.54
    186	400804	     43	   10.0	43537.0	42840.4	 0.1305	 100.00	1329.72
    187	400804	     43	    8.0	43537.0	42844.2	 0.1272	 100.00	1329.83
    188	400804	     43	   10.0	43539.0	42847.8	 0.1288	 100.00	1330.04
    189	400804	     43	    6.0	43541.0	42851.5	 0.1263	 100.00	1330.20
    190	400804	     43	   14.0	43539.0	42855.1	 0.1260	 100.00	1330.40
    191	400804	     43	    6.0	43541.0	42858.7	 0.1253	 100.00	1330.56
    192	400804	     43	   10.0	43535.0	42862.2	 0.1263	 100.00	1330.70
    193	400804	     43	    6.0	43541.0	42865.7	 0.1249	 100.00	1330.80
    194	400804	     43	    8.0	43541.0	42869.1	 0.1238	 100.00	1330.99
    195	400804	     43	   14.0	43539.0	42872.5	 0.1239	 100.00	1331.14
    196	400804	     43	   10.0	43537.0	42875.9	 0.1245	 100.00	1331.33
    197	400804	     43	    6.0	43543.0	42879.3	 0.1240	 100.00	1331.51
    198	400804	     43	   10.0	43541.0	42882.6	 0.1249	 100.00	1331.63
    199	400804	     43	    8.0	43545.0	42885.9	 0.1222	 100.00	1331.74
    200	400804	     43	   12.0	43537.0	42889.2	 0.1255	 100.00	1331.90
    201	400804	     43	    6.0	43539.0	42892.4	 0.1233	 100.00	1332.07
    202	400804	     43	    8.0	43543.0	42895.6	 0.1228	 100.00	1332.29
    203	400804	     43	    8.0	43543.0	42898.8	 0.1224	 100.00	1332.48
    204	400804	     43	   12.0	43543.0	42901.9	 0.1217	 100.00	1332.68
    205	400804	     43	   16.0	43535.0	42905.0	 0.1247	 100.00	1332.81
    206	400804	     43	    8.0	43539.0	42908.0	 0.1243	 100.00	1333.01
    207	400804	     43	    6.0	43541.0	42911.1	 0.1229	 100.00	1333.20
    208	400804	     43	   10.0	43535.0	42914.1	 0.1228	 100.00	1333.39
    209	400804	     43	    8.0	43539.0	42917.0	 0.1241	 100.00	1333.57
    210	400804	     43	   12.0	43535.0	42920.0	 0.1229	 100.00	1333.77
    211	400804	     43	    6.0	43541.0	42922.9	 0.1230	 100.00	1333.91
    212	400804	     43	   10.0	43539.0	42925.8	 0.1221	 100.00	1334.11
    213	400804	     43	   10.0	43541.0	42928.7	 0.1211	 100.00	1334.29
    214	400804	     43	    8.0	43541.0	42931.5	 0.1205	 100.00	1334.49
    215	400804	     43	    6.0	43547.0	42934.4	 0.1205	 100.00	1334.65
    216	400804	     43	   14.0	43537.0	42937.1	 0.1220	 100.00	1334.84
    217	400804	     43	    6.0	43539.0	42939.9	 0.1209	 100.00	1334.97
    218	400804	     43	   12.0	43539.0	42942.6	 0.1208	 100.00	1335.15
    219	400804	     43	    6.0	43541.0	42945.3	 0.1196	 100.00	1335.33
    220	400804	     43	   10.0	43543.0	42948.1	 0.1197	 100.00	1335.50
    221	400804	     43	   10.0	43541.0	42950.7	 0.1197	 100.00	1335.67
    222	400804	     43	   10.0	43543.0	42953.4	 0.1189	 100.00	1335.85
    223	400804	     43	    8.0	43543.0	42956.0	 0.1180	 100.00	1335.99
    224	400804	     43	    8.0	43539.0	42958.6	 0.1179	 100.00	1336.17
    225	400804	     43	    6.0	43545.0	42961.2	 0.1177	 100.00	1336.33
    226	400804	     43	   16.0	43537.0	42963.7	 0.1188	 100.00	1336.50
    227	400804	     43	    8.0	43541.0	42966.3	 0.1176	 100.00	1336.60
    228	400804	     43	   12.0	43537.0	42968.8	 0.1174	 100.00	1336.77
    229	400804	     43	    6.0	43543.0	42971.3	 0.1159	 100.00	1336.87
    230	400804	     43	    8.0	43543.0	42973.7	 0.1152	 100.00	1337.03
    231	400804	     43	   12.0	43543.0	42976.2	 0.1155	 100.00	1337.19
    232	400804	     43	    8.0	43539.0	42978.6	 0.1148	 100.00	1337.36
    233	400804	     43	    8.0	43539.0	42981.0	 0.1136	 100.00	1337.50
    234	400804	     43	    8.0	43543.0	42983.4	 0.1133	 100.00	1337.64
    235	400804	     43	    6.0	43545.0	42985.8	 0.1123	 100.00	1337.73
    236	400804	     43	   18.0	43539.0	42988.1	 0.1126	 100.00	1337.89
    237	400804	     43	    6.0	43541.0	42990.4	 0.1115	 100.00	1338.02
    238	400804	     43	    8.0	43545.0	42992.7	 0.1109	 100.00	1338.15
    239	400804	     43	    8.0	43545.0	42995.0	 0.1100	 100.00	1338.28
    240	400804	     43	    8.0	43541.0	42997.3	 0.1101	 100.00	1338.39
    241	400804	     43	   12.0	43541.0	42999.6	 0.1100	 100.00	1338.49
    242	400804	     43	    8.0	43541.0	43001.8	 0.1093	 100.00	1338.63
    243	400804	     43	    6.0	43547.0	43004.0	 0.1094	 100.00	1338.76
    244	400804	     43	   12.0	43543.0	43006.2	 0.1094	 100.00	1338.91
    245	400804	     43	    8.0	43547.0	43008.4	 0.1086	 100.00	1339.05
    246	400804	     43	   20.0	43535.0	43010.6	 0.1104	 100.00	1339.20
    247	400804	     43	    6.0	43541.0	43012.7	 0.1104	 100.00	1339.32
    248	400804	     43	    8.0	43537.0	43014.8	 0.1100	 100.00	1339.47
    249	400804	     43	    8.0	43537.0	43016.9	 0.1090	 100.00	1339.61
    250	400804	     43	   10.0	43539.0	43019.0	 0.1084	 100.00	1339.76
    251	400804	     43	   10.0	43537.0	43021.0	 0.1079	 100.00	1339.89
    252	400804	     43	   10.0	43539.0	43023.1	 0.1075	 100.00	1340.04
    253	400804	     43	    6.0	43541.0	43025.1	 0.1066	 100.00	1340.14
    254	400804	     43	   12.0	43541.0	43027.1	 0.1064	 100.00	1340.28
    255	400804	     43	    6.0	43543.0	43029.1	 0.1053	 100.00	1340.41
    256	400804	     43	   14.0	43533.0	43031.1	 0.1062	 100.00	1340.45
    257	400804	     43	    6.0	43539.0	43033.1	 0.1056	 100.00	1340.56
    258	400804	     43	    8.0	43539.0	43035.0	 0.1051	 100.00	1340.69
    259	400804	     43	   10.0	43541.0	43037.0	 0.1045	 100.00	1340.69
    260	400804	     43	   10.0	43539.0	43038.9	 0.1040	 100.00	1340.82
    261	400804	     43	    6.0	43545.0	43040.8	 0.1041	 100.00	1340.91
    262	400804	     43	   12.0	43541.0	43042.7	 0.1038	 100.00	1341.03
    263	400804	     43	    8.0	43545.0	43044.6	 0.1033	 100.00	1341.12
    264	400804	     43	   10.0	43539.0	43046.5	 0.1029	 100.00	1341.24
    265	400804	     43	    6.0	43541.0	43048.4	 0.1024	 100.00	1341.30
    266	400804	     43	    8.0	43545.0	43050.2	 0.1023	 100.00	1341.41
    267	400804	     43	   14.0	43539.0	43052.0	 0.1029	 100.00	1341.51
    268	400804	     43	   12.0	43539.0	43053.9	 0.1025	 100.00	1341.61
    269	400804	     43	    8.0	43539.0	43055.6	 0.1017	 100.00	1341.67
    270	400804	     43	    8.0	43543.0	43057.4	 0.1013	 100.00	1341.82
    271	400804	     43	    6.0	43545.0	43059.2	 0.1015	 100.00	1341.83
    272	400804	     43	   12.0	43537.0	43061.0	 0.1018	 100.00	1341.96
    273	400804	     43	    8.0	43541.0	43062.7	 0.1013	 100.00	1342.02
    274	400804	     43	   10.0	43539.0	43064.5	 0.1006	 100.00	1342.10
    275	400804	     43	    6.0	43545.0	43066.2	 0.1002	 100.00	1342.22
    276	400804	     43	   10.0	43543.0	43067.9	 0.0998	 100.00	1342.23
    277	400804	     43	   14.0	43541.0	43069.6	 0.1000	 100.00	1342.33
    278	400804	     43	    8.0	43541.0	43071.3	 0.0996	 100.00	1342.42
    279	400804	     43	    6.0	43547.0	43073.0	 0.0993	 100.00	1342.49
    280	400804	     43	   10.0	43541.0	43074.7	 0.0989	 100.00	1342.57
    281	400804	     43	    6.0	43543.0	43076.4	 0.0982	 100.00	1342.68
    282	400804	     43	   14.0	43541.0	43078.0	 0.0981	 100.00	1342.74
    283	400804	     43	    6.0	43543.0	43079.6	 0.0976	 100.00	1342.83
    284	400804	     43	   10.0	43545.0	43081.3	 0.0982	 100.00	1342.91
    285	400804	     43	    8.0	43545.0	43082.9	 0.0974	 100.00	1343.01
    286	400804	     43	   10.0	43547.0	43084.5	 0.0970	 100.00	1343.08
    287	400804	     43	   16.0	43539.0	43086.1	 0.0975	 100.00	1343.21
    288	400804	     43	    8.0	43535.0	43087.6	 0.0976	 100.00	1343.25
    289	400804	     43	    6.0	43541.0	43089.2	 0.0973	 100.00	1343.34
    290	400804	     43	   10.0	43539.0	43090.7	 0.0968	 100.00	1343.38
    291	400804	     43	    8.0	43543.0	43092.3	 0.0961	 100.00	1343.47
    292	400804	     43	   14.0	43537.0	43093.8	 0.0963	 100.00	1343.52
    293	400804	     43	    6.0	43543.0	43095.3	 0.0958	 100.00	1343.61
    294	400804	     43	    8.0	43543.0	43096.9	 0.0951	 100.00	1343.61
    295	400804	     43	   10.0	43545.0	43098.4	 0.0945	 100.00	1343.66
    296	400804	     43	    8.0	43541.0	43099.9	 0.0946	 100.00	1343.71
    297	400804	     43	   12.0	43537.0	43101.3	 0.0951	 100.00	1343.80
    298	400804	     43	    8.0	43541.0	43102.8	 0.0955	 100.00	1343.87
    299	400804	     43	    6.0	43543.0	43104.3	 0.0949	 100.00	1343.96
    300	400804	     43	   14.0	43541.0	43105.7	 0.0949	 100.00	1344.03
    301	400804	     43	    6.0	43543.0	43107.2	 0.0942	 100.00	1344.11
    302	400804	     43	    8.0	43547.0	43108.6	 0.0941	 100.00	1344.14
    303	400804	     43	   10.0	43545.0	43110.0	 0.0938	 100.00	1344.22
    304	400804	     43	    8.0	43541.0	43111.5	 0.0940	 100.00	1344.29
    305	400804	     43	   10.0	43543.0	43112.9	 0.0937	 100.00	1344.37
    306	400804	     43	    8.0	43543.0	43114.3	 0.0932	 100.00	1344.38
    307	400804	     43	    6.0	43549.0	43115.7	 0.0936	 100.00	1344.46
    308	400804	     43	   18.0	43539.0	43117.1	 0.0945	 100.00	1344.49
    309	400804	     43	    8.0	43543.0	43118.4	 0.0942	 100.00	1344.62
    310	400804	     43	   10.0	43541.0	43119.8	 0.0938	 100.00	1344.70
    311	400804	     43	    6.0	43547.0	43121.2	 0.0937	 100.00	1344.81
    312	400804	     43	    8.0	43543.0	43122.5	 0.0936	 100.00	1344.86
    313	400804	     43	   10.0	43541.0	43123.8	 0.0934	 100.00	1344.97
    314	400804	     43	   10.0	43543.0	43125.2	 0.0932	 100.00	1345.06
    315	400804	     43	    8.0	43543.0	43126.5	 0.0929	 100.00	1345.16
    316	400804	     43	   10.0	43545.0	43127.8	 0.0927	 100.00	1345.24
    317	400804	     43	    6.0	43547.0	43129.1	 0.0926	 100.00	1345.31
    318	400804	     43	   16.0	43543.0	43130.4	 0.0934	 100.00	1345.36
    319	400804	     43	    6.0	43545.0	43131.7	 0.0929	 100.00	1345.48
    320	400804	     43	   10.0	43539.0	43133.0	 0.0935	 100.00	1345.56
    321	400804	     43	    6.0	43545.0	43134.3	 0.0933	 100.00	1345.67
    322	400804	     43	    8.0	43545.0	43135.5	 0.0930	 100.00	1345.76
    323	400804	     43	   12.0	43545.0	43136.8	 0.0928	 100.00	1345.88
    324	400804	     43	   10.0	43543.0	43138.1	 0.0929	 100.00	1345.90
    325	400804	     43	    6.0	43549.0	43139.3	 0.0928	 100.00	1346.00
    326	400804	     43	   10.0	43547.0	43140.6	 0.0929	 100.00	1346.07
    327	400804	     43	    8.0	43551.0	43141.8	 0.0927	 100.00	1346.17
    328	400804	     44	   24.0	43531.0	43143.0	 0.2551	 100.00	1346.87
    329	400804	     44	    6.0	43533.0	43144.2	 0.2568	 100.00	1345.93
    330	400804	     44	    8.0	43537.0	43145.4	 0.2325	 100.00	1346.04
    331	400804	     44	    8.0	43537.0	43146.5	 0.2020	 100.00	1346.14
    332	400804	     44	   12.0	43537.0	43147.7	 0.1912	 100.00	1346.21
    333	400804	     44	   10.0	43535.0	43148.9	 0.1784	 100.00	1346.31
    334	400804	     44	    8.0	43539.0	43150.0	 0.1731	 100.00	1346.39
    335	400804	     44	    6.0	43541.0	43151.2	 0.1599	 100.00	1346.47
    336	400804	     44	   10.0	43535.0	43152.3	 0.1600	 100.00	1346.51
    337	400804	     44	    8.0	43539.0	43153.5	 0.1525	 100.00	1346.61
    338	400804	     44	   14.0	43533.0	43154.6	 0.1532	 100.00	1346.65
    339	400804	     44	    6.0	43539.0	43155.7	 0.1513	 100.00	1346.75
    340	400804	     44	   10.0	43537.0	43156.9	 0.1457	 100.00	1346.81
    341	400804	     44	   10.0	43539.0	43158.0	 0.1430	 100.00	1346.91
    342	400804	     44	    8.0	43539.0	43159.1	 0.1371	 100.00	1346.96
    343	400804	     44	    6.0	43545.0	43160.2	 0.1344	 100.00	1347.06
    344	400804	     44	   12.0	43537.0	43161.3	 0.1378	 100.00	1347.12
    345	400804	     44	    6.0	43539.0	43162.4	 0.1384	 100.00	1347.22
    346	400804	     44	   12.0	43539.0	43163.5	 0.1337	 100.00	1347.28
    347	400804	     44	    6.0	43541.0	43164.6	 0.1333	 100.00	1347.38
    348	400804	     44	   10.0	43543.0	43165.6	 0.1342	 100.00	1347.42
    349	400804	     44	   14.0	43537.0	43166.7	 0.1400	 100.00	1347.50
    350	400804	     44	   10.0	43539.0	43167.8	 0.1367	 100.00	1347.57
    351	400804	     44	    8.0	43539.0	43168.8	 0.1354	 100.00	1347.67
    352	400804	     44	    8.0	43535.0	43169.9	 0.1340	 100.00	1347.74
    353	400804	     44	    6.0	43541.0	43170.9	 0.1355	 100.00	1347.83
    354	400804	     44	   12.0	43537.0	43171.9	 0.1342	 100.00	1347.87
    355	400804	     44	    8.0	43541.0	43173.0	 0.1339	 100.00	1347.97
    356	400804	     44	   12.0	43537.0	43174.0	 0.1315	 100.00	1348.03
    357	400804	     44	    6.0	43543.0	43175.0	 0.1316	 100.00	1348.12
    358	400804	     44	    8.0	43543.0	43176.1	 0.1300	 100.00	1348.17
    359	400804	     44	   14.0	43541.0	43177.1	 0.1315	 100.00	1348.26
    360	400804	     44	    8.0	43537.0	43178.1	 0.1320	 100.00	1348.31
    361	400804	     44	    8.0	43537.0	43179.1	 0.1303	 100.00	1348.36
    362	400804	     44	    8.0	43541.0	43180.0	 0.1294	 100.00	1348.43
    363	400804	     44	    6.0	43543.0	43181.0	 0.1275	 100.00	1348.51
    364	400804	     44	   16.0	43539.0	43182.0	 0.1281	 100.00	1348.58
    365	400804	     44	    6.0	43541.0	43183.0	 0.1265	 100.00	1348.67
    366	400804	     44	    8.0	43545.0	43184.0	 0.1253	 100.00	1348.70
    367	400804	     44	    8.0	43545.0	43185.0	 0.1254	 100.00	1348.78
    368	400804	     44	    8.0	43541.0	43185.9	 0.1245	 100.00	1348.84
    369	400804	     44	   18.0	43535.0	43186.9	 0.1296	 100.00	1348.91
    370	400804	     44	    8.0	43535.0	43187.8	 0.1279	 100.00	1348.97
    371	400804	     44	    6.0	43541.0	43188.8	 0.1268	 100.00	1349.06
    372	400804	     44	   12.0	43537.0	43189.7	 0.1266	 100.00	1349.10
    373	400804	     44	    8.0	43541.0	43190.6	 0.1252	 100.00	1349.19
    374	400804	     44	   12.0	43537.0	43191.6	 0.1253	 100.00	1349.24
    375	400804	     44	    6.0	43543.0	43192.5	 0.1251	 100.00	1349.33
    376	400804	     44	    8.0	43539.0	43193.4	 0.1252	 100.00	1349.37
    377	400804	     44	    8.0	43539.0	43194.3	 0.1252	 100.00	1349.48
    378	400804	     44	   10.0	43541.0	43195.3	 0.1238	 100.00	1349.48
    379	400804	     44	   12.0	43537.0	43196.2	 0.1248	 100.00	1349.57
    380	400804	     44	   10.0	43539.0	43197.0	 0.1246	 100.00	1349.61
    381	400804	     44	    6.0	43541.0	43198.0	 0.1233	 100.00	1349.71
    382	400804	     44	   12.0	43541.0	43198.8	 0.1226	 100.00	1349.75
    383	400804	     44	    6.0	43543.0	43199.7	 0.1223	 100.00	1349.79
    384	400804	     44	   12.0	43535.0	43200.6	 0.1230	 100.00	1349.84
    385	400804	     44	    6.0	43541.0	43201.5	 0.1221	 100.00	1349.90
    386	400804	     44	    8.0	43541.0	43202.4	 0.1207	 100.00	1349.96
    387	400804	     44	   10.0	43543.0	43203.2	 0.1218	 100.00	1349.99
    388	400804	     44	   10.0	43541.0	43204.1	 0.1210	 100.00	1350.04
    389	400804	     44	    6.0	43547.0	43205.0	 0.1204	 100.00	1350.06
    390	400804	     44	   16.0	43539.0	43205.9	 0.1224	 100.00	1350.10
    391	400804	     44	    8.0	43543.0	43206.7	 0.1226	 100.00	1350.14
    392	400804	     44	   10.0	43537.0	43207.6	 0.1228	 100.00	1350.18
    393	400804	     44	    6.0	43539.0	43208.4	 0.1213	 100.00	1350.24
    394	400804	     44	    8.0	43543.0	43209.2	 0.1206	 100.00	1350.29
    395	400804	     44	   10.0	43541.0	43210.1	 0.1207	 100.00	1350.32
    396	400804	     44	   12.0	43541.0	43210.9	 0.1198	 100.00	1350.37
    397	400804	     44	    8.0	43541.0	43211.7	 0.1193	 100.00	1350.41
    398	400804	     44	    8.0	43545.0	43212.6	 0.1184	 100.00	1350.45
    399	400804	     44	    6.0	43547.0	43213.4	 0.1171	 100.00	1350.51
    400	400804	     44	   14.0	43537.0	43214.2	 0.1190	 100.00	1350.55
    401	400804	     44	    8.0	43541.0	43215.0	 0.1180	 100.00	1350.55
    402	400804	     44	   10.0	43539.0	43215.8	 0.1171	 100.00	1350.59
    403	400804	     44	    6.0	43545.0	43216.7	 0.1172	 100.00	1350.62
    404	400804	     44	   10.0	43543.0	43217.5	 0.1164	 100.00	1350.67
    405	400804	     44	   12.0	43543.0	43218.3	 0.1166	 100.00	1350.70
    406	400804	     44	    8.0	43543.0	43219.1	 0.1167	 100.00	1350.73
    407	400804	     44	    6.0	43549.0	43219.9	 0.1172	 100.00	1350.73
    408	400804	     44	   10.0	43543.0	43220.7	 0.1171	 100.00	1350.78
    409	400804	     44	    6.0	43545.0	43221.4	 0.1157	 100.00	1350.80
    410	400804	     44	   22.0	43535.0	43222.2	 0.1176	 100.00	1350.84
    411	400804	     44	    6.0	43537.0	43223.0	 0.1163	 100.00	1350.88
    412	400804	     44	   10.0	43539.0	43223.7	 0.1172	 100.00	1350.92
    413	400804	     44	    8.0	43539.0	43224.5	 0.1162	 100.00	1350.89
    414	400804	     44	   10.0	43541.0	43225.3	 0.1154	 100.00	1350.93
    415	400804	     44	   10.0	43539.0	43226.0	 0.1149	 100.00	1350.96
    416	400804	     44	    8.0	43535.0	43226.8	 0.1145	 100.00	1351.00
    417	400804	     44	    6.0	43541.0	43227.5	 0.1139	 100.00	1351.04
    418	400804	     44	   10.0	43539.0	43228.3	 0.1133	 100.00	1351.09
    419	400804	     44	    8.0	43543.0	43229.0	 0.1127	 100.00	1351.12
    420	400804	     44	   16.0	43535.0	43229.7	 0.1138	 100.00	1351.17
    421	400804	     44	    6.0	43541.0	43230.5	 0.1135	 100.00	1351.23
    422	400804	     44	    8.0	43541.0	43231.2	 0.1127	 100.00	1351.29
    423	400804	     44	   10.0	43543.0	43231.9	 0.1121	 100.00	1351.34
    424	400804	     44	    8.0	43539.0	43232.7	 0.1118	 100.00	1351.40
    425	400804	     44	   10.0	43537.0	43233.4	 0.1118	 100.00	1351.43
    426	400804	     44	    8.0	43541.0	43234.1	 0.1113	 100.00	1351.49
    427	400804	     44	    6.0	43543.0	43234.8	 0.1103	 100.00	1351.55
    428	400804	     44	   14.0	43541.0	43235.5	 0.1102	 100.00	1351.61
    429	400804	     44	    6.0	43543.0	43236.2	 0.1097	 100.00	1351.66
    430	400804	     44	    8.0	43547.0	43237.0	 0.1094	 100.00	1351.70
    431	400804	     44	   14.0	43541.0	43237.7	 0.1100	 100.00	1351.71
    432	400804	     44	    8.0	43537.0	43238.4	 0.1102	 100.00	1351.75
    433	400804	     44	   10.0	43539.0	43239.1	 0.1097	 100.00	1351.79
    434	400804	     44	    8.0	43539.0	43239.7	 0.1092	 100.00	1351.85
    435	400804	     44	    6.0	43545.0	43240.4	 0.1090	 100.00	1351.90
    436	400804	     44	   14.0	43539.0	43241.1	 0.1091	 100.00	1351.96
    437	400804	     44	    8.0	43543.0	43241.8	 0.1083	 100.00	1351.99
    438	400804	     44	   10.0	43541.0	43242.5	 0.1076	 100.00	1352.05
    439	400804	     44	    6.0	43547.0	43243.2	 0.1067	 100.00	1352.10
    440	400804	     44	    8.0	43543.0	43243.9	 0.1068	 100.00	1352.16
    441	400804	     44	   12.0	43539.0	43244.5	 0.1070	 100.00	1352.22
    442	400804	     44	   10.0	43541.0	43245.2	 0.1061	 100.00	1352.27
    443	400804	     44	    8.0	43541.0	43245.9	 0.1057	 100.00	1352.26
    444	400804	     44	   10.0	43543.0	43246.5	 0.1049	 100.00	1352.30
    445	400804	     44	    6.0	43545.0	43247.2	 0.1043	 100.00	1352.33
    446	400804	     44	   14.0	43543.0	43247.9	 0.1046	 100.00	1352.37
    447	400804	     44	    6.0	43545.0	43248.5	 0.1037	 100.00	1352.39
    448	400804	     44	   10.0	43539.0	43249.2	 0.1044	 100.00	1352.43
    449	400804	     44	    6.0	43545.0	43249.8	 0.1038	 100.00	1352.44
    450	400804	     44	    8.0	43545.0	43250.5	 0.1030	 100.00	1352.47
    451	400804	     44	   18.0	43539.0	43251.1	 0.1040	 100.00	1352.51
    452	400804	     44	   10.0	43537.0	43251.8	 0.1035	 100.00	1352.54
    453	400804	     44	    6.0	43543.0	43252.4	 0.1038	 100.00	1352.56
    454	400804	     44	   10.0	43541.0	43253.0	 0.1030	 100.00	1352.59
    455	400804	     44	    8.0	43545.0	43253.7	 0.1027	 100.00	1352.59
    456	400804	     44	   12.0	43537.0	43254.3	 0.1035	 100.00	1352.63
    457	400804	     44	    6.0	43539.0	43254.9	 0.1032	 100.00	1352.67
    458	400804	     44	    8.0	43543.0	43255.5	 0.1031	 100.00	1352.71
    459	400804	     44	    8.0	43543.0	43256.2	 0.1028	 100.00	1352.74
    460	400804	     44	   12.0	43543.0	43256.8	 0.1028	 100.00	1352.77
    461	400804	     44	   12.0	43539.0	43257.4	 0.1032	 100.00	1352.78
    462	400804	     44	    8.0	43543.0	43258.0	 0.1029	 100.00	1352.82
    463	400804	     44	    6.0	43545.0	43258.6	 0.1021	 100.00	1352.85
    464	400804	     44	   10.0	43539.0	43259.2	 0.1025	 100.00	1352.88
    465	400804	     44	    8.0	43543.0	43259.9	 0.1019	 100.00	1352.92
    466	400804	     44	   12.0	43539.0	43260.4	 0.1017	 100.00	1352.95
    467	400804	     44	    6.0	43545.0	43261.1	 0.1012	 100.00	1352.97
    468	400804	     44	   10.0	43543.0	43261.7	 0.1008	 100.00	1353.00
    469	400804	     44	   10.0	43545.0	43262.3	 0.1007	 100.00	1353.03
    470	400804	     44	    8.0	43545.0	43262.9	 0.1003	 100.00	1353.04
    471	400804	     44	    6.0	43551.0	43263.5	 0.1000	 100.00	1353.08
    472	400804	     44	   16.0	43539.0	43264.1	 0.1009	 100.00	1353.13
    473	400804	     44	    6.0	43541.0	43264.6	 0.1002	 100.00	1353.10
    474	400804	     44	   12.0	43541.0	43265.2	 0.1001	 100.00	1353.15
    475	400804	     44	    6.0	43543.0	43265.8	 0.1000	 100.00	1353.16
    476	400804	     44	   10.0	43545.0	43266.4	 0.0998	 100.00	1353.14
    477	400804	     44	   10.0	43543.0	43267.0	 0.0998	 100.00	1353.17
    478	400804	     44	   10.0	43545.0	43267.5	 0.0996	 100.00	1353.19
    479	400804	     44	    8.0	43545.0	43268.1	 0.0993	 100.00	1353.21
    480	400804	     44	    8.0	43541.0	43268.7	 0.0995	 100.00	1353.24
    481	400804	     44	    6.0	43547.0	43269.3	 0.0990	 100.00	1353.27
    482	400804	     44	   14.0	43541.0	43269.8	 0.0992	 100.00	1353.29
    483	400804	     44	    8.0	43545.0	43270.4	 0.0987	 100.00	1353.32
    484	400804	     44	   12.0	43541.0	43271.0	 0.0986	 100.00	1353.32
    485	400804	     44	    6.0	43547.0	43271.5	 0.0982	 100.00	1353.31
    486	400804	     44	    8.0	43547.0	43272.1	 0.0982	 100.00	1353.35
    487	400804	     44	   12.0	43547.0	43272.7	 0.0981	 100.00	1353.38
    488	400804	     44	    8.0	43543.0	43273.2	 0.0980	 100.00	1353.42
    489	400804	     44	    8.0	43543.0	43273.8	 0.0974	 100.00	1353.44
    490	400804	     44	    8.0	43547.0	43274.3	 0.0969	 100.00	1353.42
    491	400804	     44	    6.0	43549.0	43274.9	 0.0966	 100.00	1353.46
    492	400804	     44	   26.0	43535.0	43275.4	 0.0976	 100.00	1353.48
    493	400804	     44	    6.0	43537.0	43275.9	 0.0972	 100.00	1353.49
    494	400804	     44	    8.0	43541.0	43276.5	 0.0975	 100.00	1353.47
    495	400804	     44	    8.0	 1285.0	43191.8	 0.0971	 100.00	1352.31
    496	400804	     44	    8.0	    7.0	43104.9	 0.0973	 100.00	1351.36
    497	400804	     44	   12.0	    9.0	43018.4	 0.0969	 100.00	1350.88
    498	400804	     44	    8.0	   11.0	42932.2	 0.0965	 100.00	1350.73
    499	400804	     44	    6.0	    8.0	42846.3	 0.0964	 100.00	1349.63
    500	400804	     44	   12.0	   10.0	42760.8	 0.0963	 100.00	1349.51
    501	400804	     44	    8.0	   11.0	42675.7	 0.0960	 100.00	1349.35
    502	400804	     44	   14.0	    7.0	42590.9	 0.0961	 100.00	1348.50
    503	400804	     44	    6.0	   13.0	42506.4	 0.0957	 100.00	1348.38
    504	400804	     44	    8.0	   13.0	42422.2	 0.0956	 100.00	1348.26
    505	400804	     44	    8.0	    6.0	42338.4	 0.0951	 100.00	1347.40
    506	400804	     44	   10.0	    1.0	42254.9	 0.0946	 100.00	1346.42
    507	400804	     44	   10.0	    3.0	42171.7	 0.0944	 100.00	1345.73
    508	400804	     44	   10.0	    7.0	42088.9	 0.0941	 100.00	1345.10
    509	400804	     44	    6.0	    3.0	42006.4	 0.0936	 100.00	1344.46
    510	400804	     44	   12.0	    0.0	41924.2	 0.0932	 +99.80	1345.73
    511	400804	     44	    6.0	    6.0	41842.3	 0.0928	  99.80	1345.10
    512	400804	     44	   16.0	   14.0	41760.8	 0.0933	  99.81	1345.06
    513	400804	     44	    6.0	   10.0	41679.5	 0.0930	  99.81	1344.68
    514	400804	     44	    8.0	    8.0	41598.6	 0.0932	  99.81	1344.32
    515	400804	     44	   10.0	   11.0	41518.0	 0.0927	  99.81	1343.60
    516	400804	     44	   10.0	    5.0	41437.7	 0.0927	  99.81	1342.99
    517	400804	     44	    6.0	    3.0	41357.7	 0.0925	  99.81	1342.36
    518	400804	     44	   12.0	    3.0	41278.0	 0.0923	  99.81	1341.72
    519	400804	     44	    8.0	    4.0	41198.7	 0.0919	  99.81	1341.06
    520	400804	     44	   10.0	    7.0	41119.6	 0.0919	  99.81	1340.43
    521	400804	     44	    6.0	    8.0	41040.9	 0.0916	  99.81	1339.72
    522	400804	     44	    8.0	    3.0	40962.4	 0.0919	  99.81	1339.09
    523	400804	     44	   12.0	    6.0	40884.2	 0.0922	  99.81	1338.49
    524	400804	     44	   12.0	   10.0	40806.4	 0.0919	  99.81	1337.88
    525	400804	     44	    8.0	    3.0	40728.8	 0.0916	  99.81	1337.40
    526	400804	     44	    8.0	    7.0	40651.5	 0.0913	  99.81	1337.61
    527	400804	     44	    6.0	    9.0	40574.6	 0.0910	  99.81	1337.81
    528	400804	     44	   12.0	   10.0	40497.9	 0.0915	  99.81	1337.85
    529	400804	     44	    8.0	   10.0	40421.5	 0.0912	  99.81	1338.03
    530	400804	     44	   10.0	    8.0	40345.4	 0.0910	  99.81	1338.24
    531	400804	     44	    6.0	    4.0	40269.5	 0.0908	  99.81	1338.11
    532	400804	     44	   10.0	   10.0	40194.0	 0.0903	  99.81	1338.31
    533	400804	     44	   18.0	   12.0	40118.8	 0.0912	  99.81	1338.47
    534	400804	     44	    8.0	   12.0	40043.8	 0.0908	  99.81	1337.77
    535	400804	     44	    6.0	   14.0	39969.1	 0.0904	  99.81	1337.90
    536	400804	     44	   10.0	    9.0	39894.7	 0.0903	  99.81	1338.09
    537	400804	     44	    6.0	    7.0	39820.6	 0.0899	  99.81	1337.49
    538	400804	     44	   14.0	    7.0	39746.7	 0.0899	  99.81	1336.90
    539	400804	     44	    6.0	    8.0	39673.1	 0.0894	  99.81	1336.29
    540	400804	     44	   10.0	    2.0	39599.8	 0.0892	  99.82	1335.70
    541	400804	     44	    8.0	    3.0	39526.7	 0.0889	  99.82	1335.09
    542	400804	     44	   10.0	    0.0	39453.9	 0.0885	 +99.63	1336.49
    543	400804	     44	   12.0	   12.0	39381.4	 0.0885	  99.63	1335.86
    544	400804	     44	    8.0	   12.0	39309.2	 0.0885	  99.63	1335.31
    545	400804	     44	    6.0	    4.0	39237.2	 0.0885	  99.63	1334.78
    546	400804	     44	   10.0	    5.0	39165.5	 0.0882	  99.63	1334.27
    547	400804	     44	    8.0	    2.0	39094.0	 0.0878	  99.64	1334.04
    548	400804	     44	   14.0	    3.0	39022.8	 0.0876	  99.64	1333.85
    549	400804	     44	    6.0	    4.0	38951.9	 0.0874	  99.64	1333.29
    550	400804	     44	    8.0	    5.0	38881.2	 0.0872	  99.64	1332.70
    551	400804	     44	   10.0	    7.0	38810.7	 0.0871	  99.64	1332.92
    552	400804	     44	    8.0	   10.0	38740.6	 0.0870	  99.64	1333.04
    553	400804	     44	   14.0	   12.0	38670.7	 0.0872	  99.64	1333.02
    554	400804	     44	    8.0	   10.0	38601.0	 0.0871	  99.64	1332.43
    555	400804	     44	    6.0	    7.0	38531.6	 0.0868	  99.64	1331.86
    556	400804	     44	   14.0	    4.0	38462.4	 0.0865	  99.64	1331.26
    557	400804	     44	    6.0	    2.0	38393.5	 0.0862	  99.64	1330.66
    558	400804	     44	    8.0	    3.0	38324.8	 0.0860	  99.64	1330.13
    559	400804	     44	   10.0	    9.0	38256.4	 0.0861	  99.64	1329.56
    560	400804	     44	    8.0	   11.0	38188.2	 0.0866	  99.64	1329.00
    561	400804	     44	   10.0	    8.0	38120.3	 0.0868	  99.64	1328.45
    562	400804	     44	    8.0	    6.0	38052.6	 0.0866	  99.64	1327.88
    563	400804	     44	    6.0	    5.0	37985.1	 0.0865	  99.65	1327.34
    564	400804	     44	   16.0	   11.0	37917.9	 0.0867	  99.65	1326.82
    565	400804	     44	    8.0	   10.0	37851.0	 0.0865	  99.65	1326.27
    566	400804	     44	   10.0	    4.0	37784.2	 0.0864	  99.65	1325.76
    567	400804	     44	    6.0	    5.0	37717.7	 0.0863	  99.65	1325.17
    568	400804	     44	    8.0	    9.0	37651.4	 0.0867	  99.65	1324.59
    569	400804	     44	   10.0	   11.0	37585.4	 0.0864	  99.65	1324.07
    570	400804	     44	   10.0	    4.0	37519.6	 0.0863	  99.65	1323.54
    571	400804	     44	    8.0	    4.0	37454.0	 0.0861	  99.65	1323.01
    572	400804	     44	   10.0	    5.0	37388.6	 0.0859	  99.65	1322.51
    573	400804	     44	    6.0	    4.0	37323.5	 0.0857	  99.65	1321.99
    574	400804	     44	   22.0	   12.0	37258.6	 0.0863	  99.65	1321.48
    575	400804	     44	    6.0	   12.0	37193.9	 0.0860	  99.65	1320.98
    576	400804	     44	   10.0	    9.0	37129.5	 0.0861	  99.65	1320.44
    577	400804	     44	    6.0	    5.0	37065.3	 0.0858	  99.65	1319.92
    578	400804	     44	    8.0	    2.0	37001.3	 0.0854	  99.65	1319.42
    579	400804	     44	   12.0	    3.0	36937.5	 0.0853	  99.66	1318.90
    580	400804	     44	   10.0	    5.0	36873.9	 0.0851	  99.66	1318.41
    581	400804	     44	    6.0	    8.0	36810.6	 0.0850	  99.66	1317.94
    582	400804	     44	   10.0	    4.0	36747.4	 0.0847	  99.66	1317.35
    583	400804	     44	    8.0	    3.0	36684.5	 0.0844	  99.66	1316.93
    584	400804	     44	   14.0	    8.0	36621.8	 0.0848	  99.66	1316.36
    585	400804	     44	    6.0	    8.0	36559.3	 0.0847	  99.66	1316.01
    586	400804	     44	    8.0	   12.0	36497.1	 0.0847	  99.66	1316.22
    587	400804	     44	    8.0	    8.0	36435.0	 0.0846	  99.66	1316.43
    588	400804	     44	   12.0	    7.0	36373.2	 0.0846	  99.66	1316.52
    589	400804	     44	   10.0	   11.0	36311.5	 0.0844	  99.66	1316.71
    590	400804	     44	    8.0	   14.0	36250.1	 0.0842	  99.66	1316.92
    591	400804	     44	    6.0	    3.0	36188.9	 0.0839	  99.66	1317.05
    592	400804	     44	   10.0	    7.0	36127.9	 0.0841	  99.66	1317.19
    593	400804	     44	    8.0	    9.0	36067.1	 0.0840	  99.66	1317.37
    594	400804	     44	   16.0	   11.0	36006.5	 0.0843	  99.66	1316.80
    595	400804	     44	    6.0	   13.0	35946.1	 0.0840	  99.66	1316.98
    596	400804	     44	   10.0	   18.0	35885.9	 0.0840	  99.66	1317.17
    597	400804	     44	   10.0	    8.0	35825.9	 0.0839	  99.67	1316.60
    598	400804	     44	    8.0	   12.0	35766.1	 0.0836	  99.67	1316.79
    599	400804	     44	    6.0	    9.0	35706.5	 0.0837	  99.67	1316.81
    600	400804	     44	   12.0	    6.0	35647.1	 0.0839	  99.67	1316.34
    601	400804	     44	    6.0	    8.0	35587.9	 0.0836	  99.67	1316.32
    602	400804	     44	   12.0	   11.0	35528.9	 0.0833	  99.67	1316.33
    603	400804	     44	    6.0	    1.0	35470.1	 0.0830	  99.67	1316.28
    604	400804	     44	   10.0	    9.0	35411.5	 0.0829	  99.67	1316.50
    605	400804	     44	   12.0	   12.0	35353.1	 0.0830	  99.67	1316.71
    606	400804	     44	   10.0	    5.0	35294.8	 0.0827	  99.67	1316.79
    607	400804	     44	    8.0	   13.0	35236.8	 0.0824	  99.67	1316.99
    608	400804	     44	    8.0	    7.0	35178.9	 0.0825	  99.67	1317.22
    609	400804	     44	    6.0	    7.0	35121.3	 0.0823	  99.67	1316.98
    610	400804	     44	   12.0	    9.0	35063.8	 0.0822	  99.67	1317.19
    611	400804	     44	    8.0	   10.0	35006.5	 0.0821	  99.67	1317.35
    612	400804	     44	   12.0	    6.0	34949.4	 0.0819	  99.67	1316.81
    613	400804	     44	    6.0	    8.0	34892.5	 0.0816	  99.67	1317.00
    614	400804	     44	    8.0	    9.0	34835.8	 0.0814	  99.67	1317.12
    615	400804	     44	   18.0	   11.0	34779.3	 0.0819	  99.68	1316.57
    616	400804	     44	    8.0	   17.0	34722.9	 0.0817	  99.68	1316.55
    617	400804	     44	    8.0	   12.0	34666.8	 0.0815	  99.68	1316.54
    618	400804	     44	    8.0	    2.0	34610.8	 0.0813	  99.68	1316.26
    619	400804	     44	    6.0	    8.0	34555.0	 0.0812	  99.68	1316.25
    620	400804	     44	   16.0	   13.0	34499.3	 0.0812	  99.68	1316.36
    621	400804	     44	    6.0	    4.0	34443.9	 0.0809	  99.68	1315.92
    622	400804	     44	    8.0	   12.0	34388.6	 0.0810	  99.68	1316.10
    623	400804	     44	    8.0	    8.0	34333.5	 0.0808	  99.68	1316.28
    624	400804	     44	    8.0	    6.0	34278.6	 0.0808	  99.68	1315.77
    625	400804	     44	   14.0	    8.0	34223.8	 0.0810	  99.68	1315.90
    626	400804	     44	    8.0	   10.0	34169.3	 0.0807	  99.68	1316.12
    627	400804	     44	    6.0	    4.0	34114.9	 0.0807	  99.68	1316.14
    628	400804	     44	   12.0	    6.0	34060.7	 0.0806	  99.68	1315.67
    629	400804	     44	    8.0	    4.0	34006.6	 0.0803	  99.68	1315.25
    630	400804	     44	   12.0	    2.0	33952.7	 0.0802	  99.68	1314.98
    631	400804	     44	    6.0	    5.0	33899.0	 0.0802	  99.68	1314.33
    632	400804	     44	    8.0	   10.0	33845.5	 0.0801	  99.68	1313.80
    633	400804	     44	    8.0	    6.0	33792.1	 0.0799	  99.68	1313.31
    634	400804	     44	   10.0	    0.0	33738.9	 0.0796	 +99.53	1314.47
    635	400804	     44	   14.0	   14.0	33685.8	 0.0797	  99.53	1314.04
    636	400804	     44	   10.0	   16.0	33633.0	 0.0796	  99.53	1313.94
    637	400804	     44	    6.0	    4.0	33580.3	 0.0793	  99.53	1313.99
    638	400804	     44	   12.0	    3.0	33527.7	 0.0793	  99.53	1314.04
    639	400804	     44	    6.0	    9.0	33475.3	 0.0791	  99.53	1313.93
    640	400804	     44	   12.0	    5.0	33423.1	 0.0793	  99.53	1313.81
    641	400804	     44	    6.0	    7.0	33371.1	 0.0791	  99.53	1313.54
    642	400804	     44	    8.0	    4.0	33319.2	 0.0789	  99.53	1313.29
    643	400804	     44	   10.0	    3.0	33267.5	 0.0788	  99.53	1312.96
    644	400804	     44	   10.0	    7.0	33215.9	 0.0786	  99.53	1313.23
    645	400804	     44	    6.0	   18.0	33164.5	 0.0787	  99.54	1313.47
    646	400804	     44	   14.0	    5.0	33113.2	 0.0790	  99.54	1313.72
    647	400804	     44	    8.0	    7.0	33062.2	 0.0788	  99.54	1313.36
    648	400804	     44	   10.0	    5.0	33011.2	 0.0788	  99.54	1313.08
    649	400804	     44	    6.0	    9.0	32960.5	 0.0788	  99.54	1313.33
    650	400804	     44	    8.0	   10.0	32909.8	 0.0789	  99.54	1313.58
    651	400804	     44	   10.0	    8.0	32859.4	 0.0790	  99.54	1313.83
    652	400804	     44	   12.0	    9.0	32809.1	 0.0789	  99.54	1313.61
    653	400804	     44	    8.0	   15.0	32758.9	 0.0788	  99.54	1313.68
    654	400804	     44	    8.0	    7.0	32708.9	 0.0787	  99.54	1313.75
    655	400804	     44	    6.0	    7.0	32659.1	 0.0787	  99.54	1313.80
    656	400804	     45	   26.0	   20.0	32609.4	 0.2474	  99.54	1313.60
    657	400804	     45	    8.0	   22.0	32559.9	 0.2582	  99.54	1313.50
    658	400804	     45	   10.0	   18.0	32510.5	 0.2360	  99.54	1313.55
    659	400804	     45	    6.0	   22.0	32461.3	 0.2059	  99.55	1313.81
    660	400804	     45	   10.0	   22.0	32412.2	 0.1923	  99.55	1314.07
    661	400804	     45	   12.0	   22.0	32363.3	 0.1819	  99.55	1314.31
    662	400804	     45	    8.0	   24.0	32314.5	 0.1708	  99.55	1314.57
    663	400804	     45	    6.0	   28.0	32265.9	 0.1585	  99.55	1314.81
    664	400804	     45	   10.0	   18.0	32217.4	 0.1612	  99.55	1315.07
    665	400804	     45	    6.0	   22.0	32169.0	 0.1536	  99.55	1315.30
    666	400804	     45	   16.0	   18.0	32120.8	 0.1541	  99.55	1315.56
    667	400804	     45	    6.0	   22.0	32072.8	 0.1506	  99.55	1315.78
    668	400804	     45	   10.0	   22.0	32024.9	 0.1479	  99.55	1316.04
    669	400804	     45	    8.0	   20.0	31977.1	 0.1449	  99.55	1316.27
    670	400804	     45	   10.0	   20.0	31929.5	 0.1396	  99.55	1316.52
    671	400804	     45	   10.0	   22.0	31882.0	 0.1387	  99.55	1316.74
    672	400804	     45	    8.0	   18.0	31834.6	 0.1374	  99.55	1316.99
    673	400804	     45	    6.0	   22.0	31787.4	 0.1361	  99.55	1317.24
    674	400804	     45	   10.0	   18.0	31740.4	 0.1334	  99.56	1317.48
    675	400804	     45	    8.0	   20.0	31693.4	 0.1302	  99.56	1317.72
    676	400804	     45	   18.0	   18.0	31646.7	 0.1335	  99.56	1317.95
    677	400804	     45	    6.0	   22.0	31600.0	 0.1342	  99.56	1318.19
    678	400804	     45	    8.0	   24.0	31553.5	 0.1304	  99.56	1318.41
    679	400804	     45	   10.0	   20.0	31507.1	 0.1303	  99.56	1318.65
    680	400804	     45	    8.0	   16.0	31460.9	 0.1282	  99.56	1318.89
    681	400804	     45	   10.0	   18.0	31414.8	 0.1278	  99.56	1319.12
    682	400804	     45	    8.0	   20.0	31368.8	 0.1269	  99.56	1319.34
    683	400804	     45	    6.0	   24.0	31323.0	 0.1241	  99.56	1319.58
    684	400804	     45	   14.0	   16.0	31277.3	 0.1240	  99.56	1319.80
    685	400804	     45	    6.0	   20.0	31231.7	 0.1220	  99.56	1320.03
    686	400804	     45	    8.0	   22.0	31186.3	 0.1206	  99.56	1320.27
    687	400804	     45	   12.0	   22.0	31141.0	 0.1216	  99.56	1320.49
    688	400804	     45	    8.0	   18.0	31095.8	 0.1221	  99.56	1320.73
    689	400804	     45	   10.0	   14.0	31050.8	 0.1212	  99.57	1320.95
    690	400804	     45	    8.0	   16.0	31005.9	 0.1198	  99.57	1321.18
    691	400804	     45	    6.0	   20.0	30961.1	 0.1194	  99.57	1321.38
    692	400804	     45	   14.0	   18.0	30916.4	 0.1199	  99.57	1321.60
    693	400804	     45	    8.0	   20.0	30871.9	 0.1205	  99.57	1321.80
    694	400804	     45	   10.0	   16.0	30827.5	 0.1186	  99.57	1322.02
    695	400804	     45	    6.0	   20.0	30783.3	 0.1192	  99.57	1322.21
    696	400804	     45	    8.0	   16.0	30739.1	 0.1191	  99.57	1322.41
    697	400804	     45	   16.0	   20.0	30695.1	 0.1231	  99.57	1322.60
    698	400804	     45	   10.0	   20.0	30651.2	 0.1210	  99.57	1322.82
    699	400804	     45	    8.0	   18.0	30607.5	 0.1205	  99.57	1323.02
    700	400804	     45	   10.0	   18.0	30563.8	 0.1222	  99.57	1323.23
    701	400804	     45	    6.0	   22.0	30520.3	 0.1207	  99.57	1323.43
    702	400804	     45	   14.0	   20.0	30476.9	 0.1207	  99.57	1323.64
    703	400804	     45	    6.0	   24.0	30433.7	 0.1196	  99.57	1323.84
    704	400804	     45	   10.0	   14.0	30390.5	 0.1202	  99.57	1324.04
    705	400804	     45	    6.0	   18.0	30347.5	 0.1204	  99.58	1324.24
    706	400804	     45	    8.0	   20.0	30304.6	 0.1201	  99.58	1324.44
    707	400804	     45	   14.0	   18.0	30261.8	 0.1212	  99.58	1324.64
    708	400804	     45	   10.0	   18.0	30219.2	 0.1202	  99.58	1324.84
    709	400804	     45	    6.0	   22.0	30176.6	 0.1198	  99.58	1325.04
    710	400804	     45	   10.0	   18.0	30134.2	 0.1194	  99.58	1325.23
    711	400804	     45	    8.0	   20.0	30091.9	 0.1181	  99.58	1325.43
    712	400804	     45	   12.0	   14.0	30049.8	 0.1185	  99.58	1325.61
    713	400804	     45	    6.0	   18.0	30007.7	 0.1190	  99.58	1325.81
    714	400804	     45	    8.0	   20.0	29965.7	 0.1181	  99.58	1326.01
    715	400804	     45	    8.0	   18.0	29923.9	 0.1182	  99.58	1326.20
    716	400804	     45	   12.0	   16.0	29882.2	 0.1172	  99.58	1326.41
    717	400804	     45	   14.0	   18.0	29840.6	 0.1185	  99.58	1326.58
    718	400804	     45	    8.0	   20.0	29799.1	 0.1177	  99.58	1326.79
    719	400804	     45	    6.0	   24.0	29757.8	 0.1176	  99.58	1326.97
    720	400804	     45	   10.0	   14.0	29716.5	 0.1176	  99.58	1327.18
    721	400804	     45	    8.0	   16.0	29675.4	 0.1164	  99.58	1327.36
    722	400804	     45	   12.0	   16.0	29634.4	 0.1161	  99.59	1327.55
    723	400804	     45	    6.0	   20.0	29593.5	 0.1154	  99.59	1327.73
    724	400804	     45	   10.0	   20.0	29552.7	 0.1154	  99.59	1327.93
    725	400804	     45	   10.0	   16.0	29512.0	 0.1144	  99.59	1328.11
    726	400804	     45	    8.0	   18.0	29471.4	 0.1134	  99.59	1328.31
    727	400804	     45	    6.0	   22.0	29431.0	 0.1119	  99.59	1328.50
    728	400804	     45	   14.0	   14.0	29390.6	 0.1130	  99.59	1328.70
    729	400804	     45	    6.0	   18.0	29350.4	 0.1121	  99.59	1328.89
    730	400804	     45	   12.0	   12.0	29310.3	 0.1114	  99.59	1329.07
    731	400804	     45	    6.0	   16.0	29270.2	 0.1100	  99.59	1329.26
    732	400804	     45	   10.0	   16.0	29230.3	 0.1100	  99.59	1329.46
    733	400804	     45	   10.0	   18.0	29190.5	 0.1102	  99.59	1329.65
    734	400804	     45	   10.0	   18.0	29150.8	 0.1090	  99.59	1329.84
    735	400804	     45	    8.0	   16.0	29111.2	 0.1079	  99.59	1330.03
    736	400804	     45	    8.0	   12.0	29071.8	 0.1083	  99.59	1330.21
    737	400804	     45	    6.0	   16.0	29032.4	 0.1082	  99.59	1330.40
    738	400804	     45	   20.0	   20.0	28993.1	 0.1103	  99.59	1330.59
    739	400804	     45	    8.0	   22.0	28954.0	 0.1096	  99.59	1330.78
    740	400804	     45	   12.0	   16.0	28914.9	 0.1095	  99.60	1330.96
    741	400804	     45	    6.0	   20.0	28876.0	 0.1087	  99.60	1331.14
    742	400804	     45	    8.0	   22.0	28837.2	 0.1079	  99.60	1331.32
    743	400804	     45	   12.0	   22.0	28798.4	 0.1075	  99.60	1331.51
    744	400804	     45	    8.0	   18.0	28759.8	 0.1074	  99.60	1331.70
    745	400804	     45	    8.0	   16.0	28721.3	 0.1064	  99.60	1331.88
    746	400804	     45	    8.0	   18.0	28682.8	 0.1058	  99.60	1332.08
    747	400804	     45	    6.0	   22.0	28644.5	 0.1047	  99.60	1332.26
    748	400804	     45	   18.0	   16.0	28606.3	 0.1054	  99.60	1332.45
    749	400804	     45	    6.0	   20.0	28568.2	 0.1044	  99.60	1332.62
    750	400804	     45	    8.0	   22.0	28530.2	 0.1041	  99.60	1332.81
    751	400804	     45	    8.0	   20.0	28492.3	 0.1030	  99.60	1332.99
    752	400804	     45	    8.0	   16.0	28454.4	 0.1034	  99.60	1333.18
    753	400804	     45	   12.0	   16.0	28416.7	 0.1027	  99.60	1333.36
    754	400804	     45	    8.0	   18.0	28379.1	 0.1020	  99.60	1333.55
    755	400804	     45	    6.0	   22.0	28341.6	 0.1023	  99.60	1333.44
