./asc:main.c:225: warning: auxv random bytes were not cleared
  Round	    PC	Excited	Hamming	   Loss	 Regret	    MSE	Logloss	 Misses	   MIPS
      0	400144	     31	    0.0	42313.0	42313.0	 0.0000	    inf	 100.00	0.00012
      1	400824	     31	    0.0	 1289.0	  644.5	 0.0000	    inf	 100.00	 241.36
./asc:main.c:284: warning: worker pid `12660' SIGSEGV: bad speculation?
      2	400824	     35	    9.0	 1215.0	  405.0	 0.2525	28.1172	 100.00	 496.94
      3	400824	     37	   11.0	 1218.0	  304.5	 0.2486	26.8689	 100.00	 590.46
      4	400824	     38	   10.0	 1216.0	  486.8	 0.2492	29.7842	 100.00	 674.71
      5	400824	     38	    7.0	 1221.0	  609.2	 0.2335	21.2019	 100.00	 685.80
      6	400824	     39	   13.0	 1218.0	  696.1	 0.2531	31.4816	 100.00	 780.28
      7	400824	     39	    9.0	 1223.0	  762.0	 0.2343	22.0180	 100.00	 785.47
      8	400824	     39	   11.0	 1218.0	  812.7	 0.2155	13.4606	 100.00	 828.62
      9	400824	     39	    6.0	 1218.0	  853.2	 0.1997	14.7474	 100.00	 860.10
     10	400824	     39	    8.0	 1218.0	  886.4	 0.1863	13.0676	 100.00	 892.93
     11	400824	     40	   12.0	 1218.0	  914.0	 0.2531	30.4935	 100.00	 941.67
     12	400824	     40	   13.0	 1221.0	  937.6	 0.2443	23.2848	 100.00	 949.86
     13	400824	     40	    8.0	 1221.0	  957.9	 0.2151	11.7029	 100.00	 972.72
     14	400824	     40	    8.0	 1221.0	  975.4	 0.1948	 9.0096	 100.00	 993.40
     15	400824	     40	    6.0	 1221.0	  990.8	 0.1773	 8.7213	 100.00	1013.24
     16	400824	     40	   13.0	 1218.0	 1004.1	 0.1823	22.0252	 100.00	1029.61
     17	400824	     40	    9.0	 1223.0	 1016.3	 0.1763	14.5608	 100.00	1042.28
     18	400824	     40	   11.0	 1218.0	 1026.9	 0.1621	 5.3193	 100.00	1056.22
     19	400824	     40	    7.0	 1223.0	 1036.7	 0.1602	19.0198	 100.00	1068.38
     20	400824	     40	   10.0	 1221.0	 1045.5	 0.1559	 9.7674	 100.00	1079.63
     21	400824	     41	   17.0	 1222.0	 1053.5	 0.2473	30.7193	 100.00	1096.68
     22	400824	     41	    9.0	 1219.0	 1060.7	 0.2356	24.0431	 100.00	1093.37
     23	400824	     41	    7.0	 1222.0	 1067.4	 0.2071	12.0709	 100.00	1102.54
     24	400824	     41	   11.0	 1219.0	 1073.5	 0.2036	12.3143	 100.00	1111.17
     25	400824	     41	    6.0	 1219.0	 1079.1	 0.1883	14.5507	 100.00	1115.45
     26	400824	     41	   14.0	 1221.0	 1084.3	 0.1803	14.5915	 100.00	1120.11
     27	400824	     41	    6.0	 1221.0	 1089.2	 0.1673	 8.3753	 100.00	1123.90
     28	400824	     41	   11.0	 1222.0	 1093.8	 0.1659	15.7711	 100.00	1127.79
     29	400824	     41	    8.0	 1222.0	 1098.1	 0.1601	14.2424	 100.00	1131.32
     30	400824	     41	   10.0	 1222.0	 1102.1	 0.1525	 6.1963	 100.00	1134.29
     31	400824	     41	   12.0	 1222.0	 1105.8	 0.1530	14.2930	 100.00	1137.50
     32	400824	     41	    9.0	 1219.0	 1109.2	 0.1539	16.8281	 100.00	1141.78
     33	400824	     41	    7.0	 1222.0	 1112.6	 0.1514	14.9008	 100.00	1147.44
     34	400824	     41	   11.0	 1219.0	 1115.6	 0.1487	 6.7771	 100.00	1153.86
     35	400824	     41	    9.0	 1222.0	 1118.6	 0.1444	 6.0809	 100.00	1158.95
     36	400824	     41	   14.0	 1222.0	 1121.4	 0.1473	12.2843	 100.00	1163.31
     37	400824	     41	    7.0	 1227.0	 1124.1	 0.1462	10.2305	 100.00	1167.72
     38	400824	     41	    9.0	 1222.0	 1126.6	 0.1413	 5.1630	 100.00	1171.87
     39	400824	     41	   11.0	 1227.0	 1129.2	 0.1390	 9.0040	 100.00	1175.94
     40	400824	     41	    9.0	 1222.0	 1131.4	 0.1396	14.7225	 100.00	1179.71
     41	400824	     42	   16.0	 1218.0	 1133.5	 0.2502	30.2807	 100.00	1185.76
     42	400824	     42	    8.0	 1218.0	 1135.4	 0.2462	31.1579	 100.00	1183.19
     43	400824	     42	    6.0	 1218.0	 1137.3	 0.2197	13.1402	 100.00	1186.83
     44	400824	     42	   15.0	 1221.0	 1139.2	 0.2029	11.0540	 100.00	1189.67
     45	400824	     42	    6.0	 1221.0	 1141.0	 0.1909	15.1592	 100.00	1192.35
     46	400824	     42	    8.0	 1221.0	 1142.7	 0.1765	 9.1730	 100.00	1195.21
     47	400824	     42	   10.0	 1223.0	 1144.3	 0.1711	 8.6121	 100.00	1197.45
     48	400824	     42	    9.0	 1218.0	 1145.8	 0.1705	19.0185	 100.00	1198.09
     49	400824	     42	   11.0	 1223.0	 1147.4	 0.1645	12.2842	 100.00	1198.81
     50	400824	     42	    9.0	 1218.0	 1148.8	 0.1543	 6.0979	 100.00	1199.57
     51	400824	     42	    7.0	 1223.0	 1150.2	 0.1496	11.9838	 100.00	1200.28
     52	400824	     42	   16.0	 1221.0	 1151.5	 0.1556	32.4634	 100.00	1201.03
     53	400824	     42	    9.0	 1224.0	 1152.9	 0.1539	13.0198	 100.00	1202.95
     54	400824	     42	   11.0	 1221.0	 1154.1	 0.1464	 2.9829	 100.00	1205.59
     55	400824	     42	    7.0	 1224.0	 1155.4	 0.1478	14.0406	 100.00	1207.92
     56	400824	     42	    9.0	 1221.0	 1156.5	 0.1473	13.0542	 100.00	1210.43
     57	400824	     42	   10.0	 1223.0	 1157.7	 0.1464	 9.8061	 100.00	1212.72
     58	400824	     42	   10.0	 1223.0	 1158.8	 0.1433	 9.5042	 100.00	1215.09
     59	400824	     42	    8.0	 1223.0	 1159.8	 0.1414	 8.1120	 100.00	1217.19
     60	400824	     42	   11.0	 1224.0	 1160.9	 0.1418	11.9986	 100.00	1219.37
     61	400824	     42	    6.0	 1224.0	 1161.9	 0.1389	 6.5006	 100.00	1221.39
     62	400824	     42	   18.0	 1222.0	 1162.9	 0.1418	21.7032	 100.00	1223.48
     63	400824	     42	    6.0	 1222.0	 1163.8	 0.1387	 7.6782	 100.00	1225.42
     64	400824	     42	   11.0	 1219.0	 1164.6	 0.1391	14.0658	 100.00	1227.39
     65	400824	     42	    7.0	 1222.0	 1165.5	 0.1383	15.3031	 100.00	1229.03
     66	400824	     42	    9.0	 1219.0	 1166.3	 0.1364	 6.5122	 100.00	1230.91
     67	400824	     42	   13.0	 1224.0	 1167.1	 0.1358	 6.3356	 100.00	1232.66
     68	400824	     42	   10.0	 1222.0	 1167.9	 0.1367	10.3801	 100.00	1234.57
     69	400824	     42	    7.0	 1227.0	 1168.8	 0.1356	 9.4287	 100.00	1236.10
     70	400824	     42	   11.0	 1222.0	 1169.5	 0.1342	 6.9888	 100.00	1237.86
     71	400824	     42	    9.0	 1227.0	 1170.3	 0.1323	 7.1442	 100.00	1238.97
     72	400824	     42	   15.0	 1222.0	 1171.0	 0.1354	21.3065	 100.00	1240.43
     73	400824	     42	    6.0	 1222.0	 1171.7	 0.1326	 3.5636	 100.00	1241.87
     74	400824	     42	    8.0	 1222.0	 1172.4	 0.1317	 9.3346	 100.00	1243.26
     75	400824	     42	    8.0	 1222.0	 1173.1	 0.1311	 8.8687	 100.00	1244.59
     76	400824	     42	   13.0	 1225.0	 1173.7	 0.1301	11.8340	 100.00	1245.81
     77	400824	     42	   10.0	 1227.0	 1174.4	 0.1301	 6.3992	 100.00	1247.08
     78	400824	     42	    8.0	 1227.0	 1175.1	 0.1296	17.6165	 100.00	1248.30
     79	400824	     42	    6.0	 1227.0	 1175.7	 0.1285	 3.9733	 100.00	1249.56
     80	400824	     42	   11.0	 1222.0	 1176.3	 0.1281	10.6189	 100.00	1250.76
     81	400824	     42	    9.0	 1227.0	 1176.9	 0.1299	 7.7331	 100.00	1251.95
     82	400824	     43	   21.0	 1216.0	 1177.4	 0.2515	32.3578	 100.00	1253.84
     83	400824	     43	    7.0	 1221.0	 1177.9	 0.2479	30.7451	 100.00	1251.08
     84	400824	     43	   10.0	 1219.0	 1178.4	 0.2241	11.2637	 100.00	1252.37
     85	400824	     43	   11.0	 1222.0	 1178.9	 0.2033	12.6026	 100.00	1253.60
     86	400824	     43	    9.0	 1219.0	 1179.4	 0.1825	 9.4572	 100.00	1254.58
     87	400824	     43	    7.0	 1222.0	 1179.8	 0.1686	10.3532	 100.00	1255.76
     88	400824	     43	   13.0	 1221.0	 1180.3	 0.1766	32.1699	 100.00	1256.64
     89	400824	     43	    6.0	 1221.0	 1180.8	 0.1698	 9.4706	 100.00	1257.74
     90	400824	     43	   12.0	 1221.0	 1181.2	 0.1611	 5.0279	 100.00	1259.43
     91	400824	     43	    6.0	 1221.0	 1181.6	 0.1554	 9.4681	 100.00	1260.61
     92	400824	     43	   11.0	 1222.0	 1182.1	 0.1557	21.2869	 100.00	1261.56
     93	400824	     43	   12.0	 1222.0	 1182.5	 0.1565	23.0151	 100.00	1262.65
     94	400824	     43	   10.0	 1222.0	 1182.9	 0.1534	 7.2224	 100.00	1263.48
     95	400824	     43	    8.0	 1222.0	 1183.3	 0.1469	 3.5020	 100.00	1264.40
     96	400824	     43	    9.0	 1219.0	 1183.7	 0.1485	12.2396	 100.00	1265.31
     97	400824	     43	    7.0	 1222.0	 1184.1	 0.1484	23.4172	 100.00	1266.27
     98	400824	     43	   13.0	 1221.0	 1184.4	 0.1467	 9.4527	 100.00	1267.17
     99	400824	     43	    9.0	 1224.0	 1184.8	 0.1426	 4.8479	 100.00	1268.09
    100	400824	     43	   12.0	 1222.0	 1185.2	 0.1430	22.7630	 100.00	1268.89
    101	400824	     43	    7.0	 1227.0	 1185.6	 0.1429	13.4934	 100.00	1269.85
    102	400824	     43	    9.0	 1222.0	 1186.0	 0.1383	 1.1259	 100.00	1270.69
    103	400824	     43	   17.0	 1225.0	 1186.3	 0.1440	38.2678	 100.00	1271.62
    104	400824	     43	    9.0	 1220.0	 1186.7	 0.1423	14.1687	 100.00	1272.83
    105	400824	     43	    8.0	 1220.0	 1187.0	 0.1405	12.2570	 100.00	1273.74
    106	400824	     43	    8.0	 1220.0	 1187.3	 0.1385	10.9123	 100.00	1274.40
    107	400824	     43	    6.0	 1220.0	 1187.6	 0.1353	 6.0102	 100.00	1275.13
    108	400824	     43	   17.0	 1225.0	 1187.9	 0.1368	27.5429	 100.00	1275.63
    109	400824	     43	    6.0	 1225.0	 1188.3	 0.1338	 4.8912	 100.00	1276.24
    110	400824	     43	    8.0	 1225.0	 1188.6	 0.1322	10.9482	 100.00	1276.90
    111	400824	     43	    8.0	 1225.0	 1188.9	 0.1309	 6.9392	 100.00	1277.58
    112	400824	     43	    9.0	 1220.0	 1189.2	 0.1304	 8.3102	 100.00	1278.05
    113	400824	     43	   15.0	 1225.0	 1189.5	 0.1314	67.3855	 100.00	1278.62
    114	400824	     43	    9.0	 1220.0	 1189.8	 0.1337	 5.2842	 100.00	1279.19
    115	400824	     43	    7.0	 1225.0	 1190.1	 0.1327	 5.0499	 100.00	1279.88
    116	400824	     43	   12.0	 1223.0	 1190.4	 0.1343	 6.8998	 100.00	1280.40
    117	400824	     43	    9.0	 1226.0	 1190.7	 0.1330	 2.0572	 100.00	1280.90
    118	400824	     43	   13.0	 1225.0	 1191.0	 0.1336	 6.7763	 100.00	1281.53
    119	400824	     43	    7.0	 1228.0	 1191.3	 0.1323	 4.4580	 100.00	1282.12
    120	400824	     43	    9.0	 1225.0	 1191.5	 0.1331	11.2730	 100.00	1282.74
    121	400824	     43	    8.0	 1225.0	 1191.8	 0.1315	 5.8475	 100.00	1283.33
    122	400824	     43	   10.0	 1225.0	 1192.1	 0.1312	 4.5823	 100.00	1283.95
    123	400824	     43	   16.0	 1221.0	 1192.3	 0.1335	 9.3715	 100.00	1284.29
    124	400824	     43	   11.0	 1222.0	 1192.6	 0.1345	 9.4429	 100.00	1284.91
    125	400824	     43	    6.0	 1222.0	 1192.8	 0.1341	 5.3536	 100.00	1285.48
    126	400824	     43	   12.0	 1222.0	 1193.0	 0.1336	 9.7082	 100.00	1286.05
    127	400824	     43	    6.0	 1222.0	 1193.2	 0.1324	 4.0048	 100.00	1286.57
    128	400824	     43	   13.0	 1221.0	 1193.5	 0.1339	29.4990	 100.00	1287.11
    129	400824	     43	    7.0	 1224.0	 1193.7	 0.1331	 4.7876	 100.00	1287.46
    130	400824	     43	    9.0	 1221.0	 1193.9	 0.1318	 3.1382	 100.00	1287.93
    131	400824	     43	   11.0	 1224.0	 1194.1	 0.1322	17.8881	 100.00	1288.36
    132	400824	     43	   10.0	 1222.0	 1194.3	 0.1309	 8.2690	 100.00	1288.84
    133	400824	     43	    7.0	 1227.0	 1194.6	 0.1304	 5.3319	 100.00	1289.26
    134	400824	     43	   15.0	 1222.0	 1194.8	 0.1319	25.1219	 100.00	1289.70
    135	400824	     43	    9.0	 1227.0	 1195.0	 0.1310	 3.8733	 100.00	1289.99
    136	400824	     43	   11.0	 1222.0	 1195.2	 0.1320	17.4210	 100.00	1290.45
    137	400824	     43	    6.0	 1222.0	 1195.4	 0.1306	 2.7638	 100.00	1290.90
    138	400824	     43	    8.0	 1222.0	 1195.6	 0.1301	 6.4836	 100.00	1291.35
    139	400824	     43	   10.0	 1224.0	 1195.8	 0.1302	 4.7728	 100.00	1291.69
    140	400824	     43	   13.0	 1227.0	 1196.0	 0.1303	 9.1064	 100.00	1292.11
    141	400824	     43	    8.0	 1227.0	 1196.3	 0.1295	 3.4265	 100.00	1292.49
    142	400824	     43	    8.0	 1227.0	 1196.5	 0.1294	 5.6473	 100.00	1292.92
    143	400824	     43	    6.0	 1227.0	 1196.7	 0.1289	 2.5548	 100.00	1293.26
    144	400824	     43	   17.0	 1220.0	 1196.8	 0.1311	18.3081	 100.00	1293.68
    145	400824	     43	    9.0	 1225.0	 1197.0	 0.1309	 4.6480	 100.00	1293.99
    146	400824	     43	   11.0	 1220.0	 1197.2	 0.1300	 3.6315	 100.00	1294.40
    147	400824	     43	    7.0	 1225.0	 1197.4	 0.1298	 5.5360	 100.00	1294.69
    148	400824	     43	   10.0	 1223.0	 1197.6	 0.1295	 3.7687	 100.00	1295.07
    149	400824	     43	   13.0	 1228.0	 1197.8	 0.1292	 5.2356	 100.00	1295.43
    150	400824	     43	    9.0	 1225.0	 1197.9	 0.1286	 2.8180	 100.00	1295.81
    151	400824	     43	    7.0	 1228.0	 1198.1	 0.1282	 9.5035	 100.00	1296.16
    152	400824	     43	   11.0	 1225.0	 1198.3	 0.1291	11.3924	 100.00	1296.54
    153	400824	     43	    6.0	 1225.0	 1198.5	 0.1282	 3.9877	 100.00	1296.78
    154	400824	     43	   16.0	 1225.0	 1198.7	 0.1282	14.3861	 100.00	1297.15
    155	400824	     43	    6.0	 1225.0	 1198.8	 0.1268	 1.6057	 100.00	1297.50
    156	400824	     43	   11.0	 1226.0	 1199.0	 0.1279	18.6936	 100.00	1297.88
    157	400824	     43	    8.0	 1226.0	 1199.2	 0.1273	 2.0176	 100.00	1298.22
    158	400824	     43	   10.0	 1226.0	 1199.3	 0.1268	 4.9602	 100.00	1298.60
    159	400824	     43	   10.0	 1228.0	 1199.5	 0.1264	 7.0343	 100.00	1298.82
    160	400824	     43	    9.0	 1225.0	 1199.7	 0.1261	 2.2373	 100.00	1299.14
    161	400824	     43	    7.0	 1228.0	 1199.8	 0.1261	16.7376	 100.00	1299.50
    162	400824	     43	   11.0	 1225.0	 1200.0	 0.1260	 1.5914	 100.00	1299.83
    163	400824	     43	    9.0	 1228.0	 1200.2	 0.1249	 7.2159	 100.00	1300.15
    164	400824	     44	   24.0	 1218.0	 1200.3	 0.2507	31.0767	 100.00	1300.57
    165	400824	     44	    7.0	 1223.0	 1200.4	 0.2542	34.5302	 100.00	1298.99
    166	400824	     44	    9.0	 1218.0	 1200.5	 0.2289	13.0427	 100.00	1299.44
    167	400824	     44	   11.0	 1223.0	 1200.7	 0.1982	 7.8588	 100.00	1299.83
    168	400824	     44	    9.0	 1218.0	 1200.8	 0.1962	14.0407	 100.00	1300.06
    169	400824	     44	   10.0	 1220.0	 1200.9	 0.1871	16.2141	 100.00	1300.46
    170	400824	     44	    8.0	 1220.0	 1201.0	 0.1811	16.5468	 100.00	1300.70
    171	400824	     44	    6.0	 1220.0	 1201.1	 0.1667	 5.1730	 100.00	1300.98
    172	400824	     44	   15.0	 1223.0	 1201.2	 0.1653	 9.4727	 100.00	1301.32
    173	400824	     44	    6.0	 1223.0	 1201.3	 0.1588	15.2171	 100.00	1301.66
    174	400824	     44	    8.0	 1223.0	 1201.5	 0.1530	 7.9657	 100.00	1301.88
    175	400824	     44	   12.0	 1223.0	 1201.6	 0.1540	13.2954	 100.00	1302.22
    176	400824	     44	    9.0	 1218.0	 1201.7	 0.1537	11.8468	 100.00	1302.42
    177	400824	     44	   11.0	 1223.0	 1201.8	 0.1510	15.7067	 100.00	1302.76
    178	400824	     44	    9.0	 1218.0	 1201.9	 0.1459	 5.3993	 100.00	1303.10
    179	400824	     44	    7.0	 1223.0	 1202.0	 0.1423	10.8559	 100.00	1303.45
    180	400824	     44	   14.0	 1223.0	 1202.1	 0.1457	12.4261	 100.00	1303.79
    181	400824	     44	    9.0	 1226.0	 1202.3	 0.1422	11.6542	 100.00	1304.14
    182	400824	     44	   11.0	 1223.0	 1202.4	 0.1390	 7.4940	 100.00	1304.42
    183	400824	     44	    7.0	 1226.0	 1202.5	 0.1367	15.6455	 100.00	1304.77
    184	400824	     44	    9.0	 1223.0	 1202.6	 0.1365	11.3615	 100.00	1305.07
    185	400824	     44	   14.0	 1221.0	 1202.7	 0.1384	14.9812	 100.00	1305.43
    186	400824	     44	   10.0	 1221.0	 1202.8	 0.1384	13.6304	 100.00	1305.71
    187	400824	     44	    8.0	 1221.0	 1202.9	 0.1367	 4.3628	 100.00	1306.06
    188	400824	     44	   11.0	 1222.0	 1203.0	 0.1383	11.3512	 100.00	1306.28
    189	400824	     44	    6.0	 1222.0	 1203.1	 0.1373	 5.6922	 100.00	1306.56
    190	400824	     44	   14.0	 1224.0	 1203.2	 0.1367	 7.9931	 100.00	1306.83
    191	400824	     44	    6.0	 1224.0	 1203.3	 0.1346	 5.4919	 100.00	1307.12
    192	400824	     44	   11.0	 1221.0	 1203.4	 0.1356	12.3331	 100.00	1307.36
    193	400824	     44	    7.0	 1224.0	 1203.5	 0.1353	 9.5479	 100.00	1307.65
    194	400824	     44	    9.0	 1221.0	 1203.6	 0.1324	 3.8988	 100.00	1307.86
    195	400824	     44	   15.0	 1224.0	 1203.7	 0.1334	18.4501	 100.00	1308.13
    196	400824	     44	   10.0	 1222.0	 1203.8	 0.1329	 9.5885	 100.00	1308.38
    197	400824	     44	    7.0	 1227.0	 1203.9	 0.1311	15.4705	 100.00	1308.66
    198	400824	     44	   11.0	 1222.0	 1204.0	 0.1313	 9.2423	 100.00	1308.91
    199	400824	     44	    9.0	 1227.0	 1204.1	 0.1295	 5.7698	 100.00	1309.19
    200	400824	     44	   13.0	 1224.0	 1204.2	 0.1307	 8.2114	 100.00	1309.37
    201	400824	     44	    6.0	 1224.0	 1204.3	 0.1309	 8.3728	 100.00	1309.64
    202	400824	     44	    8.0	 1224.0	 1204.4	 0.1297	11.2212	 100.00	1309.88
    203	400824	     44	    8.0	 1224.0	 1204.5	 0.1304	 6.2601	 100.00	1310.15
    204	400824	     44	   13.0	 1227.0	 1204.6	 0.1295	 6.7384	 100.00	1310.37
    205	400824	     44	   16.0	 1223.0	 1204.7	 0.1332	23.6347	 100.00	1310.66
    206	400824	     44	    8.0	 1223.0	 1204.8	 0.1318	 6.2676	 100.00	1310.79
    207	400824	     44	    6.0	 1223.0	 1204.9	 0.1298	 3.3725	 100.00	1311.04
    208	400824	     44	   11.0	 1218.0	 1205.0	 0.1302	11.0791	 100.00	1311.27
    209	400824	     44	    9.0	 1223.0	 1205.0	 0.1293	 7.9917	 100.00	1311.51
    210	400824	     44	   13.0	 1220.0	 1205.1	 0.1291	17.6866	 100.00	1311.75
    211	400824	     44	    7.0	 1225.0	 1205.2	 0.1271	 5.4667	 100.00	1311.95
    212	400824	     44	   10.0	 1223.0	 1205.3	 0.1262	 7.1526	 100.00	1312.17
    213	400824	     44	   11.0	 1226.0	 1205.4	 0.1252	10.1125	 100.00	1312.41
    214	400824	     44	    9.0	 1223.0	 1205.5	 0.1252	 5.4858	 100.00	1312.64
    215	400824	     44	    7.0	 1226.0	 1205.6	 0.1241	10.3552	 100.00	1312.85
    216	400824	     44	   15.0	 1223.0	 1205.6	 0.1274	15.3296	 100.00	1313.00
    217	400824	     44	    6.0	 1223.0	 1205.7	 0.1262	 2.2075	 100.00	1313.09
    218	400824	     44	   12.0	 1223.0	 1205.8	 0.1254	 8.3039	 100.00	1313.26
    219	400824	     44	    6.0	 1223.0	 1205.9	 0.1240	 2.1889	 100.00	1313.44
    220	400824	     44	   11.0	 1224.0	 1206.0	 0.1242	10.2959	 100.00	1313.58
    221	400824	     44	   10.0	 1226.0	 1206.1	 0.1250	 8.2026	 100.00	1313.76
    222	400824	     44	   10.0	 1226.0	 1206.1	 0.1241	 2.9207	 100.00	1313.92
    223	400824	     44	    8.0	 1226.0	 1206.2	 0.1233	 5.2799	 100.00	1313.99
    224	400824	     44	    9.0	 1223.0	 1206.3	 0.1226	 7.2088	 100.00	1314.15
    225	400824	     44	    7.0	 1226.0	 1206.4	 0.1217	 6.1457	 100.00	1314.27
    226	400824	     44	   17.0	 1221.0	 1206.5	 0.1224	11.8533	 100.00	1314.43
    227	400824	     44	    9.0	 1224.0	 1206.5	 0.1221	 6.6351	 100.00	1314.53
    228	400824	     44	   12.0	 1222.0	 1206.6	 0.1226	10.0383	 100.00	1314.68
    229	400824	     44	    7.0	 1227.0	 1206.7	 0.1211	 5.1966	 100.00	1314.77
    230	400824	     44	    9.0	 1222.0	 1206.8	 0.1200	 7.3032	 100.00	1314.93
    231	400824	     44	   13.0	 1229.0	 1206.9	 0.1204	20.3310	 100.00	1315.10
    232	400824	     44	    9.0	 1224.0	 1206.9	 0.1195	 2.3736	 100.00	1315.31
    233	400824	     44	    8.0	 1224.0	 1207.0	 0.1187	 6.0336	 100.00	1315.50
    234	400824	     44	    8.0	 1224.0	 1207.1	 0.1182	 2.9727	 100.00	1315.71
    235	400824	     44	    6.0	 1224.0	 1207.1	 0.1175	 3.8271	 100.00	1315.82
    236	400824	     44	   19.0	 1227.0	 1207.2	 0.1186	20.0269	 100.00	1316.03
    237	400824	     44	    6.0	 1227.0	 1207.3	 0.1171	 2.8737	 100.00	1316.18
    238	400824	     44	    8.0	 1227.0	 1207.4	 0.1161	 2.9968	 100.00	1316.33
    239	400824	     44	    8.0	 1227.0	 1207.5	 0.1151	 3.8908	 100.00	1316.46
    240	400824	     44	    9.0	 1222.0	 1207.5	 0.1145	 2.4817	 100.00	1316.62
    241	400824	     44	   13.0	 1229.0	 1207.6	 0.1144	 8.2316	 100.00	1316.71
    242	400824	     44	    9.0	 1224.0	 1207.7	 0.1143	 3.4276	 100.00	1316.85
    243	400824	     44	    7.0	 1229.0	 1207.8	 0.1134	 5.9898	 100.00	1316.98
    244	400824	     44	   12.0	 1227.0	 1207.9	 0.1133	18.3120	 100.00	1317.13
    245	400824	     44	    9.0	 1230.0	 1207.9	 0.1128	 7.7031	 100.00	1317.26
    246	400824	     44	   21.0	 1221.0	 1208.0	 0.1145	21.2934	 100.00	1317.41
    247	400824	     44	    7.0	 1224.0	 1208.1	 0.1136	 5.6228	 100.00	1317.46
    248	400824	     44	    9.0	 1221.0	 1208.1	 0.1127	 3.0721	 100.00	1317.61
    249	400824	     44	    8.0	 1221.0	 1208.2	 0.1119	 3.9531	 100.00	1317.73
    250	400824	     44	   10.0	 1221.0	 1208.2	 0.1111	 7.5229	 100.00	1317.87
    251	400824	     44	   10.0	 1223.0	 1208.3	 0.1102	 1.9989	 100.00	1317.93
    252	400824	     44	   11.0	 1224.0	 1208.3	 0.1098	 7.0577	 100.00	1318.03
    253	400824	     44	    6.0	 1224.0	 1208.4	 0.1097	 1.9171	 100.00	1318.14
    254	400824	     44	   12.0	 1224.0	 1208.5	 0.1090	 9.1394	 100.00	1318.25
    255	400824	     44	    6.0	 1224.0	 1208.5	 0.1080	 2.3880	 100.00	1318.37
    256	400824	     44	   15.0	 1221.0	 1208.6	 0.1098	 8.3711	 100.00	1318.49
    257	400824	     44	    7.0	 1224.0	 1208.6	 0.1101	 7.9206	 100.00	1318.58
    258	400824	     44	    9.0	 1221.0	 1208.7	 0.1092	 1.7458	 100.00	1318.65
    259	400824	     44	   11.0	 1224.0	 1208.7	 0.1082	 2.1055	 100.00	1318.76
    260	400824	     44	   10.0	 1222.0	 1208.8	 0.1076	11.4972	 100.00	1318.88
    261	400824	     44	    7.0	 1227.0	 1208.9	 0.1072	13.7037	 100.00	1318.98
    262	400824	     44	   13.0	 1224.0	 1208.9	 0.1069	27.6213	 100.00	1319.10
    263	400824	     44	    9.0	 1229.0	 1209.0	 0.1065	 8.6979	 100.00	1319.21
    264	400824	     44	   11.0	 1224.0	 1209.0	 0.1065	 3.8332	 100.00	1319.25
    265	400824	     44	    6.0	 1224.0	 1209.1	 0.1071	16.7423	 100.00	1319.37
    266	400824	     44	    8.0	 1224.0	 1209.2	 0.1071	 9.7787	 100.00	1319.40
    267	400824	     44	   14.0	 1222.0	 1209.2	 0.1078	12.0122	 100.00	1319.53
    268	400824	     44	   13.0	 1225.0	 1209.3	 0.1072	 6.0629	 100.00	1319.64
    269	400824	     44	    8.0	 1225.0	 1209.3	 0.1066	 2.1433	 100.00	1319.77
    270	400824	     44	    8.0	 1225.0	 1209.4	 0.1060	 5.9568	 100.00	1319.83
    271	400824	     44	    6.0	 1225.0	 1209.4	 0.1054	 3.5368	 100.00	1319.96
    272	400824	     44	   13.0	 1222.0	 1209.5	 0.1066	 3.5693	 100.00	1320.09
    273	400824	     44	    9.0	 1227.0	 1209.6	 0.1070	 1.4056	 100.00	1320.25
    274	400824	     44	   11.0	 1222.0	 1209.6	 0.1063	 4.3245	 100.00	1320.36
    275	400824	     44	    7.0	 1227.0	 1209.7	 0.1063	 0.9786	 100.00	1320.49
    276	400824	     44	   10.0	 1225.0	 1209.7	 0.1061	19.7375	 100.00	1320.55
    277	400824	     44	   15.0	 1228.0	 1209.8	 0.1065	 8.8835	 100.00	1320.68
    278	400824	     44	    9.0	 1225.0	 1209.8	 0.1060	12.0428	 100.00	1320.77
    279	400824	     44	    7.0	 1228.0	 1209.9	 0.1059	 5.1273	 100.00	1320.90
    280	400824	     44	   11.0	 1225.0	 1210.0	 0.1059	 2.3030	 100.00	1320.93
    281	400824	     44	    6.0	 1225.0	 1210.0	 0.1057	 3.4912	 100.00	1321.06
    282	400824	     44	   14.0	 1227.0	 1210.1	 0.1060	11.8877	 100.00	1321.12
    283	400824	     44	    6.0	 1227.0	 1210.1	 0.1052	 2.1522	 100.00	1321.23
    284	400824	     44	   11.0	 1228.0	 1210.2	 0.1055	 2.0797	 100.00	1321.32
    285	400824	     44	    8.0	 1228.0	 1210.3	 0.1053	10.8081	 100.00	1321.43
    286	400824	     44	   10.0	 1228.0	 1210.3	 0.1050	 6.4450	 100.00	1321.52
    287	400824	     44	   16.0	 1224.0	 1210.4	 0.1061	10.5862	 100.00	1321.66
    288	400824	     44	    9.0	 1221.0	 1210.4	 0.1063	 5.1189	 100.00	1321.70
    289	400824	     44	    7.0	 1224.0	 1210.4	 0.1056	 1.0701	 100.00	1321.84
    290	400824	     44	   11.0	 1221.0	 1210.5	 0.1049	 1.3550	 100.00	1321.88
    291	400824	     44	    9.0	 1224.0	 1210.5	 0.1041	 0.9183	 100.00	1321.98
    292	400824	     44	   14.0	 1224.0	 1210.6	 0.1039	15.1245	 100.00	1322.03
    293	400824	     44	    7.0	 1229.0	 1210.6	 0.1031	 1.2972	 100.00	1322.11
    294	400824	     44	    9.0	 1224.0	 1210.7	 0.1027	 1.3414	 100.00	1322.21
    295	400824	     44	   11.0	 1229.0	 1210.7	 0.1023	 9.7416	 100.00	1322.32
    296	400824	     44	    9.0	 1224.0	 1210.8	 0.1023	19.2932	 100.00	1322.43
    297	400824	     44	   12.0	 1224.0	 1210.8	 0.1028	11.0669	 100.00	1322.52
    298	400824	     44	    8.0	 1224.0	 1210.9	 0.1027	11.1244	 100.00	1322.62
    299	400824	     44	    6.0	 1224.0	 1210.9	 0.1022	 1.8509	 100.00	1322.66
    300	400824	     44	   15.0	 1227.0	 1211.0	 0.1020	 3.3727	 100.00	1322.75
    301	400824	     44	    6.0	 1227.0	 1211.0	 0.1018	 3.7428	 100.00	1322.84
    302	400824	     44	    8.0	 1227.0	 1211.1	 0.1013	 8.2589	 100.00	1322.94
    303	400824	     44	   10.0	 1229.0	 1211.1	 0.1009	 9.3169	 100.00	1323.04
    304	400824	     44	    9.0	 1224.0	 1211.2	 0.1009	 8.7191	 100.00	1323.12
    305	400824	     44	   11.0	 1229.0	 1211.2	 0.1003	11.2126	 100.00	1323.12
    306	400824	     44	    9.0	 1224.0	 1211.3	 0.1001	 6.1822	 100.00	1323.22
    307	400824	     44	    7.0	 1229.0	 1211.3	 0.1001	 6.6979	 100.00	1323.24
    308	400824	     44	   18.0	 1225.0	 1211.4	 0.1007	19.4308	 100.00	1323.34
    309	400824	     44	    9.0	 1228.0	 1211.4	 0.1000	 0.5454	 100.00	1323.42
    310	400824	     44	   11.0	 1225.0	 1211.5	 0.0995	 2.0712	 100.00	1323.52
    311	400824	     44	    7.0	 1228.0	 1211.5	 0.0991	 0.9873	 100.00	1323.58
    312	400824	     44	    9.0	 1225.0	 1211.6	 0.0989	 1.4325	 100.00	1323.67
    313	400824	     44	   10.0	 1227.0	 1211.6	 0.0991	 4.5450	 100.00	1323.76
    314	400824	     44	   10.0	 1227.0	 1211.7	 0.0991	 7.6667	 100.00	1323.89
    315	400824	     44	    8.0	 1227.0	 1211.7	 0.0987	 1.2912	 100.00	1324.01
    316	400824	     44	   11.0	 1228.0	 1211.8	 0.0984	 7.6587	 100.00	1324.13
    317	400824	     44	    6.0	 1228.0	 1211.8	 0.0981	 3.6507	 100.00	1324.22
    318	400824	     44	   16.0	 1228.0	 1211.9	 0.0983	 5.2430	 100.00	1324.32
    319	400824	     44	    6.0	 1228.0	 1211.9	 0.0978	 2.8980	 100.00	1324.40
    320	400824	     44	   11.0	 1225.0	 1212.0	 0.0980	 4.5276	 100.00	1324.49
    321	400824	     44	    7.0	 1228.0	 1212.0	 0.0979	 3.0038	 100.00	1324.55
    322	400824	     44	    9.0	 1225.0	 1212.1	 0.0975	 5.6684	 100.00	1324.64
    323	400824	     44	   13.0	 1230.0	 1212.1	 0.0975	 9.8548	 100.00	1324.69
    324	400824	     44	   10.0	 1228.0	 1212.2	 0.0974	 5.0162	 100.00	1324.77
    325	400824	     44	    7.0	 1233.0	 1212.2	 0.0972	 2.3097	 100.00	1324.82
    326	400824	     44	   11.0	 1228.0	 1212.3	 0.0970	11.6367	 100.00	1324.90
    327	400824	     44	    9.0	 1233.0	 1212.3	 0.0967	 5.6865	 100.00	1324.97
    328	400824	     45	   25.0	 1218.0	 1212.4	 0.2457	26.3651	 100.00	1324.95
    329	400824	     45	    6.0	 1218.0	 1212.4	 0.2539	34.8712	 100.00	1324.34
    330	400824	     45	    8.0	 1218.0	 1212.4	 0.2323	14.8098	 100.00	1324.36
    331	400824	     45	    8.0	 1218.0	 1212.4	 0.2002	 7.3451	 100.00	1324.47
    332	400824	     45	   13.0	 1221.0	 1212.4	 0.1931	15.3839	 100.00	1324.49
    333	400824	     45	   10.0	 1223.0	 1212.5	 0.1818	11.6692	 100.00	1324.58
    334	400824	     45	    8.0	 1223.0	 1212.5	 0.1761	18.3193	 100.00	1324.35
    335	400824	     45	    6.0	 1223.0	 1212.5	 0.1658	 3.5956	 100.00	1324.06
    336	400824	     45	   11.0	 1218.0	 1212.5	 0.1663	12.6361	 100.00	1323.77
    337	400824	     45	    9.0	 1223.0	 1212.6	 0.1627	10.5648	 100.00	1323.48
    338	400824	     45	   15.0	 1218.0	 1212.6	 0.1580	 9.3271	 100.00	1323.19
    339	400824	     45	    7.0	 1223.0	 1212.6	 0.1583	15.1738	 100.00	1322.89
    340	400824	     45	   10.0	 1221.0	 1212.6	 0.1538	 9.0927	 100.00	1322.90
    341	400824	     45	   11.0	 1224.0	 1212.7	 0.1511	10.2507	 100.00	1322.97
    342	400824	     45	    9.0	 1221.0	 1212.7	 0.1445	 5.0999	 100.00	1323.04
    343	400824	     45	    7.0	 1224.0	 1212.7	 0.1419	11.9904	 100.00	1323.13
    344	400824	     45	   13.0	 1223.0	 1212.8	 0.1446	18.6841	 100.00	1323.21
    345	400824	     45	    6.0	 1223.0	 1212.8	 0.1420	 9.3296	 100.00	1323.26
    346	400824	     45	   12.0	 1223.0	 1212.8	 0.1399	 7.6981	 100.00	1323.33
    347	400824	     45	    6.0	 1223.0	 1212.9	 0.1363	 7.4423	 100.00	1323.39
    348	400824	     45	   11.0	 1224.0	 1212.9	 0.1361	14.8736	 100.00	1323.47
    349	400824	     45	   14.0	 1222.0	 1212.9	 0.1393	35.3848	 100.00	1323.55
    350	400824	     45	   10.0	 1222.0	 1212.9	 0.1387	 8.1115	 100.00	1323.62
    351	400824	     45	    8.0	 1222.0	 1213.0	 0.1344	 2.4953	 100.00	1323.65
    352	400824	     45	    9.0	 1219.0	 1213.0	 0.1360	14.1562	 100.00	1323.73
    353	400824	     45	    7.0	 1222.0	 1213.0	 0.1349	10.2814	 100.00	1323.77
    354	400824	     45	   13.0	 1221.0	 1213.0	 0.1349	 7.0239	 100.00	1323.85
    355	400824	     45	    9.0	 1224.0	 1213.1	 0.1329	 5.7789	 100.00	1323.90
    356	400824	     45	   12.0	 1222.0	 1213.1	 0.1331	10.5538	 100.00	1323.97
    357	400824	     45	    7.0	 1227.0	 1213.1	 0.1317	 8.0158	 100.00	1323.99
    358	400824	     45	    9.0	 1222.0	 1213.1	 0.1295	 4.4167	 100.00	1324.07
    359	400824	     45	   15.0	 1227.0	 1213.2	 0.1299	10.0555	 100.00	1324.15
    360	400824	     45	    9.0	 1222.0	 1213.2	 0.1310	10.0131	 100.00	1324.23
    361	400824	     45	    8.0	 1222.0	 1213.2	 0.1295	 6.3019	 100.00	1324.25
    362	400824	     45	    8.0	 1222.0	 1213.3	 0.1285	22.8091	 100.00	1324.33
    363	400824	     45	    6.0	 1222.0	 1213.3	 0.1301	13.1403	 100.00	1324.37
    364	400824	     45	   17.0	 1227.0	 1213.3	 0.1293	 4.8319	 100.00	1324.45
    365	400824	     45	    6.0	 1227.0	 1213.4	 0.1306	15.5032	 100.00	1324.50
    366	400824	     45	    8.0	 1227.0	 1213.4	 0.1284	 2.5790	 100.00	1324.58
    367	400824	     45	    8.0	 1227.0	 1213.4	 0.1287	10.6292	 100.00	1324.63
    368	400824	     45	    9.0	 1222.0	 1213.5	 0.1294	 7.6447	 100.00	1324.71
    369	400824	     45	   19.0	 1223.0	 1213.5	 0.1329	22.3895	 100.00	1324.74
    370	400824	     45	    9.0	 1218.0	 1213.5	 0.1308	 2.2103	 100.00	1324.85
    371	400824	     45	    7.0	 1223.0	 1213.5	 0.1298	11.1763	 100.00	1324.85
    372	400824	     45	   12.0	 1221.0	 1213.5	 0.1297	 6.2714	 100.00	1324.92
    373	400824	     45	    9.0	 1224.0	 1213.6	 0.1296	 7.2596	 100.00	1324.98
    374	400824	     45	   13.0	 1223.0	 1213.6	 0.1302	12.2578	 100.00	1325.05
    375	400824	     45	    7.0	 1226.0	 1213.6	 0.1295	 6.4964	 100.00	1325.09
    376	400824	     45	    9.0	 1223.0	 1213.6	 0.1291	 3.8442	 100.00	1325.17
    377	400824	     45	    8.0	 1223.0	 1213.7	 0.1293	 7.0259	 100.00	1325.24
    378	400824	     45	   10.0	 1223.0	 1213.7	 0.1274	 3.2025	 100.00	1325.34
    379	400824	     45	   12.0	 1223.0	 1213.7	 0.1270	 5.4639	 100.00	1325.39
    380	400824	     45	   11.0	 1224.0	 1213.7	 0.1274	 7.2454	 100.00	1325.43
    381	400824	     45	    6.0	 1224.0	 1213.8	 0.1266	 5.9507	 100.00	1325.50
    382	400824	     45	   12.0	 1224.0	 1213.8	 0.1258	10.8548	 100.00	1325.58
    383	400824	     45	    6.0	 1224.0	 1213.8	 0.1246	 3.7767	 100.00	1325.66
    384	400824	     45	   13.0	 1223.0	 1213.9	 0.1251	 6.1582	 100.00	1325.72
    385	400824	     45	    7.0	 1226.0	 1213.9	 0.1249	 5.4105	 100.00	1325.79
    386	400824	     45	    9.0	 1223.0	 1213.9	 0.1232	 2.8586	 100.00	1325.83
    387	400824	     45	   11.0	 1226.0	 1213.9	 0.1223	 3.5054	 100.00	1325.90
    388	400824	     45	   10.0	 1224.0	 1214.0	 0.1216	 8.0531	 100.00	1325.96
    389	400824	     45	    7.0	 1229.0	 1214.0	 0.1201	 3.6031	 100.00	1326.03
    390	400824	     45	   17.0	 1222.0	 1214.0	 0.1212	26.1901	 100.00	1326.10
    391	400824	     45	    9.0	 1227.0	 1214.1	 0.1206	 3.5080	 100.00	1326.17
    392	400824	     45	   11.0	 1222.0	 1214.1	 0.1204	 2.7068	 100.00	1326.22
    393	400824	     45	    6.0	 1222.0	 1214.1	 0.1203	 6.9822	 100.00	1326.30
    394	400824	     45	    8.0	 1222.0	 1214.1	 0.1195	 3.0511	 100.00	1326.34
    395	400824	     45	   10.0	 1224.0	 1214.1	 0.1187	 5.8921	 100.00	1326.41
    396	400824	     45	   13.0	 1227.0	 1214.2	 0.1191	10.8996	 100.00	1326.03
    397	400824	     45	    8.0	 1227.0	 1214.2	 0.1190	11.1781	 100.00	1325.15
    398	400824	     45	    8.0	 1227.0	 1214.2	 0.1175	 3.6379	 100.00	1324.23
    399	400824	     45	    6.0	 1227.0	 1214.3	 0.1166	 4.4338	 100.00	1323.30
    400	400824	     45	   15.0	 1222.0	 1214.3	 0.1170	 3.7534	 100.00	1322.44
    401	400824	     45	    9.0	 1227.0	 1214.3	 0.1166	 6.7722	 100.00	1321.59
    402	400824	     45	   11.0	 1222.0	 1214.3	 0.1157	12.4848	 100.00	1320.68
    403	400824	     45	    7.0	 1227.0	 1214.4	 0.1149	 4.1111	 100.00	1319.73
    404	400824	     45	   10.0	 1225.0	 1214.4	 0.1142	16.8758	 100.00	1319.37
    405	400824	     45	   13.0	 1230.0	 1214.4	 0.1137	 7.4091	 100.00	1319.43
    406	400824	     45	    9.0	 1227.0	 1214.5	 0.1125	 2.2715	 100.00	1319.49
    407	400824	     45	    7.0	 1230.0	 1214.5	 0.1121	 2.2558	 100.00	1319.50
    408	400824	     45	   11.0	 1227.0	 1214.5	 0.1117	 3.6357	 100.00	1319.44
    409	400824	     45	    6.0	 1227.0	 1214.6	 0.1116	24.0820	 100.00	1319.41
    410	400824	     45	   22.0	 1221.0	 1214.6	 0.1144	32.6107	 100.00	1319.50
    411	400824	     45	    6.0	 1221.0	 1214.6	 0.1134	 3.2075	 100.00	1319.59
    412	400824	     45	   11.0	 1222.0	 1214.6	 0.1130	 7.0193	 100.00	1319.68
    413	400824	     45	    8.0	 1222.0	 1214.6	 0.1122	 2.3955	 100.00	1319.71
    414	400824	     45	   10.0	 1222.0	 1214.7	 0.1114	 7.3607	 100.00	1319.82
    415	400824	     45	   10.0	 1224.0	 1214.7	 0.1112	 2.1834	 100.00	1319.91
    416	400824	     45	    9.0	 1221.0	 1214.7	 0.1113	 5.4179	 100.00	1320.02
    417	400824	     45	    7.0	 1224.0	 1214.7	 0.1114	 8.9719	 100.00	1320.10
    418	400824	     45	   11.0	 1221.0	 1214.7	 0.1106	 1.2589	 100.00	1320.00
    419	400824	     45	    9.0	 1224.0	 1214.7	 0.1098	10.9204	 100.00	1319.98
    420	400824	     45	   16.0	 1222.0	 1214.8	 0.1103	18.5642	 100.00	1320.07
    421	400824	     45	    7.0	 1227.0	 1214.8	 0.1094	 3.6808	 100.00	1320.10
    422	400824	     45	    9.0	 1222.0	 1214.8	 0.1083	 2.5440	 100.00	1320.16
    423	400824	     45	   11.0	 1227.0	 1214.8	 0.1078	22.3019	 100.00	1320.01
    424	400824	     45	    9.0	 1222.0	 1214.9	 0.1077	15.1269	 100.00	1320.07
    425	400824	     45	   10.0	 1224.0	 1214.9	 0.1071	 7.4565	 100.00	1320.09
    426	400824	     45	    8.0	 1224.0	 1214.9	 0.1065	 6.5346	 100.00	1320.18
    427	400824	     45	    6.0	 1224.0	 1214.9	 0.1062	 2.8397	 100.00	1320.24
    428	400824	     45	   15.0	 1227.0	 1214.9	 0.1062	12.5294	 100.00	1320.31
    429	400824	     45	    6.0	 1227.0	 1215.0	 0.1057	 2.0849	 100.00	1320.38
    430	400824	     45	    8.0	 1227.0	 1215.0	 0.1062	 4.5739	 100.00	1320.45
    431	400824	     45	   14.0	 1225.0	 1215.0	 0.1067	10.5742	 100.00	1320.47
    432	400824	     45	    9.0	 1220.0	 1215.0	 0.1066	11.1589	 100.00	1320.53
    433	400824	     45	   11.0	 1225.0	 1215.1	 0.1061	10.5819	 100.00	1320.34
    434	400824	     45	    9.0	 1220.0	 1215.1	 0.1052	 5.6612	 100.00	1320.45
    435	400824	     45	    7.0	 1225.0	 1215.1	 0.1054	 2.9313	 100.00	1320.54
    436	400824	     45	   14.0	 1225.0	 1215.1	 0.1052	13.7967	 100.00	1320.57
    437	400824	     45	    9.0	 1228.0	 1215.1	 0.1047	 3.5820	 100.00	1320.64
    438	400824	     45	   11.0	 1225.0	 1215.2	 0.1038	 1.5957	 100.00	1320.72
    439	400824	     45	    7.0	 1228.0	 1215.2	 0.1029	 2.3859	 100.00	1320.82
    440	400824	     45	    9.0	 1225.0	 1215.2	 0.1028	17.8776	 100.00	1320.91
    441	400824	     45	   12.0	 1225.0	 1215.2	 0.1033	 7.1712	 100.00	1321.02
    442	400824	     45	   10.0	 1225.0	 1215.3	 0.1030	 4.2461	 100.00	1320.99
    443	400824	     45	    8.0	 1225.0	 1215.3	 0.1024	 2.4462	 100.00	1320.89
    444	400824	     45	   11.0	 1226.0	 1215.3	 0.1021	21.3112	 100.00	1320.92
    445	400824	     45	    6.0	 1226.0	 1215.3	 0.1019	 1.8360	 100.00	1321.11
    446	400824	     45	   14.0	 1228.0	 1215.4	 0.1016	10.0540	 100.00	1321.15
    447	400824	     45	    6.0	 1228.0	 1215.4	 0.1014	 4.4158	 100.00	1321.19
    448	400824	     45	   11.0	 1225.0	 1215.4	 0.1021	 3.0062	 100.00	1321.20
    449	400824	     45	    7.0	 1228.0	 1215.4	 0.1022	10.8840	 100.00	1321.27
    450	400824	     45	    9.0	 1225.0	 1215.5	 0.1022	13.5235	 100.00	1321.33
    451	400824	     45	   19.0	 1224.0	 1215.5	 0.1029	12.3080	 100.00	1321.40
    452	400824	     45	   10.0	 1222.0	 1215.5	 0.1028	 8.5708	 100.00	1321.32
    453	400824	     45	    7.0	 1227.0	 1215.5	 0.1026	 1.3352	 100.00	1321.30
    454	400824	     45	   11.0	 1222.0	 1215.5	 0.1020	 3.8998	 100.00	1321.33
    455	400824	     45	    9.0	 1227.0	 1215.6	 0.1014	10.5942	 100.00	1321.41
    456	400824	     45	   13.0	 1224.0	 1215.6	 0.1013	 3.4549	 100.00	1321.48
    457	400824	     45	    6.0	 1224.0	 1215.6	 0.1011	 2.0898	 100.00	1321.46
    458	400824	     45	    8.0	 1224.0	 1215.6	 0.1018	 9.0751	 100.00	1321.40
    459	400824	     45	    8.0	 1224.0	 1215.6	 0.1015	 7.3383	 100.00	1321.47
    460	400824	     45	   13.0	 1227.0	 1215.7	 0.1019	24.7257	 100.00	1321.52
    461	400824	     45	   12.0	 1227.0	 1215.7	 0.1021	27.2054	 100.00	1321.60
    462	400824	     45	    8.0	 1227.0	 1215.7	 0.1015	 3.5145	 100.00	1321.65
    463	400824	     45	    6.0	 1227.0	 1215.7	 0.1008	 0.9189	 100.00	1321.72
    464	400824	     45	   11.0	 1222.0	 1215.7	 0.1011	10.7303	 100.00	1321.79
    465	400824	     45	    9.0	 1227.0	 1215.8	 0.1009	 2.5513	 100.00	1321.89
    466	400824	     45	   13.0	 1224.0	 1215.8	 0.1008	16.0485	 100.00	1321.91
    467	400824	     45	    7.0	 1229.0	 1215.8	 0.1005	 6.3922	 100.00	1321.87
    468	400824	     45	   10.0	 1227.0	 1215.8	 0.1003	12.5639	 100.00	1321.83
    469	400824	     45	   11.0	 1230.0	 1215.9	 0.0997	 1.5345	 100.00	1321.90
    470	400824	     45	    9.0	 1227.0	 1215.9	 0.0993	 7.5248	 100.00	1321.97
    471	400824	     45	    7.0	 1230.0	 1215.9	 0.0992	 7.5178	 100.00	1322.01
    472	400824	     45	   17.0	 1225.0	 1215.9	 0.0999	12.2599	 100.00	1321.95
    473	400824	     45	    6.0	 1225.0	 1216.0	 0.0997	 8.7096	 100.00	1321.96
    474	400824	     45	   12.0	 1225.0	 1216.0	 0.0998	16.9939	 100.00	1322.04
    475	400824	     45	    6.0	 1225.0	 1216.0	 0.0994	 1.1332	 100.00	1322.05
    476	400824	     45	   11.0	 1226.0	 1216.0	 0.1000	 8.8812	 100.00	1322.12
    477	400824	     45	   10.0	 1228.0	 1216.0	 0.1004	 6.6424	 100.00	1322.12
    478	400824	     45	   10.0	 1228.0	 1216.1	 0.1002	 1.8516	 100.00	1322.18
    479	400824	     45	    8.0	 1228.0	 1216.1	 0.1002	 7.6014	 100.00	1322.19
    480	400824	     45	    9.0	 1225.0	 1216.1	 0.1004	 5.2755	 100.00	1322.26
    481	400824	     45	    7.0	 1228.0	 1216.1	 0.0999	 0.9699	 100.00	1322.43
    482	400824	     45	   15.0	 1225.0	 1216.2	 0.0998	18.6491	 100.00	1322.33
    483	400824	     45	    9.0	 1228.0	 1216.2	 0.0992	 1.1072	 100.00	1322.33
    484	400824	     45	   12.0	 1226.0	 1216.2	 0.0988	 6.4567	 100.00	1322.40
./asc:main.c:284: warning: worker pid `12660' SIGSEGV: bad speculation?
    485	400824	     45	    7.0	 1231.0	 1216.2	 0.0982	 0.6428	 100.00	1322.46
    486	400824	     45	    9.0	 1226.0	 1216.3	 0.0978	 0.7188	 100.00	1322.52
    487	400824	     45	   13.0	 1233.0	 1216.3	 0.0981	21.1596	 100.00	1322.38
    488	400824	     45	    9.0	 1228.0	 1216.3	 0.0981	19.4208	 100.00	1322.44
    489	400824	     45	    8.0	 1228.0	 1216.3	 0.0982	17.4323	 100.00	1322.47
    490	400824	     45	    8.0	 1228.0	 1216.4	 0.0980	 5.4468	 100.00	1322.54
    491	400824	     45	    6.0	 1228.0	 1216.4	 0.0974	 0.7934	 100.00	1322.68
    492	400824	     45	   27.0	 1223.0	 1216.4	 0.0989	19.4410	 100.00	1322.77
    493	400824	     45	    6.0	 1223.0	 1216.4	 0.0985	 0.8345	 100.00	1322.86
    494	400824	     45	    8.0	 1223.0	 1216.4	 0.0993	17.8966	 100.00	1322.96
    495	400824	     45	    8.0	 1223.0	 1216.4	 0.0988	 0.7904	 100.00	1322.99
    496	400824	     45	    9.0	 1218.0	 1216.4	 0.0989	23.7745	 100.00	1323.06
    497	400824	     45	   13.0	 1225.0	 1216.5	 0.0986	 8.4703	 100.00	1322.92
    498	400824	     45	    9.0	 1220.0	 1216.5	 0.0983	 3.7568	 100.00	1323.11
    499	400824	     45	    7.0	 1225.0	 1216.5	 0.0984	 3.0370	 100.00	1323.12
    500	400824	     45	   12.0	 1223.0	 1216.5	 0.0983	 3.8412	 100.00	1323.18
    501	400824	     45	    9.0	 1226.0	 1216.5	 0.0978	 1.9586	 100.00	1323.23
    502	400824	     45	   15.0	 1223.0	 1216.5	 0.0978	12.9682	 100.00	1323.28
    503	400824	     45	    7.0	 1226.0	 1216.5	 0.0975	 7.2695	 100.00	1323.35
    504	400824	     45	    9.0	 1223.0	 1216.6	 0.0974	14.7953	 100.00	1323.41
    505	400824	     45	    8.0	 1223.0	 1216.6	 0.0970	 3.8603	 100.00	1323.48
    506	400824	     45	   10.0	 1223.0	 1216.6	 0.0967	10.2681	 100.00	1323.46
    507	400824	     45	   10.0	 1225.0	 1216.6	 0.0965	 4.4893	 100.00	1323.38
    508	400824	     45	   11.0	 1226.0	 1216.6	 0.0961	 2.6713	 100.00	1323.43
    509	400824	     45	    6.0	 1226.0	 1216.6	 0.0958	 0.5344	 100.00	1323.49
    510	400824	     45	   12.0	 1226.0	 1216.7	 0.0956	 3.2136	 100.00	1323.54
    511	400824	     45	    6.0	 1226.0	 1216.7	 0.0951	 1.2166	 100.00	1323.60
    512	400824	     45	   17.0	 1221.0	 1216.7	 0.0960	28.4146	 100.00	1323.64
    513	400824	     45	    7.0	 1224.0	 1216.7	 0.0956	 1.6637	 100.00	1323.73
    514	400824	     45	    9.0	 1221.0	 1216.7	 0.0954	 3.9089	 100.00	1323.78
    515	400824	     45	   11.0	 1224.0	 1216.7	 0.0952	 3.4895	 100.00	1323.86
    516	400824	     45	   10.0	 1222.0	 1216.7	 0.0951	24.0787	 100.00	1323.84
    517	400824	     45	    7.0	 1227.0	 1216.7	 0.0949	 1.2296	 100.00	1323.81
    518	400824	     45	   13.0	 1224.0	 1216.8	 0.0947	16.5313	 100.00	1323.79
    519	400824	     45	    9.0	 1229.0	 1216.8	 0.0942	 0.3514	 100.00	1323.87
    520	400824	     45	   11.0	 1224.0	 1216.8	 0.0941	 8.3269	 100.00	1323.91
    521	400824	     45	    6.0	 1224.0	 1216.8	 0.0941	 1.7642	 100.00	1323.59
    522	400824	     45	    8.0	 1224.0	 1216.8	 0.0939	 8.8189	 100.00	1322.85
    523	400824	     45	   12.0	 1224.0	 1216.8	 0.0939	10.6310	 100.00	1322.18
    524	400824	     45	   13.0	 1227.0	 1216.9	 0.0935	 5.0520	 100.00	1321.55
    525	400824	     45	    8.0	 1227.0	 1216.9	 0.0932	 5.3648	 100.00	1321.40
    526	400824	     45	    8.0	 1227.0	 1216.9	 0.0931	 6.9867	 100.00	1321.47
    527	400824	     45	    6.0	 1227.0	 1216.9	 0.0927	 3.1030	 100.00	1321.52
    528	400824	     45	   13.0	 1224.0	 1216.9	 0.0927	 1.0586	 100.00	1321.60
    529	400824	     45	    9.0	 1229.0	 1217.0	 0.0925	 0.8962	 100.00	1321.59
    530	400824	     45	   11.0	 1224.0	 1217.0	 0.0923	 3.0976	 100.00	1321.66
    531	400824	     45	    7.0	 1229.0	 1217.0	 0.0919	 5.5546	 100.00	1321.69
    532	400824	     45	   10.0	 1227.0	 1217.0	 0.0920	17.4495	 100.00	1321.74
    533	400824	     45	   19.0	 1226.0	 1217.0	 0.0925	52.3286	 100.00	1321.78
    534	400824	     45	    9.0	 1223.0	 1217.0	 0.0922	 0.4249	 100.00	1321.78
    535	400824	     45	    7.0	 1226.0	 1217.1	 0.0922	 7.1745	 100.00	1321.84
    536	400824	     45	   11.0	 1223.0	 1217.1	 0.0921	 8.0644	 100.00	1321.89
    537	400824	     45	    6.0	 1223.0	 1217.1	 0.0919	 8.0090	 100.00	1321.94
    538	400824	     45	   14.0	 1225.0	 1217.1	 0.0920	19.8681	 100.00	1321.99
    539	400824	     45	    6.0	 1225.0	 1217.1	 0.0917	 5.5836	 100.00	1322.05
    540	400824	     45	   11.0	 1226.0	 1217.1	 0.0914	 1.9620	 100.00	1322.10
    541	400824	     45	    8.0	 1226.0	 1217.1	 0.0911	 0.5560	 100.00	1322.16
    542	400824	     45	   10.0	 1226.0	 1217.2	 0.0910	 9.2659	 100.00	1322.22
    543	400824	     45	   12.0	 1226.0	 1217.2	 0.0909	14.3336	 100.00	1322.28
    544	400824	     45	    9.0	 1223.0	 1217.2	 0.0911	 9.1700	 100.00	1322.32
    545	400824	     45	    7.0	 1226.0	 1217.2	 0.0910	 9.0693	 100.00	1322.39
    546	400824	     45	   11.0	 1223.0	 1217.2	 0.0907	 4.1510	 100.00	1322.40
    547	400824	     45	    9.0	 1226.0	 1217.2	 0.0906	 0.5964	 100.00	1322.46
    548	400824	     45	   14.0	 1226.0	 1217.2	 0.0904	 4.0650	 100.00	1322.50
    549	400824	     45	    7.0	 1231.0	 1217.3	 0.0901	 0.9241	 100.00	1322.55
    550	400824	     45	    9.0	 1226.0	 1217.3	 0.0898	 0.6795	 100.00	1322.58
    551	400824	     45	   11.0	 1231.0	 1217.3	 0.0896	 3.7095	 100.00	1322.63
    552	400824	     45	    9.0	 1226.0	 1217.3	 0.0894	 4.3128	 100.00	1322.65
    553	400824	     45	   14.0	 1224.0	 1217.3	 0.0897	25.6815	 100.00	1322.72
    554	400824	     45	    8.0	 1224.0	 1217.3	 0.0894	10.0904	 100.00	1322.76
    555	400824	     45	    6.0	 1224.0	 1217.4	 0.0892	 5.0311	 100.00	1322.82
    556	400824	     45	   15.0	 1227.0	 1217.4	 0.0893	 2.0368	 100.00	1322.87
    557	400824	     45	    6.0	 1227.0	 1217.4	 0.0891	 0.8487	 100.00	1322.93
    558	400824	     45	    8.0	 1227.0	 1217.4	 0.0891	 5.0358	 100.00	1322.98
    559	400824	     45	   10.0	 1229.0	 1217.4	 0.0889	11.5396	 100.00	1323.05
    560	400824	     45	    9.0	 1224.0	 1217.4	 0.0887	 5.1833	 100.00	1323.12
    561	400824	     45	   11.0	 1229.0	 1217.5	 0.0886	 5.1541	 100.00	1323.18
    562	400824	     45	    9.0	 1224.0	 1217.5	 0.0883	 4.8103	 100.00	1323.24
    563	400824	     45	    7.0	 1229.0	 1217.5	 0.0882	 3.7400	 100.00	1323.32
    564	400824	     45	   16.0	 1227.0	 1217.5	 0.0885	24.5868	 100.00	1323.37
    565	400824	     45	    9.0	 1230.0	 1217.5	 0.0882	 6.8360	 100.00	1323.44
    566	400824	     45	   11.0	 1227.0	 1217.5	 0.0880	 7.1566	 100.00	1323.50
    567	400824	     45	    7.0	 1230.0	 1217.6	 0.0877	 1.3361	 100.00	1323.59
    568	400824	     45	    9.0	 1227.0	 1217.6	 0.0879	12.7190	 100.00	1323.66
    569	400824	     45	   10.0	 1229.0	 1217.6	 0.0878	14.8901	 100.00	1323.75
    570	400824	     45	   10.0	 1229.0	 1217.6	 0.0877	 9.5562	 100.00	1323.80
    571	400824	     45	    8.0	 1229.0	 1217.6	 0.0874	 0.9262	 100.00	1323.88
    572	400824	     45	   11.0	 1230.0	 1217.7	 0.0872	 3.4812	 100.00	1323.94
    573	400824	     45	    6.0	 1230.0	 1217.7	 0.0870	14.5416	 100.00	1324.02
    574	400824	     45	   22.0	 1224.0	 1217.7	 0.0877	42.9101	 100.00	1324.09
    575	400824	     45	    6.0	 1224.0	 1217.7	 0.0875	 0.8656	 100.00	1324.18
    576	400824	     45	   11.0	 1221.0	 1217.7	 0.0878	20.1969	 100.00	1324.21
    577	400824	     45	    7.0	 1224.0	 1217.7	 0.0874	 1.4044	 100.00	1324.30
    578	400824	     45	    9.0	 1221.0	 1217.7	 0.0872	 4.9843	 100.00	1324.34
    579	400824	     45	   13.0	 1226.0	 1217.7	 0.0873	13.9016	 100.00	1324.42
    580	400824	     45	   10.0	 1224.0	 1217.8	 0.0872	 1.4530	 100.00	1324.47
    581	400824	     45	    7.0	 1229.0	 1217.8	 0.0872	 8.2467	 100.00	1324.52
    582	400824	     45	   11.0	 1224.0	 1217.8	 0.0869	 5.8629	 100.00	1324.58
    583	400824	     45	    9.0	 1229.0	 1217.8	 0.0867	 3.8998	 100.00	1324.64
    584	400824	     45	   15.0	 1224.0	 1217.8	 0.0869	12.3474	 100.00	1324.70
    585	400824	     45	    6.0	 1224.0	 1217.8	 0.0867	 1.3786	 100.00	1324.77
    586	400824	     45	    8.0	 1224.0	 1217.8	 0.0867	 7.1764	 100.00	1324.84
    587	400824	     45	    8.0	 1224.0	 1217.9	 0.0864	 0.7831	 100.00	1324.86
    588	400824	     45	   13.0	 1227.0	 1217.9	 0.0862	 1.5566	 100.00	1324.93
    589	400824	     45	   10.0	 1229.0	 1217.9	 0.0861	 3.3124	 100.00	1325.00
    590	400824	     45	    8.0	 1229.0	 1217.9	 0.0858	 1.9133	 100.00	1325.06
    591	400824	     45	    6.0	 1229.0	 1217.9	 0.0857	 8.8057	 100.00	1325.13
    592	400824	     45	   11.0	 1224.0	 1217.9	 0.0857	20.7502	 100.00	1325.20
    593	400824	     45	    9.0	 1229.0	 1218.0	 0.0855	 5.4545	 100.00	1325.23
    594	400824	     45	   17.0	 1222.0	 1218.0	 0.0858	18.4325	 100.00	1325.29
    595	400824	     45	    7.0	 1227.0	 1218.0	 0.0856	 0.8137	 100.00	1325.36
    596	400824	     45	   10.0	 1225.0	 1218.0	 0.0855	 3.8092	 100.00	1325.42
    597	400824	     45	   11.0	 1228.0	 1218.0	 0.0854	 4.5455	 100.00	1325.47
    598	400824	     45	    9.0	 1225.0	 1218.0	 0.0852	 6.9837	 100.00	1325.53
    599	400824	     45	    7.0	 1228.0	 1218.0	 0.0848	 1.0333	 100.00	1325.58
    600	400824	     45	   13.0	 1227.0	 1218.0	 0.0849	17.3977	 100.00	1325.63
    601	400824	     45	    6.0	 1227.0	 1218.1	 0.0847	 0.2550	 100.00	1325.64
    602	400824	     45	   12.0	 1227.0	 1218.1	 0.0845	 3.1214	 100.00	1325.70
    603	400824	     45	    6.0	 1227.0	 1218.1	 0.0843	 0.4350	 100.00	1325.73
    604	400824	     45	   11.0	 1228.0	 1218.1	 0.0840	 1.0574	 100.00	1325.78
    605	400824	     45	   12.0	 1228.0	 1218.1	 0.0840	 3.7409	 100.00	1325.80
    606	400824	     45	   10.0	 1228.0	 1218.1	 0.0837	 0.8683	 100.00	1325.86
    607	400824	     45	    8.0	 1228.0	 1218.2	 0.0835	 6.5537	 100.00	1325.91
    608	400824	     45	    9.0	 1225.0	 1218.2	 0.0837	20.4014	 100.00	1325.97
    609	400824	     45	    7.0	 1228.0	 1218.2	 0.0834	 0.6832	 100.00	1325.99
    610	400824	     45	   13.0	 1227.0	 1218.2	 0.0834	13.9695	 100.00	1326.04
    611	400824	     45	    9.0	 1230.0	 1218.2	 0.0831	 0.8770	 100.00	1326.05
    612	400824	     45	   12.0	 1228.0	 1218.2	 0.0830	 7.1565	 100.00	1326.09
    613	400824	     45	    7.0	 1233.0	 1218.3	 0.0829	13.5985	 100.00	1326.11
    614	400824	     45	    9.0	 1228.0	 1218.3	 0.0829	14.2368	 100.00	1326.15
    615	400824	     45	   19.0	 1229.0	 1218.3	 0.0833	38.9057	 100.00	1326.19
    616	400824	     45	    9.0	 1224.0	 1218.3	 0.0832	 0.9000	 100.00	1326.23
    617	400824	     45	    8.0	 1224.0	 1218.3	 0.0830	 2.6627	 100.00	1326.28
    618	400824	     45	    8.0	 1224.0	 1218.3	 0.0829	 6.3495	 100.00	1326.34
    619	400824	     45	    6.0	 1224.0	 1218.3	 0.0827	10.9046	 100.00	1326.38
    620	400824	     45	   17.0	 1229.0	 1218.3	 0.0827	 4.8320	 100.00	1326.45
    621	400824	     45	    6.0	 1229.0	 1218.4	 0.0824	 0.6530	 100.00	1326.51
    622	400824	     45	    8.0	 1229.0	 1218.4	 0.0823	 9.5308	 100.00	1326.57
    623	400824	     45	    8.0	 1229.0	 1218.4	 0.0821	 0.9350	 100.00	1326.60
    624	400824	     45	    9.0	 1224.0	 1218.4	 0.0822	 1.1854	 100.00	1326.67
    625	400824	     45	   15.0	 1229.0	 1218.4	 0.0823	 5.2818	 100.00	1326.72
    626	400824	     45	    9.0	 1224.0	 1218.4	 0.0822	 2.3921	 100.00	1326.78
    627	400824	     45	    7.0	 1229.0	 1218.4	 0.0821	 0.9282	 100.00	1326.83
    628	400824	     45	   12.0	 1227.0	 1218.5	 0.0821	 8.0886	 100.00	1326.89
    629	400824	     45	    9.0	 1230.0	 1218.5	 0.0819	 0.4186	 100.00	1326.93
    630	400824	     45	   13.0	 1229.0	 1218.5	 0.0820	20.2421	 100.00	1327.00
    631	400824	     45	    7.0	 1232.0	 1218.5	 0.0819	 1.3330	 100.00	1327.05
    632	400824	     45	    9.0	 1229.0	 1218.5	 0.0822	11.3160	 100.00	1327.12
    633	400824	     45	    8.0	 1229.0	 1218.5	 0.0820	10.9232	 100.00	1327.17
    634	400824	     45	   10.0	 1229.0	 1218.6	 0.0818	 5.8864	 100.00	1327.25
    635	400824	     45	   14.0	 1227.0	 1218.6	 0.0824	41.2932	 100.00	1327.27
    636	400824	     45	   11.0	 1228.0	 1218.6	 0.0823	23.1941	 100.00	1327.35
    637	400824	     45	    6.0	 1228.0	 1218.6	 0.0821	 0.2828	 100.00	1327.38
    638	400824	     45	   12.0	 1228.0	 1218.6	 0.0819	 0.7730	 100.00	1327.45
    639	400824	     45	    6.0	 1228.0	 1218.6	 0.0817	 1.3306	 100.00	1327.50
    640	400824	     45	   13.0	 1227.0	 1218.7	 0.0821	11.6384	 100.00	1327.56
    641	400824	     45	    7.0	 1230.0	 1218.7	 0.0819	 0.7356	 100.00	1327.61
    642	400824	     45	    9.0	 1227.0	 1218.7	 0.0820	 1.5759	 100.00	1327.67
    643	400824	     45	   11.0	 1230.0	 1218.7	 0.0817	 1.1668	 100.00	1327.74
    644	400824	     45	   10.0	 1228.0	 1218.7	 0.0816	 4.6485	 100.00	1327.79
    645	400824	     45	    7.0	 1233.0	 1218.7	 0.0817	 2.4681	 100.00	1327.85
    646	400824	     45	   15.0	 1228.0	 1218.7	 0.0817	19.4268	 100.00	1327.88
    647	400824	     45	    9.0	 1233.0	 1218.8	 0.0816	 9.7005	 100.00	1327.95
    648	400824	     45	   11.0	 1228.0	 1218.8	 0.0816	 7.2203	 100.00	1328.01
    649	400824	     45	    6.0	 1228.0	 1218.8	 0.0815	 8.0061	 100.00	1328.07
    650	400824	     45	    8.0	 1228.0	 1218.8	 0.0815	17.0873	 100.00	1328.12
    651	400824	     45	   10.0	 1230.0	 1218.8	 0.0818	35.5255	 100.00	1328.19
    652	400824	     45	   13.0	 1233.0	 1218.9	 0.0818	12.5116	 100.00	1328.23
    653	400824	     45	    8.0	 1233.0	 1218.9	 0.0817	13.6911	 100.00	1328.29
    654	400824	     45	    8.0	 1233.0	 1218.9	 0.0816	 4.5381	 100.00	1328.35
    655	400824	     45	    6.0	 1233.0	 1218.9	 0.0814	 0.6689	 100.00	1328.42
    656	400824	     46	   27.0	 1216.0	 1218.9	 0.2551	31.8084	 100.00	1328.39
    657	400824	     46	    9.0	 1221.0	 1218.9	 0.2581	33.6528	 100.00	1328.10
    658	400824	     46	   11.0	 1216.0	 1218.9	 0.2303	12.1047	 100.00	1328.16
    659	400824	     46	    7.0	 1221.0	 1218.9	 0.2018	 9.1659	 100.00	1328.23
    660	400824	     46	   10.0	 1219.0	 1218.9	 0.1916	10.8465	 100.00	1328.28
    661	400824	     46	   13.0	 1224.0	 1218.9	 0.1809	10.4005	 100.00	1328.34
    662	400824	     46	    9.0	 1221.0	 1218.9	 0.1709	11.8231	 100.00	1328.38
    663	400824	     46	    7.0	 1224.0	 1218.9	 0.1569	 9.9124	 100.00	1328.44
    664	400824	     46	   11.0	 1221.0	 1218.9	 0.1601	20.2086	 100.00	1328.46
    665	400824	     46	    6.0	 1221.0	 1218.9	 0.1523	 6.7123	 100.00	1328.52
    666	400824	     46	   16.0	 1221.0	 1218.9	 0.1551	14.1577	 100.00	1328.56
    667	400824	     46	    6.0	 1221.0	 1218.9	 0.1498	11.7937	 100.00	1328.61
    668	400824	     46	   11.0	 1222.0	 1219.0	 0.1489	14.7629	 100.00	1328.66
    669	400824	     46	    8.0	 1222.0	 1219.0	 0.1462	 7.9733	 100.00	1328.72
    670	400824	     46	   10.0	 1222.0	 1219.0	 0.1401	 4.1704	 100.00	1328.75
    671	400824	     46	   10.0	 1224.0	 1219.0	 0.1404	17.5468	 100.00	1328.81
    672	400824	     46	    9.0	 1221.0	 1219.0	 0.1391	15.1278	 100.00	1328.84
    673	400824	     46	    7.0	 1224.0	 1219.0	 0.1375	12.8499	 100.00	1328.88
    674	400824	     46	   11.0	 1221.0	 1219.0	 0.1346	11.5442	 100.00	1328.91
    675	400824	     46	    9.0	 1224.0	 1219.0	 0.1315	 5.3418	 100.00	1328.95
    676	400824	     46	   18.0	 1220.0	 1219.0	 0.1362	23.5444	 100.00	1328.96
    677	400824	     46	    7.0	 1225.0	 1219.0	 0.1360	29.1685	 100.00	1329.00
    678	400824	     46	    9.0	 1220.0	 1219.0	 0.1337	 3.1932	 100.00	1329.03
    679	400824	     46	   11.0	 1225.0	 1219.0	 0.1314	 2.1295	 100.00	1329.08
    680	400824	     46	    9.0	 1220.0	 1219.0	 0.1340	21.3288	 100.00	1329.11
    681	400824	     46	   10.0	 1222.0	 1219.0	 0.1332	 6.5709	 100.00	1329.14
    682	400824	     46	    8.0	 1222.0	 1219.0	 0.1341	11.0463	 100.00	1329.16
    683	400824	     46	    6.0	 1222.0	 1219.0	 0.1305	 3.4095	 100.00	1329.20
    684	400824	     46	   15.0	 1225.0	 1219.0	 0.1315	12.8442	 100.00	1329.22
    685	400824	     46	    6.0	 1225.0	 1219.0	 0.1286	 3.1493	 100.00	1329.27
    686	400824	     46	    8.0	 1225.0	 1219.0	 0.1278	 9.5813	 100.00	1329.28
    687	400824	     46	   12.0	 1225.0	 1219.1	 0.1282	 9.7084	 100.00	1329.29
    688	400824	     46	    9.0	 1220.0	 1219.1	 0.1293	 9.8959	 100.00	1329.32
    689	400824	     46	   11.0	 1225.0	 1219.1	 0.1291	 8.1119	 100.00	1329.36
    690	400824	     46	    9.0	 1220.0	 1219.1	 0.1273	 4.0859	 100.00	1329.40
    691	400824	     46	    7.0	 1225.0	 1219.1	 0.1261	 9.9619	 100.00	1329.43
    692	400824	     46	   14.0	 1225.0	 1219.1	 0.1267	10.0452	 100.00	1329.46
    693	400824	     46	    9.0	 1228.0	 1219.1	 0.1272	 8.4174	 100.00	1329.49
    694	400824	     46	   11.0	 1225.0	 1219.1	 0.1252	 4.9515	 100.00	1329.52
    695	400824	     46	    7.0	 1228.0	 1219.1	 0.1247	14.2447	 100.00	1329.54
    696	400824	     46	    9.0	 1225.0	 1219.1	 0.1249	 7.3066	 100.00	1329.57
    697	400824	     46	   16.0	 1221.0	 1219.1	 0.1279	21.2881	 100.00	1329.59
    698	400824	     46	   10.0	 1221.0	 1219.1	 0.1273	 5.2148	 100.00	1329.61
    699	400824	     46	    8.0	 1221.0	 1219.1	 0.1265	 6.7085	 100.00	1329.61
    700	400824	     46	   11.0	 1222.0	 1219.1	 0.1266	12.7439	 100.00	1329.63
    701	400824	     46	    6.0	 1222.0	 1219.1	 0.1251	 6.5355	 100.00	1329.64
    702	400824	     46	   14.0	 1224.0	 1219.2	 0.1247	10.0845	 100.00	1329.66
    703	400824	     46	    6.0	 1224.0	 1219.2	 0.1239	 5.1098	 100.00	1329.67
    704	400824	     46	   11.0	 1221.0	 1219.2	 0.1241	 6.7430	 100.00	1329.69
    705	400824	     46	    7.0	 1224.0	 1219.2	 0.1247	 8.8883	 100.00	1329.70
    706	400824	     46	    9.0	 1221.0	 1219.2	 0.1231	 2.9020	 100.00	1329.71
    707	400824	     46	   15.0	 1224.0	 1219.2	 0.1236	15.8775	 100.00	1329.74
    708	400824	     46	   10.0	 1222.0	 1219.2	 0.1232	 6.4880	 100.00	1329.79
    709	400824	     46	    7.0	 1227.0	 1219.2	 0.1221	 7.1140	 100.00	1329.84
    710	400824	     46	   11.0	 1222.0	 1219.2	 0.1212	 3.5647	 100.00	1329.89
    711	400824	     46	    9.0	 1227.0	 1219.2	 0.1207	17.5396	 100.00	1329.90
    712	400824	     46	   13.0	 1224.0	 1219.2	 0.1207	 4.9710	 100.00	1329.94
    713	400824	     46	    6.0	 1224.0	 1219.2	 0.1197	 3.6560	 100.00	1329.99
    714	400824	     46	    8.0	 1224.0	 1219.2	 0.1194	 7.9723	 100.00	1330.03
    715	400824	     46	    8.0	 1224.0	 1219.2	 0.1186	 5.4825	 100.00	1330.06
    716	400824	     46	   13.0	 1227.0	 1219.2	 0.1189	12.5607	 100.00	1330.11
    717	400824	     46	   14.0	 1225.0	 1219.3	 0.1200	22.3830	 100.00	1330.13
    718	400824	     46	    8.0	 1225.0	 1219.3	 0.1202	10.0927	 100.00	1330.17
    719	400824	     46	    6.0	 1225.0	 1219.3	 0.1194	 3.9086	 100.00	1330.20
    720	400824	     46	   11.0	 1220.0	 1219.3	 0.1196	18.9372	 100.00	1330.24
    721	400824	     46	    9.0	 1225.0	 1219.3	 0.1212	 9.7406	 100.00	1330.28
    722	400824	     46	   13.0	 1222.0	 1219.3	 0.1208	 1.4721	 100.00	1330.32
    723	400824	     46	    7.0	 1227.0	 1219.3	 0.1214	 3.5651	 100.00	1330.33
    724	400824	     46	   10.0	 1225.0	 1219.3	 0.1214	 2.8517	 100.00	1330.38
    725	400824	     46	   11.0	 1228.0	 1219.3	 0.1208	 1.3191	 100.00	1330.41
    726	400824	     46	    9.0	 1225.0	 1219.3	 0.1203	 5.9583	 100.00	1330.45
    727	400824	     46	    7.0	 1228.0	 1219.3	 0.1197	 1.5368	 100.00	1330.48
    728	400824	     46	   15.0	 1225.0	 1219.3	 0.1213	 5.7944	 100.00	1330.55
    729	400824	     46	    6.0	 1225.0	 1219.3	 0.1213	 9.5857	 100.00	1330.55
    730	400824	     46	   12.0	 1225.0	 1219.4	 0.1212	11.9510	 100.00	1330.59
    731	400824	     46	    6.0	 1225.0	 1219.4	 0.1201	 1.9496	 100.00	1330.63
    732	400824	     46	   11.0	 1226.0	 1219.4	 0.1202	 5.1662	 100.00	1330.66
    733	400824	     46	   10.0	 1228.0	 1219.4	 0.1210	13.2740	 100.00	1330.71
    734	400824	     46	   10.0	 1228.0	 1219.4	 0.1201	 4.2383	 100.00	1330.72
    735	400824	     46	    8.0	 1228.0	 1219.4	 0.1203	21.1794	 100.00	1330.76
    736	400824	     46	    9.0	 1225.0	 1219.4	 0.1211	29.1975	 100.00	1330.80
    737	400824	     46	    7.0	 1228.0	 1219.4	 0.1206	 9.6407	 100.00	1330.84
    738	400824	     46	   21.0	 1219.0	 1219.4	 0.1224	51.8571	 100.00	1330.88
    739	400824	     46	    9.0	 1222.0	 1219.4	 0.1216	 1.8425	 100.00	1330.92
    740	400824	     46	   12.0	 1220.0	 1219.4	 0.1209	 1.3074	 100.00	1330.95
    741	400824	     46	    7.0	 1225.0	 1219.4	 0.1199	 1.8486	 100.00	1330.98
    742	400824	     46	    9.0	 1220.0	 1219.4	 0.1193	10.1141	 100.00	1331.02
    743	400824	     46	   13.0	 1227.0	 1219.4	 0.1187	 8.8141	 100.00	1331.05
    744	400824	     46	    9.0	 1222.0	 1219.5	 0.1184	12.5705	 100.00	1331.07
    745	400824	     46	    8.0	 1222.0	 1219.5	 0.1179	10.9231	 100.00	1331.11
    746	400824	     46	    8.0	 1222.0	 1219.5	 0.1185	15.3395	 100.00	1331.15
    747	400824	     46	    6.0	 1222.0	 1219.5	 0.1180	 3.4109	 100.00	1331.18
    748	400824	     46	   19.0	 1225.0	 1219.5	 0.1186	 8.5026	 100.00	1331.20
    749	400824	     46	    6.0	 1225.0	 1219.5	 0.1181	 2.3266	 100.00	1331.23
    750	400824	     46	    8.0	 1225.0	 1219.5	 0.1183	14.9657	 100.00	1330.95
    751	400824	     46	    8.0	 1225.0	 1219.5	 0.1183	 6.6103	 100.00	1330.98
    752	400824	     46	    9.0	 1220.0	 1219.5	 0.1182	14.4878	 100.00	1330.99
    753	400824	     46	   13.0	 1227.0	 1219.5	 0.1180	10.7929	 100.00	1331.02
    754	400824	     46	    9.0	 1222.0	 1219.5	 0.1173	 2.5475	 100.00	1331.05
    755	400824	     46	    7.0	 1227.0	 1219.5	 0.1169	 4.9634	 100.00	1330.37
    756	400160	     46	    7.0	 1227.0	 1219.5	 0.1169	 4.9634	 100.00	1328.88
