./asc:main.c:294: warning: auxv random bytes were not cleared
  Round	    PC	Excited	Hamming	   Loss	 Regret	    MSE	  Error	   MIPS
      0	400144	     30	42319.0	42319.0	42319.0	 0.1982	 100.00	  51.89
      1	40080a	     30	 1220.0	43531.0	21765.5	 0.2148	 100.00	 254.53
      2	40080a	     34	    8.0	43531.0	14510.3	 0.2504	 100.00	 448.96
      3	40080a	     36	   10.0	43533.0	10883.2	 0.2529	 100.00	 532.38
      4	40080a	     37	   10.0	43531.0	17412.8	 0.2481	 100.00	 597.82
      5	40080a	     37	    6.0	43537.0	21766.8	 0.2318	 100.00	 621.84
      6	40080a	     38	   12.0	43533.0	24876.3	 0.2528	 100.00	 707.97
      7	40080a	     38	    8.0	43537.0	27208.9	 0.2339	 100.00	 722.08
      8	40080a	     38	   10.0	43531.0	29022.4	 0.2108	 100.00	 766.36
      9	40080a	     38	    6.0	43533.0	30473.5	 0.1944	 100.00	 804.12
     10	40080a	     38	    8.0	43537.0	31661.1	 0.1810	 100.00	 837.85
     11	40080a	     39	   12.0	43533.0	32650.4	 0.2518	 100.00	 892.21
     12	40080a	     39	   12.0	43533.0	33487.5	 0.2385	 100.00	 894.76
     13	40080a	     39	    8.0	43533.0	34205.1	 0.2113	 100.00	 919.04
     14	40080a	     39	    8.0	43537.0	34827.2	 0.1943	 100.00	 939.60
     15	40080a	     39	    6.0	43539.0	35371.7	 0.1747	 100.00	 959.37
     16	40080a	     39	   12.0	43531.0	35851.6	 0.1787	 100.00	 977.33
     17	40080a	     39	    8.0	43535.0	36278.5	 0.1719	 100.00	 993.77
     18	40080a	     39	   10.0	43533.0	36660.3	 0.1591	 100.00	1008.25
     19	40080a	     39	    6.0	43539.0	37004.2	 0.1575	 100.00	1022.35
     20	40080a	     39	   10.0	43537.0	37315.3	 0.1519	 100.00	1034.99
     21	40080a	     40	   16.0	43533.0	37598.0	 0.2461	 100.00	1059.22
     22	40080a	     40	    8.0	43533.0	37856.0	 0.2327	 100.00	1058.33
     23	40080a	     40	    6.0	43539.0	38092.8	 0.1984	 100.00	1069.26
     24	40080a	     40	   10.0	43533.0	38310.4	 0.2055	 100.00	1077.90
     25	40080a	     40	    6.0	43535.0	38511.3	 0.1845	 100.00	1087.45
     26	40080a	     40	   14.0	43533.0	38697.3	 0.1768	 100.00	1095.10
     27	40080a	     40	    6.0	43535.0	38870.1	 0.1656	 100.00	1102.97
     28	40080a	     40	   10.0	43537.0	39031.0	 0.1623	 100.00	1110.69
     29	40080a	     40	    8.0	43537.0	39181.2	 0.1555	 100.00	1118.07
     30	40080a	     40	   10.0	43539.0	39321.8	 0.1472	 100.00	1124.38
     31	40080a	     40	   12.0	43535.0	39453.5	 0.1491	 100.00	1131.15
     32	40080a	     40	    8.0	43531.0	39577.0	 0.1496	 100.00	1137.08
     33	40080a	     40	    6.0	43537.0	39693.5	 0.1471	 100.00	1143.01
     34	40080a	     40	   10.0	43535.0	39803.3	 0.1432	 100.00	1148.47
     35	40080a	     40	    8.0	43539.0	39907.0	 0.1381	 100.00	1153.86
     36	40080a	     40	   14.0	43533.0	40005.0	 0.1391	 100.00	1158.51
     37	40080a	     40	    6.0	43539.0	40098.0	 0.1374	 100.00	1163.14
     38	40080a	     40	    8.0	43539.0	40186.3	 0.1334	 100.00	1167.51
     39	40080a	     40	   10.0	43541.0	40270.1	 0.1307	 100.00	1172.06
     40	40080a	     40	    8.0	43537.0	40349.8	 0.1323	 100.00	1176.19
     41	40080a	     41	   16.0	43529.0	40425.5	 0.2506	 100.00	1185.92
     42	40080a	     41	    8.0	43533.0	40497.8	 0.2451	 100.00	1183.32
     43	40080a	     41	    6.0	43535.0	40566.8	 0.2181	 100.00	1187.18
     44	40080a	     41	   14.0	43533.0	40632.7	 0.1992	 100.00	1190.41
     45	40080a	     41	    6.0	43535.0	40695.8	 0.1861	 100.00	1193.72
     46	40080a	     41	    8.0	43539.0	40756.3	 0.1713	 100.00	1196.67
     47	40080a	     41	   10.0	43537.0	40814.2	 0.1680	 100.00	1199.60
     48	40080a	     41	    8.0	43533.0	40869.7	 0.1641	 100.00	1202.21
     49	40080a	     41	   10.0	43535.0	40923.0	 0.1590	 100.00	1205.00
     50	40080a	     41	    8.0	43535.0	40974.2	 0.1492	 100.00	1207.52
     51	40080a	     41	    6.0	43541.0	41023.6	 0.1455	 100.00	1210.13
     52	40080a	     41	   16.0	43533.0	41070.9	 0.1501	 100.00	1212.81
     53	40080a	     41	    8.0	43537.0	41116.6	 0.1477	 100.00	1215.55
     54	40080a	     41	   10.0	43535.0	41160.6	 0.1404	 100.00	1217.83
     55	40080a	     41	    6.0	43541.0	41203.1	 0.1420	 100.00	1220.36
     56	40080a	     41	    8.0	43537.0	41244.0	 0.1416	 100.00	1222.49
     57	40080a	     41	   10.0	43535.0	41283.5	 0.1396	 100.00	1224.82
     58	40080a	     41	   10.0	43537.0	41321.7	 0.1375	 100.00	1226.93
     59	40080a	     41	    8.0	43537.0	41358.7	 0.1354	 100.00	1229.07
     60	40080a	     41	   10.0	43539.0	41394.4	 0.1349	 100.00	1230.77
     61	40080a	     41	    6.0	43541.0	41429.0	 0.1321	 100.00	1232.82
     62	40080a	     41	   18.0	43535.0	41462.4	 0.1356	 100.00	1234.68
     63	40080a	     41	    6.0	43537.0	41494.9	 0.1331	 100.00	1236.60
     64	40080a	     41	   10.0	43531.0	41526.2	 0.1325	 100.00	1238.45
     65	40080a	     41	    6.0	43537.0	41556.7	 0.1323	 100.00	1240.26
     66	40080a	     41	    8.0	43537.0	41586.2	 0.1303	 100.00	1241.78
     67	40080a	     41	   12.0	43537.0	41614.9	 0.1298	 100.00	1243.53
     68	40080a	     41	   10.0	43535.0	41642.7	 0.1307	 100.00	1245.03
     69	40080a	     41	    6.0	43541.0	41669.8	 0.1295	 100.00	1246.72
     70	40080a	     41	   10.0	43539.0	41696.2	 0.1287	 100.00	1248.26
     71	40080a	     41	    8.0	43543.0	41721.8	 0.1268	 100.00	1249.93
     72	40080a	     41	   14.0	43533.0	41746.6	 0.1306	 100.00	1251.17
     73	40080a	     41	    6.0	43535.0	41770.8	 0.1289	 100.00	1252.79
     74	40080a	     41	    8.0	43539.0	41794.4	 0.1274	 100.00	1254.04
     75	40080a	     41	    8.0	43539.0	41817.3	 0.1273	 100.00	1255.49
     76	40080a	     41	   12.0	43539.0	41839.7	 0.1265	 100.00	1256.56
     77	40080a	     41	   10.0	43537.0	41861.4	 0.1257	 100.00	1257.57
     78	40080a	     41	    8.0	43541.0	41882.7	 0.1244	 100.00	1258.74
     79	40080a	     41	    6.0	43543.0	41903.5	 0.1228	 100.00	1259.70
     80	40080a	     41	   10.0	43537.0	41923.6	 0.1230	 100.00	1260.77
     81	40080a	     41	    8.0	43541.0	41943.4	 0.1237	 100.00	1261.77
     82	40080a	     42	   20.0	43529.0	41962.5	 0.2537	 100.00	1265.25
     83	40080a	     42	    6.0	43535.0	41981.2	 0.2494	 100.00	1263.56
     84	40080a	     42	   10.0	43533.0	41999.4	 0.2245	 100.00	1264.57
     85	40080a	     42	   10.0	43535.0	42017.3	 0.2011	 100.00	1265.39
     86	40080a	     42	    8.0	43535.0	42034.7	 0.1777	 100.00	1266.28
     87	40080a	     42	    6.0	43541.0	42051.9	 0.1668	 100.00	1267.24
     88	40080a	     42	   12.0	43533.0	42068.5	 0.1734	 100.00	1268.28
     89	40080a	     42	    6.0	43535.0	42084.8	 0.1653	 100.00	1269.16
     90	40080a	     42	   12.0	43535.0	42100.7	 0.1562	 100.00	1270.15
     91	40080a	     42	    6.0	43537.0	42116.3	 0.1489	 100.00	1271.04
     92	40080a	     42	   10.0	43539.0	42131.6	 0.1480	 100.00	1272.05
     93	40080a	     42	   12.0	43535.0	42146.6	 0.1497	 100.00	1272.97
     94	40080a	     42	   10.0	43537.0	42161.2	 0.1459	 100.00	1273.88
     95	40080a	     42	    8.0	43537.0	42175.5	 0.1396	 100.00	1274.64
     96	40080a	     42	    8.0	43533.0	42189.5	 0.1400	 100.00	1275.47
     97	40080a	     42	    6.0	43539.0	42203.3	 0.1385	 100.00	1276.26
     98	40080a	     42	   12.0	43535.0	42216.7	 0.1366	 100.00	1277.07
     99	40080a	     42	    8.0	43539.0	42230.0	 0.1337	 100.00	1277.77
    100	40080a	     42	   12.0	43535.0	42242.9	 0.1327	 100.00	1278.53
    101	40080a	     42	    6.0	43541.0	42255.6	 0.1314	 100.00	1279.18
    102	40080a	     42	    8.0	43541.0	42268.1	 0.1269	 100.00	1279.99
    103	40080a	     42	   16.0	43537.0	42280.3	 0.1316	 100.00	1280.68
    104	40080a	     42	    8.0	43533.0	42292.2	 0.1329	 100.00	1281.48
    105	40080a	     42	    8.0	43533.0	42303.9	 0.1292	 100.00	1282.11
    106	40080a	     42	    8.0	43537.0	42315.5	 0.1308	 100.00	1282.83
    107	40080a	     42	    6.0	43539.0	42326.8	 0.1277	 100.00	1283.37
    108	40080a	     42	   16.0	43535.0	42337.9	 0.1290	 100.00	1284.05
    109	40080a	     42	    6.0	43537.0	42348.8	 0.1263	 100.00	1284.55
    110	40080a	     42	    8.0	43541.0	42359.5	 0.1254	 100.00	1285.19
    111	40080a	     42	    8.0	43541.0	42370.1	 0.1255	 100.00	1285.74
    112	40080a	     42	    8.0	43537.0	42380.4	 0.1251	 100.00	1286.41
    113	40080a	     42	   14.0	43535.0	42390.5	 0.1269	 100.00	1287.03
    114	40080a	     42	    8.0	43535.0	42400.5	 0.1239	 100.00	1287.74
    115	40080a	     42	    6.0	43541.0	42410.3	 0.1230	 100.00	1288.27
    116	40080a	     42	   12.0	43537.0	42419.9	 0.1233	 100.00	1288.96
    117	40080a	     42	    8.0	43541.0	42429.4	 0.1220	 100.00	1289.49
    118	40080a	     42	   12.0	43537.0	42438.7	 0.1213	 100.00	1290.18
    119	40080a	     42	    6.0	43543.0	42447.9	 0.1212	 100.00	1290.71
    120	40080a	     42	    8.0	43539.0	42457.0	 0.1217	 100.00	1291.39
    121	40080a	     42	    8.0	43539.0	42465.8	 0.1207	 100.00	1291.94
    122	40080a	     42	   10.0	43541.0	42474.6	 0.1198	 100.00	1292.60
    123	40080a	     42	   16.0	43533.0	42483.1	 0.1225	 100.00	1292.96
    124	40080a	     42	   10.0	43535.0	42491.5	 0.1229	 100.00	1293.50
    125	40080a	     42	    6.0	43537.0	42499.8	 0.1215	 100.00	1293.33
    126	40080a	     42	   12.0	43537.0	42508.0	 0.1204	 100.00	1293.45
    127	40080a	     42	    6.0	43539.0	42516.0	 0.1195	 100.00	1293.87
    128	40080a	     42	   12.0	43531.0	42523.9	 0.1202	 100.00	1294.22
    129	40080a	     42	    6.0	43537.0	42531.7	 0.1197	 100.00	1294.60
    130	40080a	     42	    8.0	43537.0	42539.4	 0.1180	 100.00	1294.78
    131	40080a	     42	   10.0	43539.0	42546.9	 0.1189	 100.00	1295.15
    132	40080a	     42	   10.0	43537.0	42554.4	 0.1175	 100.00	1295.44
    133	40080a	     42	    6.0	43543.0	42561.8	 0.1173	 100.00	1295.83
    134	40080a	     42	   14.0	43537.0	42569.0	 0.1200	 100.00	1296.14
    135	40080a	     42	    8.0	43541.0	42576.1	 0.1181	 100.00	1296.47
    136	40080a	     42	   10.0	43535.0	42583.1	 0.1191	 100.00	1296.59
    137	40080a	     42	    6.0	43537.0	42590.1	 0.1180	 100.00	1296.85
    138	40080a	     42	    8.0	43541.0	42596.9	 0.1175	 100.00	1297.09
    139	40080a	     42	   10.0	43539.0	42603.6	 0.1178	 100.00	1297.34
    140	40080a	     42	   12.0	43539.0	42610.3	 0.1175	 100.00	1297.55
    141	40080a	     42	    8.0	43539.0	42616.8	 0.1168	 100.00	1297.81
    142	40080a	     42	    8.0	43543.0	42623.3	 0.1171	 100.00	1297.98
    143	40080a	     42	    6.0	43545.0	42629.7	 0.1159	 100.00	1298.27
    144	40080a	     42	   16.0	43533.0	42635.9	 0.1185	 100.00	1298.53
    145	40080a	     42	    8.0	43537.0	42642.1	 0.1190	 100.00	1298.85
    146	40080a	     42	   10.0	43535.0	42648.1	 0.1189	 100.00	1299.10
    147	40080a	     42	    6.0	43541.0	42654.2	 0.1186	 100.00	1299.38
    148	40080a	     42	   10.0	43539.0	42660.1	 0.1182	 100.00	1299.58
    149	40080a	     42	   12.0	43539.0	42666.0	 0.1176	 100.00	1299.93
    150	40080a	     42	    8.0	43539.0	42671.8	 0.1164	 100.00	1300.15
    151	40080a	     42	    6.0	43545.0	42677.5	 0.1159	 100.00	1300.45
    152	40080a	     42	   10.0	43539.0	42683.1	 0.1166	 100.00	1300.72
    153	40080a	     42	    6.0	43541.0	42688.7	 0.1151	 100.00	1301.05
    154	40080a	     42	   16.0	43537.0	42694.2	 0.1148	 100.00	1301.20
    155	40080a	     42	    6.0	43539.0	42699.6	 0.1137	 100.00	1301.50
    156	40080a	     42	   10.0	43541.0	42705.0	 0.1152	 100.00	1302.61
    157	40080a	     42	    8.0	43541.0	42710.2	 0.1148	 100.00	1303.66
    158	40080a	     42	   10.0	43543.0	42715.5	 0.1145	 100.00	1304.67
    159	40080a	     42	   10.0	43541.0	42720.6	 0.1142	 100.00	1305.70
    160	40080a	     42	    8.0	43537.0	42725.7	 0.1145	 100.00	1306.61
    161	40080a	     42	    6.0	43543.0	42730.8	 0.1134	 100.00	1307.63
    162	40080a	     42	   10.0	43541.0	42735.7	 0.1130	 100.00	1308.61
    163	40080a	     42	    8.0	43545.0	42740.7	 0.1124	 100.00	1309.59
    164	40080a	     43	   24.0	43529.0	42745.4	 0.2518	 100.00	1311.42
    165	40080a	     43	    6.0	43535.0	42750.2	 0.2520	 100.00	1309.86
    166	40080a	     43	    8.0	43535.0	42754.9	 0.2270	 100.00	1309.79
    167	40080a	     43	   10.0	43537.0	42759.6	 0.1982	 100.00	1309.34
    168	40080a	     43	    8.0	43533.0	42764.1	 0.1954	 100.00	1308.88
    169	40080a	     43	   10.0	43531.0	42768.6	 0.1845	 100.00	1308.46
    170	40080a	     43	    8.0	43535.0	42773.1	 0.1778	 100.00	1308.02
    171	40080a	     43	    6.0	43537.0	42777.6	 0.1630	 100.00	1307.70
    172	40080a	     43	   14.0	43535.0	42781.9	 0.1607	 100.00	1308.41
    173	40080a	     43	    6.0	43537.0	42786.3	 0.1524	 100.00	1309.28
    174	40080a	     43	    8.0	43541.0	42790.6	 0.1469	 100.00	1310.15
    175	40080a	     43	   12.0	43537.0	42794.8	 0.1485	 100.00	1311.07
    176	40080a	     43	    8.0	43533.0	42799.0	 0.1465	 100.00	1311.86
    177	40080a	     43	   10.0	43535.0	42803.1	 0.1437	 100.00	1312.71
    178	40080a	     43	    8.0	43535.0	42807.2	 0.1382	 100.00	1313.48
    179	40080a	     43	    6.0	43541.0	42811.3	 0.1354	 100.00	1314.32
    180	40080a	     43	   14.0	43535.0	42815.3	 0.1358	 100.00	1315.11
    181	40080a	     43	    8.0	43539.0	42819.3	 0.1324	 100.00	1315.94
    182	40080a	     43	   10.0	43537.0	42823.2	 0.1294	 100.00	1316.72
    183	40080a	     43	    6.0	43543.0	42827.1	 0.1277	 100.00	1317.54
    184	40080a	     43	    8.0	43539.0	42831.0	 0.1276	 100.00	1318.27
    185	40080a	     43	   14.0	43533.0	42834.7	 0.1294	 100.00	1319.07
    186	40080a	     43	   10.0	43535.0	42838.5	 0.1288	 100.00	1319.70
    187	40080a	     43	    8.0	43535.0	42842.2	 0.1255	 100.00	1320.47
    188	40080a	     43	   10.0	43537.0	42845.9	 0.1288	 100.00	1321.20
    189	40080a	     43	    6.0	43539.0	42849.5	 0.1251	 100.00	1321.97
    190	40080a	     43	   14.0	43537.0	42853.1	 0.1263	 100.00	1322.77
    191	40080a	     43	    6.0	43539.0	42856.7	 0.1236	 100.00	1323.40
    192	40080a	     43	   10.0	43533.0	42860.2	 0.1241	 100.00	1324.14
    193	40080a	     43	    6.0	43539.0	42863.7	 0.1237	 100.00	1324.85
    194	40080a	     43	    8.0	43539.0	42867.1	 0.1210	 100.00	1325.58
    195	40080a	     43	   14.0	43537.0	42870.6	 0.1220	 100.00	1326.27
    196	40080a	     43	   10.0	43535.0	42873.9	 0.1207	 100.00	1326.99
    197	40080a	     43	    6.0	43541.0	42877.3	 0.1205	 100.00	1327.62
    198	40080a	     43	   10.0	43539.0	42880.6	 0.1199	 100.00	1328.32
    199	40080a	     43	    8.0	43543.0	42883.9	 0.1181	 100.00	1329.00
    200	40080a	     43	   12.0	43535.0	42887.2	 0.1194	 100.00	1329.67
    201	40080a	     43	    6.0	43537.0	42890.4	 0.1177	 100.00	1330.25
    202	40080a	     43	    8.0	43541.0	42893.6	 0.1168	 100.00	1330.93
    203	40080a	     43	    8.0	43541.0	42896.8	 0.1171	 100.00	1331.53
    204	40080a	     43	   12.0	43541.0	42899.9	 0.1157	 100.00	1332.14
    205	40080a	     43	   16.0	43533.0	42903.0	 0.1197	 100.00	1332.78
    206	40080a	     43	    8.0	43537.0	42906.1	 0.1193	 100.00	1333.40
    207	40080a	     43	    6.0	43539.0	42909.1	 0.1185	 100.00	1334.03
    208	40080a	     43	   10.0	43533.0	42912.1	 0.1191	 100.00	1334.64
    209	40080a	     43	    8.0	43537.0	42915.1	 0.1192	 100.00	1335.24
    210	40080a	     43	   12.0	43533.0	42918.0	 0.1197	 100.00	1335.78
    211	40080a	     43	    6.0	43539.0	42920.9	 0.1195	 100.00	1336.38
    212	40080a	     43	   10.0	43537.0	42923.8	 0.1190	 100.00	1336.95
    213	40080a	     43	   10.0	43539.0	42926.7	 0.1185	 100.00	1337.56
    214	40080a	     43	    8.0	43539.0	42929.5	 0.1172	 100.00	1338.14
    215	40080a	     43	    6.0	43545.0	42932.4	 0.1179	 100.00	1338.75
    216	40080a	     43	   14.0	43535.0	42935.2	 0.1188	 100.00	1339.34
    217	40080a	     43	    6.0	43537.0	42937.9	 0.1190	 100.00	1339.92
    218	40080a	     43	   12.0	43537.0	42940.7	 0.1180	 100.00	1340.40
    219	40080a	     43	    6.0	43539.0	42943.4	 0.1177	 100.00	1340.97
    220	40080a	     43	   10.0	43541.0	42946.1	 0.1179	 100.00	1341.53
    221	40080a	     43	   10.0	43539.0	42948.8	 0.1187	 100.00	1342.08
    222	40080a	     43	   10.0	43541.0	42951.4	 0.1178	 100.00	1342.70
    223	40080a	     43	    8.0	43541.0	42954.0	 0.1169	 100.00	1343.15
    224	40080a	     43	    8.0	43537.0	42956.6	 0.1170	 100.00	1343.71
    225	40080a	     43	    6.0	43543.0	42959.2	 0.1165	 100.00	1344.24
    226	40080a	     43	   16.0	43535.0	42961.8	 0.1186	 100.00	1344.78
    227	40080a	     43	    8.0	43539.0	42964.3	 0.1173	 100.00	1345.31
    228	40080a	     43	   12.0	43535.0	42966.8	 0.1175	 100.00	1345.85
    229	40080a	     43	    6.0	43541.0	42969.3	 0.1164	 100.00	1346.32
    230	40080a	     43	    8.0	43541.0	42971.8	 0.1160	 100.00	1346.85
    231	40080a	     43	   12.0	43541.0	42974.2	 0.1161	 100.00	1347.11
    232	40080a	     43	    8.0	43537.0	42976.6	 0.1158	 100.00	1347.22
    233	40080a	     43	    8.0	43537.0	42979.0	 0.1154	 100.00	1347.31
    234	40080a	     43	    8.0	43541.0	42981.4	 0.1145	 100.00	1347.42
    235	40080a	     43	    6.0	43543.0	42983.8	 0.1138	 100.00	1347.45
    236	40080a	     43	   18.0	43537.0	42986.1	 0.1153	 100.00	1347.55
    237	40080a	     43	    6.0	43539.0	42988.4	 0.1154	 100.00	1347.62
    238	40080a	     43	    8.0	43543.0	42990.8	 0.1146	 100.00	1347.71
    239	40080a	     43	    8.0	43543.0	42993.1	 0.1139	 100.00	1347.79
    240	40080a	     43	    8.0	43539.0	42995.3	 0.1136	 100.00	1347.89
    241	40080a	     43	   12.0	43539.0	42997.6	 0.1139	 100.00	1347.92
    242	40080a	     43	    8.0	43539.0	42999.8	 0.1130	 100.00	1348.01
    243	40080a	     43	    6.0	43545.0	43002.0	 0.1134	 100.00	1348.08
    244	40080a	     43	   12.0	43541.0	43004.2	 0.1122	 100.00	1348.17
    245	40080a	     43	    8.0	43545.0	43006.4	 0.1113	 100.00	1348.25
    246	40080a	     43	   20.0	43533.0	43008.6	 0.1136	 100.00	1348.35
    247	40080a	     43	    6.0	43539.0	43010.7	 0.1138	 100.00	1348.37
    248	40080a	     43	    8.0	43535.0	43012.8	 0.1128	 100.00	1348.47
    249	40080a	     43	    8.0	43535.0	43014.9	 0.1117	 100.00	1348.54
    250	40080a	     43	   10.0	43537.0	43017.0	 0.1108	 100.00	1348.63
    251	40080a	     43	   10.0	43535.0	43019.0	 0.1102	 100.00	1348.69
    252	40080a	     43	   10.0	43537.0	43021.1	 0.1094	 100.00	1348.78
    253	40080a	     43	    6.0	43539.0	43023.1	 0.1084	 100.00	1348.81
    254	40080a	     43	   12.0	43539.0	43025.2	 0.1078	 100.00	1348.90
    255	40080a	     43	    6.0	43541.0	43027.2	 0.1073	 100.00	1348.96
    256	40080a	     43	   14.0	43531.0	43029.1	 0.1087	 100.00	1349.05
    257	40080a	     43	    6.0	43537.0	43031.1	 0.1092	 100.00	1349.11
    258	40080a	     43	    8.0	43537.0	43033.1	 0.1082	 100.00	1349.20
    259	40080a	     43	   10.0	43539.0	43035.0	 0.1072	 100.00	1349.20
    260	40080a	     43	   10.0	43537.0	43036.9	 0.1064	 100.00	1349.29
    261	40080a	     43	    6.0	43543.0	43038.9	 0.1059	 100.00	1349.34
    262	40080a	     43	   12.0	43539.0	43040.8	 0.1058	 100.00	1349.44
    263	40080a	     43	    8.0	43543.0	43042.7	 0.1048	 100.00	1349.50
    264	40080a	     43	   10.0	43537.0	43044.5	 0.1042	 100.00	1349.59
    265	40080a	     43	    6.0	43539.0	43046.4	 0.1032	 100.00	1349.61
    266	40080a	     43	    8.0	43543.0	43048.2	 0.1030	 100.00	1349.68
    267	40080a	     43	   14.0	43537.0	43050.1	 0.1037	 100.00	1349.74
    268	40080a	     43	   12.0	43537.0	43051.9	 0.1030	 100.00	1349.82
    269	40080a	     43	    8.0	43537.0	43053.7	 0.1029	 100.00	1349.87
    270	40080a	     43	    8.0	43541.0	43055.5	 0.1022	 100.00	1349.95
    271	40080a	     43	    6.0	43543.0	43057.3	 0.1013	 100.00	1349.97
    272	40080a	     43	   12.0	43535.0	43059.0	 0.1024	 100.00	1350.05
    273	40080a	     43	    8.0	43539.0	43060.8	 0.1019	 100.00	1350.10
    274	40080a	     43	   10.0	43537.0	43062.5	 0.1013	 100.00	1350.18
    275	40080a	     43	    6.0	43543.0	43064.2	 0.1010	 100.00	1350.25
    276	40080a	     43	   10.0	43541.0	43066.0	 0.1010	 100.00	1350.49
    277	40080a	     43	   14.0	43539.0	43067.7	 0.1012	 100.00	1350.50
    278	40080a	     43	    8.0	43539.0	43069.3	 0.1003	 100.00	1350.59
    279	40080a	     43	    6.0	43545.0	43071.0	 0.1003	 100.00	1350.61
    280	40080a	     43	   10.0	43539.0	43072.7	 0.1003	 100.00	1350.69
    281	40080a	     43	    6.0	43541.0	43074.4	 0.0996	 100.00	1350.75
    282	40080a	     43	   14.0	43539.0	43076.0	 0.0993	 100.00	1350.84
    283	40080a	     43	    6.0	43541.0	43077.7	 0.0992	 100.00	1350.81
    284	40080a	     43	   10.0	43543.0	43079.3	 0.0998	 100.00	1350.90
    285	40080a	     43	    8.0	43543.0	43080.9	 0.0999	 100.00	1350.93
    286	40080a	     43	   10.0	43545.0	43082.5	 0.0998	 100.00	1350.98
    287	40080a	     43	   16.0	43537.0	43084.1	 0.1008	 100.00	1351.02
    288	40080a	     43	    8.0	43533.0	43085.7	 0.1007	 100.00	1351.00
    289	40080a	     43	    6.0	43539.0	43087.2	 0.1003	 100.00	1351.04
    290	40080a	     43	   10.0	43537.0	43088.8	 0.0999	 100.00	1351.10
    291	40080a	     43	    8.0	43541.0	43090.3	 0.0994	 100.00	1351.16
    292	40080a	     43	   14.0	43535.0	43091.8	 0.0995	 100.00	1351.22
    293	40080a	     43	    6.0	43541.0	43093.4	 0.0987	 100.00	1351.25
    294	40080a	     43	    8.0	43541.0	43094.9	 0.0981	 100.00	1351.22
    295	40080a	     43	   10.0	43543.0	43096.4	 0.0977	 100.00	1351.28
    296	40080a	     43	    8.0	43539.0	43097.9	 0.0976	 100.00	1351.34
    297	40080a	     43	   12.0	43535.0	43099.3	 0.0979	 100.00	1351.38
    298	40080a	     43	    8.0	43539.0	43100.8	 0.0975	 100.00	1351.40
    299	40080a	     43	    6.0	43541.0	43102.3	 0.0969	 100.00	1351.44
    300	40080a	     43	   14.0	43539.0	43103.7	 0.0967	 100.00	1351.40
    301	40080a	     43	    6.0	43541.0	43105.2	 0.0964	 100.00	1351.47
    302	40080a	     43	    8.0	43545.0	43106.6	 0.0969	 100.00	1351.51
    303	40080a	     43	   10.0	43543.0	43108.1	 0.0966	 100.00	1351.58
    304	40080a	     43	    8.0	43539.0	43109.5	 0.0970	 100.00	1351.60
    305	40080a	     43	   10.0	43541.0	43110.9	 0.0963	 100.00	1351.67
    306	40080a	     43	    8.0	43541.0	43112.3	 0.0959	 100.00	1351.59
    307	40080a	     43	    6.0	43547.0	43113.7	 0.0961	 100.00	1351.65
    308	40080a	     43	   18.0	43537.0	43115.1	 0.0967	 100.00	1351.71
    309	40080a	     43	    8.0	43541.0	43116.4	 0.0960	 100.00	1351.77
    310	40080a	     43	   10.0	43539.0	43117.8	 0.0956	 100.00	1351.78
    311	40080a	     43	    6.0	43545.0	43119.2	 0.0956	 100.00	1351.83
    312	40080a	     43	    8.0	43541.0	43120.5	 0.0956	 100.00	1351.85
    313	40080a	     43	   10.0	43539.0	43121.9	 0.0951	 100.00	1351.90
    314	40080a	     43	   10.0	43541.0	43123.2	 0.0949	 100.00	1351.95
    315	40080a	     43	    8.0	43541.0	43124.5	 0.0947	 100.00	1352.02
    316	40080a	     43	   10.0	43543.0	43125.8	 0.0947	 100.00	1352.11
    317	40080a	     43	    6.0	43545.0	43127.1	 0.0943	 100.00	1352.21
    318	40080a	     43	   16.0	43541.0	43128.4	 0.0946	 100.00	1352.26
    319	40080a	     43	    6.0	43543.0	43129.7	 0.0940	 100.00	1352.35
    320	40080a	     43	   10.0	43537.0	43131.0	 0.0942	 100.00	1352.40
    321	40080a	     43	    6.0	43543.0	43132.3	 0.0936	 100.00	1352.45
    322	40080a	     43	    8.0	43543.0	43133.6	 0.0931	 100.00	1352.47
    323	40080a	     43	   12.0	43543.0	43134.8	 0.0932	 100.00	1352.54
    324	40080a	     43	   10.0	43541.0	43136.1	 0.0930	 100.00	1352.54
    325	40080a	     43	    6.0	43547.0	43137.3	 0.0926	 100.00	1352.60
    326	40080a	     43	   10.0	43545.0	43138.6	 0.0923	 100.00	1352.79
    327	40080a	     43	    8.0	43549.0	43139.8	 0.0921	 100.00	1352.85
    328	40080a	     44	   24.0	43529.0	43141.0	 0.2481	 100.00	1353.49
    329	40080a	     44	    6.0	43531.0	43142.2	 0.2535	 100.00	1352.52
    330	40080a	     44	    8.0	43535.0	43143.4	 0.2302	 100.00	1352.60
    331	40080a	     44	    8.0	43535.0	43144.6	 0.2003	 100.00	1352.65
    332	40080a	     44	   12.0	43535.0	43145.7	 0.1888	 100.00	1352.70
    333	40080a	     44	   10.0	43533.0	43146.9	 0.1774	 100.00	1352.74
    334	40080a	     44	    8.0	43537.0	43148.1	 0.1713	 100.00	1352.78
    335	40080a	     44	    6.0	43539.0	43149.2	 0.1584	 100.00	1352.83
    336	40080a	     44	   10.0	43533.0	43150.4	 0.1588	 100.00	1352.83
    337	40080a	     44	    8.0	43537.0	43151.5	 0.1513	 100.00	1352.89
    338	40080a	     44	   14.0	43531.0	43152.6	 0.1528	 100.00	1352.93
    339	40080a	     44	    6.0	43537.0	43153.8	 0.1505	 100.00	1352.98
    340	40080a	     44	   10.0	43535.0	43154.9	 0.1453	 100.00	1353.02
    341	40080a	     44	   10.0	43537.0	43156.0	 0.1423	 100.00	1353.07
    342	40080a	     44	    8.0	43537.0	43157.1	 0.1364	 100.00	1353.09
    343	40080a	     44	    6.0	43543.0	43158.2	 0.1336	 100.00	1353.14
    344	40080a	     44	   12.0	43535.0	43159.3	 0.1374	 100.00	1353.18
    345	40080a	     44	    6.0	43537.0	43160.4	 0.1415	 100.00	1353.24
    346	40080a	     44	   12.0	43537.0	43161.5	 0.1365	 100.00	1353.24
    347	40080a	     44	    6.0	43539.0	43162.6	 0.1361	 100.00	1353.31
    348	40080a	     44	   10.0	43541.0	43163.7	 0.1371	 100.00	1353.32
    349	40080a	     44	   14.0	43535.0	43164.7	 0.1431	 100.00	1353.38
    350	40080a	     44	   10.0	43537.0	43165.8	 0.1387	 100.00	1353.42
    351	40080a	     44	    8.0	43537.0	43166.8	 0.1368	 100.00	1353.47
    352	40080a	     44	    8.0	43533.0	43167.9	 0.1365	 100.00	1353.52
    353	40080a	     44	    6.0	43539.0	43168.9	 0.1373	 100.00	1353.57
    354	40080a	     44	   12.0	43535.0	43170.0	 0.1368	 100.00	1353.57
    355	40080a	     44	    8.0	43539.0	43171.0	 0.1354	 100.00	1353.62
    356	40080a	     44	   12.0	43535.0	43172.0	 0.1336	 100.00	1353.66
    357	40080a	     44	    6.0	43541.0	43173.0	 0.1332	 100.00	1353.70
    358	40080a	     44	    8.0	43541.0	43174.1	 0.1312	 100.00	1353.75
    359	40080a	     44	   14.0	43539.0	43175.1	 0.1333	 100.00	1353.80
    360	40080a	     44	    8.0	43535.0	43176.1	 0.1329	 100.00	1353.77
    361	40080a	     44	    8.0	43535.0	43177.1	 0.1319	 100.00	1353.85
    362	40080a	     44	    8.0	43539.0	43178.1	 0.1303	 100.00	1353.86
    363	40080a	     44	    6.0	43541.0	43179.1	 0.1284	 100.00	1353.93
    364	40080a	     44	   16.0	43537.0	43180.0	 0.1293	 100.00	1353.95
    365	40080a	     44	    6.0	43539.0	43181.0	 0.1285	 100.00	1354.04
    366	40080a	     44	    8.0	43543.0	43182.0	 0.1271	 100.00	1354.07
    367	40080a	     44	    8.0	43543.0	43183.0	 0.1279	 100.00	1354.13
    368	40080a	     44	    8.0	43539.0	43184.0	 0.1270	 100.00	1354.15
    369	40080a	     44	   18.0	43533.0	43184.9	 0.1320	 100.00	1354.18
    370	40080a	     44	    8.0	43533.0	43185.8	 0.1299	 100.00	1354.23
    371	40080a	     44	    6.0	43539.0	43186.8	 0.1296	 100.00	1354.25
    372	40080a	     44	   12.0	43535.0	43187.7	 0.1294	 100.00	1354.28
    373	40080a	     44	    8.0	43539.0	43188.7	 0.1287	 100.00	1354.32
    374	40080a	     44	   12.0	43535.0	43189.6	 0.1281	 100.00	1354.36
    375	40080a	     44	    6.0	43541.0	43190.5	 0.1282	 100.00	1354.39
    376	40080a	     44	    8.0	43537.0	43191.4	 0.1275	 100.00	1354.43
    377	40080a	     44	    8.0	43537.0	43192.4	 0.1266	 100.00	1354.44
    378	40080a	     44	   10.0	43539.0	43193.3	 0.1249	 100.00	1354.48
    379	40080a	     44	   12.0	43535.0	43194.2	 0.1265	 100.00	1354.52
    380	40080a	     44	   10.0	43537.0	43195.1	 0.1259	 100.00	1354.56
    381	40080a	     44	    6.0	43539.0	43196.0	 0.1246	 100.00	1354.60
    382	40080a	     44	   12.0	43539.0	43196.9	 0.1245	 100.00	1354.64
    383	40080a	     44	    6.0	43541.0	43197.8	 0.1231	 100.00	1354.64
    384	40080a	     44	   12.0	43533.0	43198.6	 0.1247	 100.00	1354.69
    385	40080a	     44	    6.0	43539.0	43199.5	 0.1242	 100.00	1354.70
    386	40080a	     44	    8.0	43539.0	43200.4	 0.1228	 100.00	1354.74
    387	40080a	     44	   10.0	43541.0	43201.3	 0.1222	 100.00	1354.74
    388	40080a	     44	   10.0	43539.0	43202.1	 0.1221	 100.00	1354.78
    389	40080a	     44	    6.0	43545.0	43203.0	 0.1222	 100.00	1354.77
    390	40080a	     44	   16.0	43537.0	43203.9	 0.1234	 100.00	1354.82
    391	40080a	     44	    8.0	43541.0	43204.7	 0.1225	 100.00	1354.83
    392	40080a	     44	   10.0	43535.0	43205.6	 0.1229	 100.00	1354.87
    393	40080a	     44	    6.0	43537.0	43206.4	 0.1236	 100.00	1354.86
    394	40080a	     44	    8.0	43541.0	43207.3	 0.1237	 100.00	1354.90
    395	40080a	     44	   10.0	43539.0	43208.1	 0.1231	 100.00	1354.95
    396	40080a	     44	   12.0	43539.0	43208.9	 0.1227	 100.00	1354.99
    397	40080a	     44	    8.0	43539.0	43209.8	 0.1224	 100.00	1355.02
    398	40080a	     44	    8.0	43543.0	43210.6	 0.1223	 100.00	1355.06
    399	40080a	     44	    6.0	43545.0	43211.4	 0.1219	 100.00	1355.06
    400	40080a	     44	   14.0	43535.0	43212.2	 0.1222	 100.00	1355.10
    401	40080a	     44	    8.0	43539.0	43213.0	 0.1215	 100.00	1355.10
    402	40080a	     44	   10.0	43537.0	43213.9	 0.1210	 100.00	1355.13
    403	40080a	     44	    6.0	43543.0	43214.7	 0.1208	 100.00	1355.16
    404	40080a	     44	   10.0	43541.0	43215.5	 0.1202	 100.00	1355.20
    405	40080a	     44	   12.0	43541.0	43216.3	 0.1204	 100.00	1355.22
    406	40080a	     44	    8.0	43541.0	43217.1	 0.1195	 100.00	1355.30
    407	40080a	     44	    6.0	43547.0	43217.9	 0.1194	 100.00	1355.32
    408	40080a	     44	   10.0	43541.0	43218.7	 0.1201	 100.00	1355.35
    409	40080a	     44	    6.0	43543.0	43219.5	 0.1192	 100.00	1355.37
    410	40080a	     44	   22.0	43533.0	43220.2	 0.1210	 100.00	1355.41
    411	40080a	     44	    6.0	43535.0	43221.0	 0.1196	 100.00	1355.44
    412	40080a	     44	   10.0	43537.0	43221.8	 0.1200	 100.00	1355.47
    413	40080a	     44	    8.0	43537.0	43222.5	 0.1190	 100.00	1355.47
    414	40080a	     44	   10.0	43539.0	43223.3	 0.1179	 100.00	1355.51
    415	40080a	     44	   10.0	43537.0	43224.0	 0.1170	 100.00	1355.54
    416	40080a	     44	    8.0	43533.0	43224.8	 0.1169	 100.00	1355.52
    417	40080a	     44	    6.0	43539.0	43225.5	 0.1170	 100.00	1355.55
    418	40080a	     44	   10.0	43537.0	43226.3	 0.1165	 100.00	1355.55
    419	40080a	     44	    8.0	43541.0	43227.0	 0.1162	 100.00	1355.55
    420	40080a	     44	   16.0	43533.0	43227.7	 0.1167	 100.00	1355.56
    421	40080a	     44	    6.0	43539.0	43228.5	 0.1168	 100.00	1355.59
    422	40080a	     44	    8.0	43539.0	43229.2	 0.1163	 100.00	1355.62
    423	40080a	     44	   10.0	43541.0	43230.0	 0.1159	 100.00	1355.65
    424	40080a	     44	    8.0	43537.0	43230.7	 0.1161	 100.00	1355.68
    425	40080a	     44	   10.0	43535.0	43231.4	 0.1159	 100.00	1355.66
    426	40080a	     44	    8.0	43539.0	43232.1	 0.1154	 100.00	1355.71
    427	40080a	     44	    6.0	43541.0	43232.8	 0.1147	 100.00	1355.72
    428	40080a	     44	   14.0	43539.0	43233.5	 0.1137	 100.00	1355.77
    429	40080a	     44	    6.0	43541.0	43234.3	 0.1127	 100.00	1355.79
    430	40080a	     44	    8.0	43545.0	43235.0	 0.1120	 100.00	1355.84
    431	40080a	     44	   14.0	43539.0	43235.7	 0.1123	 100.00	1355.83
    432	40080a	     44	    8.0	43535.0	43236.4	 0.1124	 100.00	1355.88
    433	40080a	     44	   10.0	43537.0	43237.1	 0.1119	 100.00	1355.90
    434	40080a	     44	    8.0	43537.0	43237.8	 0.1111	 100.00	1355.94
    435	40080a	     44	    6.0	43543.0	43238.5	 0.1109	 100.00	1355.94
    436	40080a	     44	   14.0	43537.0	43239.1	 0.1109	 100.00	1355.98
    437	40080a	     44	    8.0	43541.0	43239.8	 0.1108	 100.00	1355.97
    438	40080a	     44	   10.0	43539.0	43240.5	 0.1103	 100.00	1356.01
    439	40080a	     44	    6.0	43545.0	43241.2	 0.1100	 100.00	1356.04
    440	40080a	     44	    8.0	43541.0	43241.9	 0.1102	 100.00	1356.07
    441	40080a	     44	   12.0	43537.0	43242.5	 0.1111	 100.00	1356.10
    442	40080a	     44	   10.0	43539.0	43243.2	 0.1107	 100.00	1356.14
    443	40080a	     44	    8.0	43539.0	43243.9	 0.1101	 100.00	1356.15
    444	40080a	     44	   10.0	43541.0	43244.6	 0.1099	 100.00	1356.17
    445	40080a	     44	    6.0	43543.0	43245.2	 0.1092	 100.00	1356.20
    446	40080a	     44	   14.0	43541.0	43245.9	 0.1094	 100.00	1356.23
    447	40080a	     44	    6.0	43543.0	43246.5	 0.1085	 100.00	1356.26
    448	40080a	     44	   10.0	43537.0	43247.2	 0.1088	 100.00	1356.30
    449	40080a	     44	    6.0	43543.0	43247.9	 0.1082	 100.00	1356.30
    450	40080a	     44	    8.0	43543.0	43248.5	 0.1073	 100.00	1356.36
    451	40080a	     44	   18.0	43537.0	43249.1	 0.1081	 100.00	1356.37
    452	40080a	     44	   10.0	43535.0	43249.8	 0.1077	 100.00	1356.43
    453	40080a	     44	    6.0	43541.0	43250.4	 0.1070	 100.00	1356.44
    454	40080a	     44	   10.0	43539.0	43251.1	 0.1063	 100.00	1356.49
    455	40080a	     44	    8.0	43543.0	43251.7	 0.1062	 100.00	1356.47
    456	40080a	     44	   12.0	43535.0	43252.3	 0.1064	 100.00	1356.50
    457	40080a	     44	    6.0	43537.0	43252.9	 0.1063	 100.00	1356.53
    458	40080a	     44	    8.0	43541.0	43253.6	 0.1060	 100.00	1356.57
    459	40080a	     44	    8.0	43541.0	43254.2	 0.1055	 100.00	1356.57
    460	40080a	     44	   12.0	43541.0	43254.8	 0.1054	 100.00	1356.56
    461	40080a	     44	   12.0	43537.0	43255.4	 0.1055	 100.00	1356.60
    462	40080a	     44	    8.0	43541.0	43256.0	 0.1049	 100.00	1356.63
    463	40080a	     44	    6.0	43543.0	43256.7	 0.1045	 100.00	1356.65
    464	40080a	     44	   10.0	43537.0	43257.3	 0.1045	 100.00	1356.68
    465	40080a	     44	    8.0	43541.0	43257.9	 0.1041	 100.00	1356.71
    466	40080a	     44	   12.0	43537.0	43258.5	 0.1043	 100.00	1356.72
    467	40080a	     44	    6.0	43543.0	43259.1	 0.1035	 100.00	1356.75
    468	40080a	     44	   10.0	43541.0	43259.7	 0.1033	 100.00	1356.77
    469	40080a	     44	   10.0	43543.0	43260.3	 0.1029	 100.00	1356.80
    470	40080a	     44	    8.0	43543.0	43260.9	 0.1024	 100.00	1356.83
    471	40080a	     44	    6.0	43549.0	43261.5	 0.1021	 100.00	1356.86
    472	40080a	     44	   16.0	43537.0	43262.1	 0.1026	 100.00	1356.87
    473	40080a	     44	    6.0	43539.0	43262.7	 0.1019	 100.00	1356.90
    474	40080a	     44	   12.0	43539.0	43263.2	 0.1021	 100.00	1356.90
    475	40080a	     44	    6.0	43541.0	43263.8	 0.1020	 100.00	1356.89
    476	40080a	     44	   10.0	43543.0	43264.4	 0.1017	 100.00	1356.91
    477	40080a	     44	   10.0	43541.0	43265.0	 0.1017	 100.00	1356.92
    478	40080a	     44	   10.0	43543.0	43265.6	 0.1013	 100.00	1356.91
    479	40080a	     44	    8.0	43543.0	43266.1	 0.1007	 100.00	1356.94
    480	40080a	     44	    8.0	43539.0	43266.7	 0.1011	 100.00	1356.95
    481	40080a	     44	    6.0	43545.0	43267.3	 0.1007	 100.00	1356.96
    482	40080a	     44	   14.0	43539.0	43267.8	 0.1015	 100.00	1357.00
    483	40080a	     44	    8.0	43543.0	43268.4	 0.1009	 100.00	1357.03
    484	40080a	     44	   12.0	43539.0	43269.0	 0.1008	 100.00	1357.06
    485	40080a	     44	    6.0	43545.0	43269.5	 0.1002	 100.00	1357.09
    486	40080a	     44	    8.0	43545.0	43270.1	 0.1000	 100.00	1357.12
    487	40080a	     44	   12.0	43545.0	43270.7	 0.0996	 100.00	1357.15
    488	40080a	     44	    8.0	43541.0	43271.2	 0.0996	 100.00	1357.16
    489	40080a	     44	    8.0	43541.0	43271.8	 0.0994	 100.00	1357.18
    490	40080a	     44	    8.0	43545.0	43272.3	 0.0989	 100.00	1357.18
    491	40080a	     44	    6.0	43547.0	43272.9	 0.0983	 100.00	1357.21
    492	40080a	     44	   26.0	43533.0	43273.4	 0.0993	 100.00	1357.23
    493	40080a	     44	    6.0	43535.0	43273.9	 0.0989	 100.00	1357.26
    494	40080a	     44	    8.0	43539.0	43274.5	 0.0988	 100.00	1357.28
    495	40080a	     44	    8.0	43539.0	43275.0	 0.0985	 100.00	1357.31
    496	40080a	     44	    8.0	43535.0	43275.5	 0.0990	 100.00	1357.32
    497	40080a	     44	   12.0	 1290.0	43191.2	 0.0991	 100.00	1357.42
    498	40080a	     44	    8.0	 1290.0	43107.3	 0.0986	 100.00	1357.52
    499	40080a	     44	    6.0	   10.0	43021.1	 0.0983	 100.00	1357.64
    500	40080a	     44	   12.0	   10.0	42935.2	 0.0980	 100.00	1357.75
    501	40080a	     44	    8.0	   10.0	42849.7	 0.0975	 100.00	1357.89
    502	40080a	     44	   14.0	   12.0	42764.5	 0.0976	 100.00	1357.96
    503	40080a	     44	    6.0	    9.0	42679.7	 0.0972	 100.00	1358.11
    504	40080a	     44	    8.0	    7.0	42595.2	 0.0971	 100.00	1357.34
    505	40080a	     44	    8.0	    3.0	42511.0	 0.0966	 100.00	1357.54
    506	40080a	     44	   10.0	    8.0	42427.2	 0.0963	 100.00	1357.63
    507	40080a	     44	   10.0	    7.0	42343.7	 0.0963	 100.00	1356.88
    508	40080a	     44	   10.0	   15.0	42260.5	 0.0961	 100.00	1356.51
    509	40080a	     44	    6.0	   12.0	42177.7	 0.0955	 100.00	1356.06
    510	40080a	     44	   12.0	    6.0	42095.2	 0.0956	 100.00	1355.60
    511	40080a	     44	    6.0	    6.0	42013.0	 0.0951	 100.00	1354.11
    512	40080a	     44	   16.0	   11.0	41931.1	 0.0958	 100.00	1352.73
    513	40080a	     44	    6.0	   10.0	41849.5	 0.0957	 100.00	1351.35
    514	40080a	     44	    8.0	   10.0	41768.3	 0.0952	 100.00	1350.59
    515	40080a	     44	   10.0	    7.0	41687.4	 0.0951	 100.00	1349.92
    516	40080a	     44	   10.0	    2.0	41606.7	 0.0949	 100.00	1349.29
    517	40080a	     44	    6.0	    3.0	41526.4	 0.0945	 100.00	1348.62
    518	40080a	     44	   12.0	    6.0	41446.4	 0.0944	 100.00	1347.96
    519	40080a	     44	    8.0	    4.0	41366.7	 0.0941	 100.00	1347.35
    520	40080a	     44	   10.0	    8.0	41287.3	 0.0941	 100.00	1346.70
    521	40080a	     44	    6.0	    7.0	41208.2	 0.0936	 100.00	1346.05
    522	40080a	     44	    8.0	    4.0	41129.5	 0.0936	 100.00	1345.40
    523	40080a	     44	   12.0	    7.0	41051.0	 0.0935	 100.00	1344.78
    524	40080a	     44	   12.0	    6.0	40972.8	 0.0933	 100.00	1344.17
    525	40080a	     44	    8.0	    7.0	40894.9	 0.0930	 100.00	1343.59
    526	40080a	     44	    8.0	    2.0	40817.3	 0.0926	 100.00	1342.96
    527	40080a	     44	    6.0	    5.0	40740.0	 0.0924	 100.00	1342.39
    528	40080a	     44	   12.0	    4.0	40663.0	 0.0923	 100.00	1341.80
    529	40080a	     44	    8.0	    5.0	40586.3	 0.0919	 100.00	1341.21
    530	40080a	     44	   10.0	    8.0	40509.9	 0.0918	 100.00	1340.65
    531	40080a	     44	    6.0	    7.0	40433.8	 0.0914	 100.00	1340.02
    532	40080a	     44	   10.0	    7.0	40357.9	 0.0915	 100.00	1339.41
    533	40080a	     44	   18.0	   14.0	40282.4	 0.0925	 100.00	1338.87
    534	40080a	     44	    8.0	   14.0	40207.1	 0.0921	 100.00	1338.29
    535	40080a	     44	    6.0	    6.0	40132.1	 0.0921	 100.00	1337.68
    536	40080a	     44	   10.0	   12.0	40057.4	 0.0928	 100.00	1337.13
    537	40080a	     44	    6.0	   10.0	39982.9	 0.0926	 100.00	1336.55
    538	40080a	     44	   14.0	    8.0	39908.8	 0.0922	 100.00	1335.99
    539	40080a	     44	    6.0	    4.0	39834.9	 0.0920	 100.00	1335.39
    540	40080a	     44	   10.0	    9.0	39761.3	 0.0921	 100.00	1334.78
    541	40080a	     44	    8.0	    7.0	39687.9	 0.0921	 100.00	1334.21
    542	40080a	     44	   10.0	    5.0	39614.8	 0.0919	 100.00	1333.63
    543	40080a	     44	   12.0	    9.0	39542.0	 0.0920	 100.00	1333.07
    544	40080a	     44	    8.0	   13.0	39469.5	 0.0924	 100.00	1332.51
    545	40080a	     44	    6.0	    7.0	39397.2	 0.0921	 100.00	1331.94
    546	40080a	     44	   10.0	    5.0	39325.2	 0.0918	 100.00	1331.40
    547	40080a	     44	    8.0	    2.0	39253.5	 0.0916	 100.00	1330.86
    548	40080a	     44	   14.0	    6.0	39182.0	 0.0916	 100.00	1330.27
    549	40080a	     44	    6.0	    6.0	39110.7	 0.0913	 100.00	1329.76
    550	40080a	     44	    8.0	    4.0	39039.8	 0.0911	 100.00	1329.19
    551	40080a	     44	   10.0	    5.0	38969.0	 0.0908	 100.00	1328.67
    552	40080a	     44	    8.0	    4.0	38898.6	 0.0910	 100.00	1328.15
    553	40080a	     44	   14.0	   12.0	38828.4	 0.0912	 100.00	1327.61
    554	40080a	     44	    8.0	   11.0	38758.5	 0.0909	 100.00	1327.02
    555	40080a	     44	    6.0	    6.0	38688.8	 0.0905	 100.00	1326.51
    556	40080a	     44	   14.0	    3.0	38619.3	 0.0903	 100.00	1325.93
    557	40080a	     44	    6.0	    8.0	38550.1	 0.0902	 100.00	1325.39
    558	40080a	     44	    8.0	    6.0	38481.2	 0.0900	 100.00	1324.85
    559	40080a	     44	   10.0	    4.0	38412.4	 0.0898	 100.00	1324.29
    560	40080a	     44	    8.0	    8.0	38344.0	 0.0899	 100.00	1323.78
    561	40080a	     44	   10.0	    6.0	38275.8	 0.0897	 100.00	1323.42
    562	40080a	     44	    8.0	   10.0	38207.8	 0.0895	 100.00	1323.39
    563	40080a	     44	    6.0	    6.0	38140.1	 0.0897	 100.00	1323.49
    564	40080a	     44	   16.0	   10.0	38072.6	 0.0898	 100.00	1323.54
    565	40080a	     44	    8.0	    9.0	38005.3	 0.0896	 100.00	1323.70
    566	40080a	     44	   10.0	   11.0	37938.3	 0.0893	 100.00	1323.74
    567	40080a	     44	    6.0	    9.0	37871.5	 0.0891	 100.00	1323.89
    568	40080a	     44	    8.0	    9.0	37805.0	 0.0889	 100.00	1323.93
    569	40080a	     44	   10.0	    7.0	37738.7	 0.0890	 100.00	1324.09
    570	40080a	     44	   10.0	   11.0	37672.6	 0.0889	 100.00	1324.12
    571	40080a	     44	    8.0	    8.0	37606.8	 0.0885	 100.00	1324.26
    572	40080a	     44	   10.0	    8.0	37541.2	 0.0884	 100.00	1324.29
    573	40080a	     44	    6.0	    8.0	37475.8	 0.0882	 100.00	1324.43
    574	40080a	     44	   22.0	   18.0	37410.6	 0.0888	 100.00	1324.46
./asc:main.c:353: warning: pid `12165' SIGSEGV: bad speculation?
    575	40080a	     44	    6.0	   19.0	37345.7	 0.0887	 100.00	1324.60
    576	40080a	     44	   10.0	   15.0	37281.0	 0.0894	 100.00	1324.61
    577	40080a	     44	    6.0	   17.0	37216.5	 0.0891	 100.00	1324.65
    578	40080a	     44	    8.0	   19.0	37152.3	 0.0888	 100.00	1324.67
    579	40080a	     44	   12.0	   15.0	37088.3	 0.0886	 100.00	1324.70
    580	40080a	     44	   10.0	   15.0	37024.4	 0.0883	 100.00	1324.73
    581	40080a	     44	    6.0	   17.0	36960.9	 0.0880	 100.00	1324.76
    582	40080a	     44	   10.0	   13.0	36897.5	 0.0878	 100.00	1324.76
    583	40080a	     44	    8.0	   13.0	36834.3	 0.0875	 100.00	1324.78
    584	40080a	     44	   14.0	   13.0	36771.4	 0.0877	 100.00	1324.80
    585	40080a	     44	    6.0	   19.0	36708.7	 0.0876	 100.00	1324.84
    586	40080a	     44	    8.0	   17.0	36646.2	 0.0873	 100.00	1324.86
    587	40080a	     44	    8.0	   17.0	36583.9	 0.0872	 100.00	1324.88
    588	40080a	     44	   12.0	   11.0	36521.8	 0.0871	 100.00	1324.88
    589	40080a	     44	   10.0	   13.0	36459.9	 0.0871	 100.00	1324.91
    590	40080a	     44	    8.0	   11.0	36398.2	 0.0868	 100.00	1324.94
    591	40080a	     44	    6.0	   17.0	36336.8	 0.0865	 100.00	1324.97
    592	40080a	     44	   10.0	   13.0	36275.5	 0.0866	 100.00	1324.96
    593	40080a	     44	    8.0	   13.0	36214.5	 0.0865	 100.00	1324.99
    594	40080a	     44	   16.0	   15.0	36153.6	 0.0865	 100.00	1324.98
    595	40080a	     44	    6.0	   17.0	36093.0	 0.0861	 100.00	1324.97
    596	40080a	     44	   10.0	   17.0	36032.6	 0.0859	 100.00	1324.99
    597	40080a	     44	   10.0	   11.0	35972.3	 0.0857	 100.00	1325.01
    598	40080a	     44	    8.0	   13.0	35912.3	 0.0857	 100.00	1325.03
    599	40080a	     44	    6.0	   15.0	35852.5	 0.0856	 100.00	1325.01
    600	40080a	     44	   12.0	   13.0	35792.8	 0.0855	 100.00	1325.03
    601	40080a	     44	    6.0	   19.0	35733.4	 0.0852	 100.00	1325.04
    602	40080a	     44	   12.0	    9.0	35674.2	 0.0853	 100.00	1325.06
    603	40080a	     44	    6.0	   15.0	35615.1	 0.0850	 100.00	1325.08
    604	40080a	     44	   10.0	   11.0	35556.3	 0.0850	 100.00	1325.10
    605	40080a	     44	   12.0	   15.0	35497.6	 0.0849	 100.00	1325.09
    606	40080a	     44	   10.0	   11.0	35439.2	 0.0847	 100.00	1325.12
    607	40080a	     44	    8.0	   11.0	35380.9	 0.0845	 100.00	1325.13
    608	40080a	     44	    8.0	   13.0	35322.8	 0.0845	 100.00	1325.15
    609	40080a	     44	    6.0	   15.0	35264.9	 0.0843	 100.00	1325.16
    610	40080a	     44	   12.0	   13.0	35207.2	 0.0840	 100.00	1325.18
    611	40080a	     44	    8.0	   13.0	35149.7	 0.0837	 100.00	1325.17
    612	40080a	     44	   12.0	    7.0	35092.4	 0.0835	 100.00	1325.18
    613	40080a	     44	    6.0	    9.0	35035.3	 0.0832	 100.00	1325.20
    614	40080a	     44	    8.0	   11.0	34978.3	 0.0832	 100.00	1325.24
    615	40080a	     44	   18.0	   13.0	34921.6	 0.0837	 100.00	1325.27
    616	40080a	     44	    8.0	   15.0	34865.0	 0.0836	 100.00	1325.30
    617	40080a	     44	    8.0	   15.0	34808.6	 0.0833	 100.00	1325.29
    618	40080a	     44	    8.0	   13.0	34752.4	 0.0832	 100.00	1325.32
    619	40080a	     44	    6.0	   19.0	34696.4	 0.0829	 100.00	1325.34
    620	40080a	     44	   16.0	    9.0	34640.5	 0.0828	 100.00	1325.36
    621	40080a	     44	    6.0	   15.0	34584.8	 0.0825	 100.00	1325.38
    622	40080a	     44	    8.0	   13.0	34529.3	 0.0824	 100.00	1325.38
    623	40080a	     44	    8.0	   13.0	34474.0	 0.0823	 100.00	1325.38
    624	40080a	     44	    8.0	   15.0	34418.9	 0.0822	 100.00	1325.38
    625	40080a	     44	   14.0	   13.0	34363.9	 0.0824	 100.00	1325.39
    626	40080a	     44	    8.0	   15.0	34309.1	 0.0821	 100.00	1325.40
    627	40080a	     44	    6.0	   17.0	34254.5	 0.0823	 100.00	1325.42
    628	40080a	     44	   12.0	   11.0	34200.1	 0.0821	 100.00	1325.39
    629	40080a	     44	    8.0	   11.0	34145.8	 0.0820	 100.00	1325.41
    630	40080a	     44	   12.0	    9.0	34091.7	 0.0820	 100.00	1325.43
    631	40080a	     44	    6.0	   11.0	34037.8	 0.0821	 100.00	1325.45
    632	40080a	     44	    8.0	   13.0	33984.1	 0.0822	 100.00	1325.44
    633	40080a	     44	    8.0	   13.0	33930.5	 0.0821	 100.00	1325.46
    634	40080a	     44	   10.0	    9.0	33877.1	 0.0820	 100.00	1325.45
    635	40080a	     44	   14.0	   15.0	33823.8	 0.0822	 100.00	1325.47
    636	40080a	     44	   10.0	   11.0	33770.7	 0.0820	 100.00	1325.47
    637	40080a	     44	    6.0	   17.0	33717.8	 0.0821	 100.00	1325.50
    638	40080a	     44	   12.0	    7.0	33665.1	 0.0821	 100.00	1325.51
    639	40080a	     44	    6.0	   13.0	33612.5	 0.0820	 100.00	1325.54
    640	40080a	     44	   12.0	   11.0	33560.1	 0.0825	 100.00	1325.52
    641	40080a	     44	    6.0	   13.0	33507.8	 0.0822	 100.00	1325.53
    642	40080a	     44	    8.0	   15.0	33455.7	 0.0820	 100.00	1325.54
    643	40080a	     44	   10.0	    9.0	33403.8	 0.0818	 100.00	1325.56
    644	40080a	     44	   10.0	    9.0	33352.0	 0.0816	 100.00	1325.57
    645	40080a	     44	    6.0	   11.0	33300.4	 0.0815	 100.00	1325.59
    646	40080a	     44	   14.0	   11.0	33248.9	 0.0816	 100.00	1325.58
    647	40080a	     44	    8.0	   11.0	33197.7	 0.0815	 100.00	1325.61
    648	40080a	     44	   10.0	    7.0	33146.5	 0.0816	 100.00	1325.60
    649	40080a	     44	    6.0	   13.0	33095.5	 0.0815	 100.00	1325.67
    650	40080a	     44	    8.0	   11.0	33044.7	 0.0815	 100.00	1325.68
    651	40080a	     44	   10.0	   13.0	32994.1	 0.0814	 100.00	1325.67
    652	40080a	     44	   12.0	    7.0	32943.5	 0.0813	 100.00	1325.66
    653	40080a	     44	    8.0	    7.0	32893.2	 0.0811	 100.00	1325.66
    654	40080a	     44	    8.0	    5.0	32843.0	 0.0812	 100.00	1325.67
    655	40080a	     44	    6.0	   11.0	32792.9	 0.0811	 100.00	1325.67
    656	40080a	     45	   26.0	   23.0	32743.0	 0.2500	 100.00	1325.87
    657	40080a	     45	    8.0	   23.0	32693.3	 0.2580	 100.00	1325.47
    658	40080a	     45	   10.0	   19.0	32643.7	 0.2320	 100.00	1325.49
    659	40080a	     45	    6.0	   21.0	32594.3	 0.2040	 100.00	1325.46
    660	40080a	     45	   10.0	   21.0	32545.0	 0.1903	 100.00	1325.47
    661	40080a	     45	   12.0	   17.0	32495.9	 0.1808	 100.00	1325.47
    662	40080a	     45	    8.0	   19.0	32446.9	 0.1697	 100.00	1325.49
    663	40080a	     45	    6.0	   21.0	32398.1	 0.1581	 100.00	1325.47
    664	40080a	     45	   10.0	   17.0	32349.4	 0.1610	 100.00	1325.49
    665	40080a	     45	    6.0	   23.0	32300.8	 0.1526	 100.00	1325.49
    666	40080a	     45	   16.0	   17.0	32252.4	 0.1535	 100.00	1325.51
    667	40080a	     45	    6.0	   23.0	32204.2	 0.1492	 100.00	1325.51
    668	40080a	     45	   10.0	   19.0	32156.1	 0.1471	 100.00	1325.53
    669	40080a	     45	    8.0	   19.0	32108.1	 0.1437	 100.00	1325.52
    670	40080a	     45	   10.0	   15.0	32060.3	 0.1387	 100.00	1325.54
    671	40080a	     45	   10.0	   17.0	32012.6	 0.1380	 100.00	1325.54
    672	40080a	     45	    8.0	   19.0	31965.1	 0.1364	 100.00	1325.55
    673	40080a	     45	    6.0	   21.0	31917.7	 0.1352	 100.00	1325.56
    674	40080a	     45	   10.0	   17.0	31870.4	 0.1323	 100.00	1325.56
    675	40080a	     45	    8.0	   17.0	31823.3	 0.1293	 100.00	1325.55
    676	40080a	     45	   18.0	   17.0	31776.3	 0.1327	 100.00	1325.55
    677	40080a	     45	    6.0	   19.0	31729.5	 0.1339	 100.00	1325.57
    678	40080a	     45	    8.0	   21.0	31682.8	 0.1296	 100.00	1325.57
    679	40080a	     45	   10.0	   15.0	31636.2	 0.1294	 100.00	1325.59
    680	40080a	     45	    8.0	   17.0	31589.8	 0.1274	 100.00	1325.57
    681	40080a	     45	   10.0	   19.0	31543.5	 0.1275	 100.00	1325.58
    682	40080a	     45	    8.0	   17.0	31497.3	 0.1268	 100.00	1325.57
    683	40080a	     45	    6.0	   23.0	31451.3	 0.1242	 100.00	1325.58
    684	40080a	     45	   14.0	   11.0	31405.4	 0.1242	 100.00	1325.58
    685	40080a	     45	    6.0	   17.0	31359.6	 0.1221	 100.00	1325.61
    686	40080a	     45	    8.0	   15.0	31314.0	 0.1209	 100.00	1325.59
    687	40080a	     45	   12.0	   19.0	31268.5	 0.1218	 100.00	1325.60
    688	40080a	     45	    8.0	   21.0	31223.2	 0.1218	 100.00	1325.61
    689	40080a	     45	   10.0	   15.0	31178.0	 0.1213	 100.00	1325.63
    690	40080a	     45	    8.0	   17.0	31132.9	 0.1195	 100.00	1325.63
    691	40080a	     45	    6.0	   19.0	31087.9	 0.1186	 100.00	1325.64
    692	40080a	     45	   14.0	   15.0	31043.1	 0.1193	 100.00	1325.64
    693	40080a	     45	    8.0	   15.0	30998.3	 0.1179	 100.00	1325.65
    694	40080a	     45	   10.0	   11.0	30953.8	 0.1169	 100.00	1325.65
    695	40080a	     45	    6.0	   13.0	30909.3	 0.1158	 100.00	1325.67
    696	40080a	     45	    8.0	   15.0	30865.0	 0.1167	 100.00	1325.66
    697	40080a	     45	   16.0	   23.0	30820.8	 0.1211	 100.00	1325.66
    698	40080a	     45	   10.0	   19.0	30776.7	 0.1186	 100.00	1325.66
    699	40080a	     45	    8.0	   19.0	30732.8	 0.1181	 100.00	1325.67
    700	40080a	     45	   10.0	   15.0	30689.0	 0.1196	 100.00	1325.68
    701	40080a	     45	    6.0	   21.0	30645.3	 0.1183	 100.00	1325.68
    702	40080a	     45	   14.0	   13.0	30601.7	 0.1185	 100.00	1325.69
    703	40080a	     45	    6.0	   19.0	30558.3	 0.1178	 100.00	1325.67
    704	40080a	     45	   10.0	   15.0	30514.9	 0.1176	 100.00	1325.68
    705	40080a	     45	    6.0	   17.0	30471.7	 0.1173	 100.00	1325.67
    706	40080a	     45	    8.0	   19.0	30428.7	 0.1164	 100.00	1325.68
    707	40080a	     45	   14.0	   17.0	30385.7	 0.1171	 100.00	1325.66
    708	40080a	     45	   10.0	   17.0	30342.9	 0.1166	 100.00	1325.67
    709	40080a	     45	    6.0	   19.0	30300.2	 0.1148	 100.00	1325.66
    710	40080a	     45	   10.0	   15.0	30257.6	 0.1145	 100.00	1325.67
    711	40080a	     45	    8.0	   15.0	30215.1	 0.1140	 100.00	1325.67
    712	40080a	     45	   12.0	   13.0	30172.7	 0.1142	 100.00	1325.68
    713	40080a	     45	    6.0	   19.0	30130.5	 0.1141	 100.00	1325.69
    714	40080a	     45	    8.0	   17.0	30088.4	 0.1137	 100.00	1325.70
    715	40080a	     45	    8.0	   17.0	30046.4	 0.1135	 100.00	1325.69
    716	40080a	     45	   12.0	   11.0	30004.5	 0.1130	 100.00	1325.70
    717	40080a	     45	   14.0	   17.0	29962.7	 0.1148	 100.00	1325.70
    718	40080a	     45	    8.0	   15.0	29921.1	 0.1143	 100.00	1325.71
    719	40080a	     45	    6.0	   21.0	29879.6	 0.1127	 100.00	1325.71
    720	40080a	     45	   10.0	   17.0	29838.1	 0.1127	 100.00	1325.70
    721	40080a	     45	    8.0	   17.0	29796.8	 0.1123	 100.00	1325.71
    722	40080a	     45	   12.0	   15.0	29755.7	 0.1120	 100.00	1325.70
    723	40080a	     45	    6.0	   17.0	29714.6	 0.1113	 100.00	1325.71
    724	40080a	     45	   10.0	   17.0	29673.6	 0.1109	 100.00	1325.72
    725	40080a	     45	   10.0	   11.0	29632.8	 0.1112	 100.00	1325.73
    726	40080a	     45	    8.0	   13.0	29592.0	 0.1103	 100.00	1325.71
    727	40080a	     45	    6.0	   15.0	29551.4	 0.1096	 100.00	1325.73
    728	40080a	     45	   14.0	   15.0	29510.9	 0.1120	 100.00	1325.74
    729	40080a	     45	    6.0	   21.0	29470.5	 0.1119	 100.00	1325.76
    730	40080a	     45	   12.0	   11.0	29430.2	 0.1114	 100.00	1325.73
    731	40080a	     45	    6.0	   17.0	29390.0	 0.1108	 100.00	1325.74
    732	40080a	     45	   10.0	   13.0	29349.9	 0.1107	 100.00	1325.73
    733	40080a	     45	   10.0	   15.0	29309.9	 0.1112	 100.00	1325.73
    734	40080a	     45	   10.0	   11.0	29270.1	 0.1101	 100.00	1325.73
    735	40080a	     45	    8.0	   11.0	29230.3	 0.1096	 100.00	1325.75
    736	40080a	     45	    8.0	   13.0	29190.7	 0.1091	 100.00	1325.76
    737	40080a	     45	    6.0	   15.0	29151.2	 0.1083	 100.00	1325.77
    738	40080a	     45	   20.0	   25.0	29111.7	 0.1104	 100.00	1325.75
    739	40080a	     45	    8.0	   25.0	29072.4	 0.1103	 100.00	1325.77
    740	40080a	     45	   12.0	   19.0	29033.2	 0.1097	 100.00	1325.80
    741	40080a	     45	    6.0	   21.0	28994.1	 0.1085	 100.00	1325.82
    742	40080a	     45	    8.0	   23.0	28955.1	 0.1077	 100.00	1325.81
    743	40080a	     45	   12.0	   19.0	28916.2	 0.1071	 100.00	1325.83
    744	40080a	     45	    8.0	   21.0	28877.5	 0.1065	 100.00	1325.82
    745	40080a	     45	    8.0	   21.0	28838.8	 0.1058	 100.00	1325.84
    746	40080a	     45	    8.0	   19.0	28800.2	 0.1051	 100.00	1325.84
    747	40080a	     45	    6.0	   25.0	28761.7	 0.1041	 100.00	1325.85
    748	40080a	     45	   18.0	   17.0	28723.3	 0.1047	 100.00	1325.85
    749	40080a	     45	    6.0	   23.0	28685.1	 0.1037	 100.00	1325.84
    750	40080a	     45	    8.0	   21.0	28646.9	 0.1045	 100.00	1325.86
    751	40080a	     45	    8.0	   21.0	28608.8	 0.1036	 100.00	1325.85
    752	40080a	     45	    8.0	   23.0	28570.9	 0.1043	 100.00	1325.84
    753	40080a	     45	   12.0	   19.0	28533.0	 0.1039	 100.00	1325.85
    754	40080a	     45	    8.0	   21.0	28495.2	 0.1030	 100.00	1325.87
    755	40080a	     45	    6.0	   23.0	28457.6	 0.1027	 100.00	1325.42
