./asc:main.c:294: warning: auxv random bytes were not cleared
  Round	    PC	Excited	Hamming	   Loss	 Regret	    MSE	  Error	   MIPS
      0	400144	     45	42314.0	42314.0	42314.0	 0.1286	 100.00	  42.94
      1	400820	     45	 1218.0	43524.0	21762.0	 0.1232	 100.00	 218.98
      2	400820	     45	    8.0	43524.0	14508.0	 0.0822	 100.00	 346.01
      3	400820	     45	   10.0	43526.0	10881.5	 0.0626	 100.00	 438.24
      4	400820	     45	   10.0	43524.0	17410.0	 0.0501	 100.00	 509.02
      5	400820	     45	    6.0	43530.0	21763.3	 0.0418	 100.00	 573.56
      6	400820	     45	   12.0	43526.0	24872.3	 0.0396	 100.00	 632.19
      7	400820	     45	    8.0	43530.0	27204.5	 0.0354	 100.00	 682.43
      8	400820	     45	   10.0	43524.0	29017.8	 0.0315	 100.00	 726.29
      9	400820	     45	    6.0	43526.0	30468.6	 0.0284	 100.00	 764.87
     10	400820	     45	    8.0	43530.0	31656.0	 0.0258	 100.00	 799.21
     11	400820	     45	   12.0	43526.0	32645.2	 0.0253	 100.00	 828.71
     12	400820	     45	   12.0	43526.0	33482.2	 0.0233	 100.00	 856.38
     13	400820	     45	    8.0	43526.0	34199.6	 0.0217	 100.00	 880.96
     14	400820	     45	    8.0	43530.0	34821.6	 0.0202	 100.00	 903.54
     15	400820	     45	    6.0	43532.0	35366.0	 0.0190	 100.00	 925.33
     16	400820	     45	   12.0	43524.0	35845.9	 0.0180	 100.00	 944.18
     17	400820	     45	    8.0	43528.0	36272.7	 0.0170	 100.00	 961.11
     18	400820	     45	   10.0	43526.0	36654.4	 0.0161	 100.00	 976.91
     19	400820	     45	    6.0	43532.0	36998.3	 0.0153	 100.00	 991.30
     20	400820	     45	   10.0	43530.0	37309.3	 0.0149	 100.00	1005.03
     21	400820	     45	   16.0	43526.0	37591.9	 0.0157	 100.00	1017.58
     22	400820	     45	    8.0	43526.0	37849.9	 0.0150	 100.00	1029.46
     23	400820	     45	    6.0	43532.0	38086.7	 0.0144	 100.00	1040.14
     24	400820	     45	   10.0	43526.0	38304.2	 0.0138	 100.00	1050.53
     25	400820	     45	    6.0	43528.0	38505.2	 0.0133	 100.00	1061.69
     26	400820	     45	   14.0	43526.0	38691.1	 0.0128	 100.00	1071.63
     27	400820	     45	    6.0	43528.0	38863.9	 0.0123	 100.00	1080.51
     28	400820	     45	   10.0	43530.0	39024.8	 0.0119	 100.00	1089.07
     29	400820	     45	    8.0	43530.0	39174.9	 0.0115	 100.00	1096.56
     30	400820	     45	   10.0	43532.0	39315.5	 0.0111	 100.00	1104.01
     31	400820	     45	   12.0	43528.0	39447.1	 0.0127	 100.00	1110.94
     32	400820	     45	    8.0	43524.0	39570.7	 0.0123	 100.00	1117.67
     33	400820	     45	    6.0	43530.0	39687.1	 0.0120	 100.00	1123.89
     34	400820	     45	   10.0	43528.0	39796.9	 0.0116	 100.00	1129.96
     35	400820	     45	    8.0	43532.0	39900.6	 0.0113	 100.00	1135.41
     36	400820	     45	   14.0	43526.0	39998.6	 0.0126	 100.00	1140.90
     37	400820	     45	    6.0	43532.0	40091.6	 0.0123	 100.00	1145.98
     38	400820	     45	    8.0	43532.0	40179.8	 0.0120	 100.00	1151.01
     39	400820	     45	   10.0	43534.0	40263.7	 0.0127	 100.00	1155.66
     40	400820	     45	    8.0	43530.0	40343.3	 0.0125	 100.00	1160.31
     41	400820	     45	   16.0	43522.0	40419.0	 0.0138	 100.00	1164.32
     42	400820	     45	    8.0	43526.0	40491.3	 0.0135	 100.00	1168.58
     43	400820	     45	    6.0	43528.0	40560.3	 0.0132	 100.00	1172.45
     44	400820	     45	   14.0	43526.0	40626.2	 0.0129	 100.00	1176.35
     45	400820	     45	    6.0	43528.0	40689.3	 0.0126	 100.00	1180.01
     46	400820	     45	    8.0	43532.0	40749.7	 0.0123	 100.00	1183.58
     47	400820	     45	   10.0	43530.0	40807.7	 0.0121	 100.00	1186.82
     48	400820	     45	    8.0	43526.0	40863.1	 0.0119	 100.00	1190.17
     49	400820	     45	   10.0	43528.0	40916.4	 0.0116	 100.00	1193.26
     50	400820	     45	    8.0	43528.0	40967.6	 0.0114	 100.00	1196.37
     51	400820	     45	    6.0	43534.0	41017.0	 0.0117	 100.00	1199.27
     52	400820	     45	   16.0	43526.0	41064.3	 0.0122	 100.00	1202.25
     53	400820	     45	    8.0	43530.0	41110.0	 0.0120	 100.00	1204.82
     54	400820	     45	   10.0	43528.0	41154.0	 0.0118	 100.00	1207.62
     55	400820	     45	    6.0	43534.0	41196.5	 0.0118	 100.00	1210.08
     56	400820	     45	    8.0	43530.0	41237.4	 0.0117	 100.00	1212.65
     57	400820	     45	   10.0	43528.0	41276.9	 0.0115	 100.00	1215.06
     58	400820	     45	   10.0	43530.0	41315.1	 0.0113	 100.00	1217.50
     59	400820	     45	    8.0	43530.0	41352.0	 0.0114	 100.00	1219.60
     60	400820	     45	   10.0	43532.0	41387.7	 0.0112	 100.00	1221.90
     61	400820	     45	    6.0	43534.0	41422.4	 0.0111	 100.00	1224.04
     62	400820	     45	   18.0	43528.0	41455.8	 0.0120	 100.00	1226.28
     63	400820	     45	    6.0	43530.0	41488.2	 0.0118	 100.00	1228.26
     64	400820	     45	   10.0	43524.0	41519.5	 0.0116	 100.00	1230.28
     65	400820	     45	    6.0	43530.0	41550.0	 0.0114	 100.00	1231.86
     66	400820	     45	    8.0	43530.0	41579.5	 0.0113	 100.00	1233.74
     67	400820	     45	   12.0	43530.0	41608.2	 0.0111	 100.00	1235.40
     68	400820	     45	   10.0	43528.0	41636.0	 0.0109	 100.00	1237.14
     69	400820	     45	    6.0	43534.0	41663.1	 0.0108	 100.00	1238.68
     70	400820	     45	   10.0	43532.0	41689.5	 0.0106	 100.00	1240.36
     71	400820	     45	    8.0	43536.0	41715.1	 0.0105	 100.00	1241.79
     72	400820	     45	   14.0	43526.0	41739.9	 0.0103	 100.00	1243.39
     73	400820	     45	    6.0	43528.0	41764.1	 0.0102	 100.00	1244.73
     74	400820	     45	    8.0	43532.0	41787.7	 0.0101	 100.00	1246.12
     75	400820	     45	    8.0	43532.0	41810.6	 0.0099	 100.00	1247.62
     76	400820	     45	   12.0	43532.0	41833.0	 0.0098	 100.00	1248.89
     77	400820	     45	   10.0	43530.0	41854.7	 0.0102	 100.00	1250.09
     78	400820	     45	    8.0	43534.0	41876.0	 0.0101	 100.00	1251.52
     79	400820	     45	    6.0	43536.0	41896.7	 0.0099	 100.00	1252.86
     80	400820	     45	   10.0	43530.0	41916.9	 0.0109	 100.00	1254.09
     81	400820	     45	    8.0	43534.0	41936.6	 0.0108	 100.00	1255.36
     82	400820	     45	   20.0	43522.0	41955.7	 0.0120	 100.00	1256.45
     83	400820	     45	    6.0	43528.0	41974.4	 0.0119	 100.00	1257.56
     84	400820	     45	   10.0	43526.0	41992.7	 0.0117	 100.00	1258.80
     85	400820	     45	   10.0	43528.0	42010.5	 0.0116	 100.00	1259.96
     86	400820	     45	    8.0	43528.0	42028.0	 0.0115	 100.00	1260.94
     87	400820	     45	    6.0	43534.0	42045.1	 0.0115	 100.00	1262.08
     88	400820	     45	   12.0	43526.0	42061.7	 0.0114	 100.00	1262.93
     89	400820	     45	    6.0	43528.0	42078.0	 0.0113	 100.00	1264.05
     90	400820	     45	   12.0	43528.0	42094.0	 0.0112	 100.00	1264.94
     91	400820	     45	    6.0	43530.0	42109.6	 0.0111	 100.00	1265.99
     92	400820	     45	   10.0	43532.0	42124.9	 0.0110	 100.00	1266.87
     93	400820	     45	   12.0	43528.0	42139.8	 0.0112	 100.00	1267.89
     94	400820	     45	   10.0	43530.0	42154.4	 0.0111	 100.00	1268.84
     95	400820	     45	    8.0	43530.0	42168.8	 0.0110	 100.00	1269.82
     96	400820	     45	    8.0	43526.0	42182.7	 0.0115	 100.00	1270.76
     97	400820	     45	    6.0	43532.0	42196.5	 0.0114	 100.00	1271.73
     98	400820	     45	   12.0	43528.0	42210.0	 0.0113	 100.00	1272.43
     99	400820	     45	    8.0	43532.0	42223.2	 0.0112	 100.00	1273.36
    100	400820	     45	   12.0	43528.0	42236.1	 0.0115	 100.00	1274.02
    101	400820	     45	    6.0	43534.0	42248.8	 0.0114	 100.00	1274.87
    102	400820	     45	    8.0	43534.0	42261.3	 0.0113	 100.00	1275.65
    103	400820	     45	   16.0	43530.0	42273.5	 0.0116	 100.00	1276.61
    104	400820	     45	    8.0	43526.0	42285.4	 0.0115	 100.00	1277.30
    105	400820	     45	    8.0	43526.0	42297.1	 0.0114	 100.00	1278.30
    106	400820	     45	    8.0	43530.0	42308.7	 0.0112	 100.00	1279.02
    107	400820	     45	    6.0	43532.0	42320.0	 0.0111	 100.00	1279.89
    108	400820	     45	   16.0	43528.0	42331.1	 0.0121	 100.00	1280.69
    109	400820	     45	    6.0	43530.0	42342.0	 0.0119	 100.00	1281.55
    110	400820	     45	    8.0	43534.0	42352.7	 0.0118	 100.00	1282.24
    111	400820	     45	    8.0	43534.0	42363.2	 0.0119	 100.00	1282.97
    112	400820	     45	    8.0	43530.0	42373.6	 0.0118	 100.00	1283.48
    113	400820	     45	   14.0	43528.0	42383.7	 0.0119	 100.00	1284.14
    114	400820	     45	    8.0	43528.0	42393.7	 0.0118	 100.00	1284.70
    115	400820	     45	    6.0	43534.0	42403.5	 0.0117	 100.00	1285.35
    116	400820	     45	   12.0	43530.0	42413.1	 0.0116	 100.00	1285.88
    117	400820	     45	    8.0	43534.0	42422.6	 0.0115	 100.00	1286.51
    118	400820	     45	   12.0	43530.0	42431.9	 0.0115	 100.00	1286.93
    119	400820	     45	    6.0	43536.0	42441.1	 0.0115	 100.00	1287.54
    120	400820	     45	    8.0	43532.0	42450.1	 0.0114	 100.00	1288.03
    121	400820	     45	    8.0	43532.0	42459.0	 0.0114	 100.00	1288.61
    122	400820	     45	   10.0	43534.0	42467.7	 0.0113	 100.00	1289.09
    123	400820	     45	   16.0	43526.0	42476.3	 0.0117	 100.00	1289.65
    124	400820	     45	   10.0	43528.0	42484.7	 0.0120	 100.00	1290.06
    125	400820	     45	    6.0	43530.0	42493.0	 0.0119	 100.00	1290.64
    126	400820	     45	   12.0	43530.0	42501.1	 0.0118	 100.00	1291.09
    127	400820	     45	    6.0	43532.0	42509.2	 0.0117	 100.00	1291.63
    128	400820	     45	   12.0	43524.0	42517.1	 0.0129	 100.00	1292.06
    129	400820	     45	    6.0	43530.0	42524.9	 0.0128	 100.00	1292.62
    130	400820	     45	    8.0	43530.0	42532.5	 0.0127	 100.00	1292.99
    131	400820	     45	   10.0	43532.0	42540.1	 0.0127	 100.00	1293.51
    132	400820	     45	   10.0	43530.0	42547.5	 0.0126	 100.00	1294.05
    133	400820	     45	    6.0	43536.0	42554.9	 0.0125	 100.00	1294.66
    134	400820	     45	   14.0	43530.0	42562.1	 0.0125	 100.00	1295.05
    135	400820	     45	    8.0	43534.0	42569.3	 0.0124	 100.00	1295.54
    136	400820	     45	   10.0	43528.0	42576.3	 0.0124	 100.00	1295.91
    137	400820	     45	    6.0	43530.0	42583.2	 0.0123	 100.00	1296.46
    138	400820	     45	    8.0	43534.0	42590.0	 0.0122	 100.00	1296.80
    139	400820	     45	   10.0	43532.0	42596.8	 0.0121	 100.00	1297.21
    140	400820	     45	   12.0	43532.0	42603.4	 0.0123	 100.00	1297.66
    141	400820	     45	    8.0	43532.0	42609.9	 0.0123	 100.00	1298.01
    142	400820	     45	    8.0	43536.0	42616.4	 0.0122	 100.00	1298.46
    143	400820	     45	    6.0	43538.0	42622.8	 0.0121	 100.00	1298.84
    144	400820	     45	   16.0	43526.0	42629.0	 0.0124	 100.00	1299.27
    145	400820	     45	    8.0	43530.0	42635.2	 0.0123	 100.00	1299.65
    146	400820	     45	   10.0	43528.0	42641.3	 0.0122	 100.00	1300.06
    147	400820	     45	    6.0	43534.0	42647.3	 0.0121	 100.00	1300.33
    148	400820	     45	   10.0	43532.0	42653.3	 0.0121	 100.00	1300.71
    149	400820	     45	   12.0	43532.0	42659.1	 0.0123	 100.00	1301.01
    150	400820	     45	    8.0	43532.0	42664.9	 0.0122	 100.00	1301.41
    151	400820	     45	    6.0	43538.0	42670.6	 0.0121	 100.00	1301.72
    152	400820	     45	   10.0	43532.0	42676.3	 0.0122	 100.00	1302.12
    153	400820	     45	    6.0	43534.0	42681.8	 0.0122	 100.00	1302.32
    154	400820	     45	   16.0	43530.0	42687.3	 0.0121	 100.00	1302.72
    155	400820	     45	    6.0	43532.0	42692.7	 0.0120	 100.00	1303.06
    156	400820	     45	   10.0	43534.0	42698.1	 0.0120	 100.00	1303.44
    157	400820	     45	    8.0	43534.0	42703.4	 0.0119	 100.00	1303.80
    158	400820	     45	   10.0	43536.0	42708.6	 0.0119	 100.00	1304.16
    159	400820	     45	   10.0	43534.0	42713.8	 0.0118	 100.00	1304.40
    160	400820	     45	    8.0	43530.0	42718.8	 0.0118	 100.00	1304.74
    161	400820	     45	    6.0	43536.0	42723.9	 0.0117	 100.00	1305.01
    162	400820	     45	   10.0	43534.0	42728.9	 0.0116	 100.00	1305.38
    163	400820	     45	    8.0	43538.0	42733.8	 0.0116	 100.00	1305.67
    164	400820	     45	   24.0	43522.0	42738.6	 0.0122	 100.00	1306.02
    165	400820	     45	    6.0	43528.0	42743.3	 0.0121	 100.00	1306.27
    166	400820	     45	    8.0	43528.0	42748.0	 0.0120	 100.00	1306.59
    167	400820	     45	   10.0	43530.0	42752.7	 0.0119	 100.00	1306.86
    168	400820	     45	    8.0	43526.0	42757.3	 0.0119	 100.00	1307.20
    169	400820	     45	   10.0	43524.0	42761.8	 0.0118	 100.00	1307.48
    170	400820	     45	    8.0	43528.0	42766.2	 0.0117	 100.00	1307.82
    171	400820	     45	    6.0	43530.0	42770.7	 0.0117	 100.00	1308.03
    172	400820	     45	   14.0	43528.0	42775.1	 0.0117	 100.00	1308.37
    173	400820	     45	    6.0	43530.0	42779.4	 0.0116	 100.00	1308.58
    174	400820	     45	    8.0	43534.0	42783.7	 0.0118	 100.00	1308.94
    175	400820	     45	   12.0	43530.0	42788.0	 0.0117	 100.00	1309.20
    176	400820	     45	    8.0	43526.0	42792.1	 0.0116	 100.00	1309.53
    177	400820	     45	   10.0	43528.0	42796.3	 0.0116	 100.00	1309.75
    178	400820	     45	    8.0	43528.0	42800.3	 0.0115	 100.00	1310.05
    179	400820	     45	    6.0	43534.0	42804.4	 0.0115	 100.00	1310.31
    180	400820	     45	   14.0	43528.0	42808.4	 0.0114	 100.00	1310.60
    181	400820	     45	    8.0	43532.0	42812.4	 0.0113	 100.00	1310.87
    182	400820	     45	   10.0	43530.0	42816.3	 0.0113	 100.00	1311.17
    183	400820	     45	    6.0	43536.0	42820.2	 0.0112	 100.00	1311.38
    184	400820	     45	    8.0	43532.0	42824.1	 0.0112	 100.00	1311.67
    185	400820	     45	   14.0	43526.0	42827.8	 0.0112	 100.00	1311.91
    186	400820	     45	   10.0	43528.0	42831.6	 0.0112	 100.00	1312.21
    187	400820	     45	    8.0	43528.0	42835.3	 0.0111	 100.00	1312.40
    188	400820	     45	   10.0	43530.0	42839.0	 0.0111	 100.00	1312.70
    189	400820	     45	    6.0	43532.0	42842.6	 0.0110	 100.00	1312.87
    190	400820	     45	   14.0	43530.0	42846.2	 0.0109	 100.00	1313.16
    191	400820	     45	    6.0	43532.0	42849.8	 0.0109	 100.00	1313.39
    192	400820	     45	   10.0	43526.0	42853.3	 0.0109	 100.00	1313.67
    193	400820	     45	    6.0	43532.0	42856.8	 0.0109	 100.00	1313.89
    194	400820	     45	    8.0	43532.0	42860.3	 0.0108	 100.00	1314.20
    195	400820	     45	   14.0	43530.0	42863.7	 0.0108	 100.00	1314.30
    196	400820	     45	   10.0	43528.0	42867.0	 0.0107	 100.00	1314.60
    197	400820	     45	    6.0	43534.0	42870.4	 0.0107	 100.00	1314.77
    198	400820	     45	   10.0	43532.0	42873.7	 0.0106	 100.00	1314.98
    199	400820	     45	    8.0	43536.0	42877.1	 0.0106	 100.00	1315.23
    200	400820	     45	   12.0	43528.0	42880.3	 0.0106	 100.00	1315.42
    201	400820	     45	    6.0	43530.0	42883.5	 0.0105	 100.00	1315.66
    202	400820	     45	    8.0	43534.0	42886.7	 0.0105	 100.00	1315.86
    203	400820	     45	    8.0	43534.0	42889.9	 0.0104	 100.00	1316.12
    204	400820	     45	   12.0	43534.0	42893.0	 0.0104	 100.00	1316.36
    205	400820	     45	   16.0	43526.0	42896.1	 0.0107	 100.00	1316.60
    206	400820	     45	    8.0	43530.0	42899.2	 0.0107	 100.00	1316.76
    207	400820	     45	    6.0	43532.0	42902.2	 0.0107	 100.00	1317.00
    208	400820	     45	   10.0	43526.0	42905.2	 0.0108	 100.00	1317.21
    209	400820	     45	    8.0	43530.0	42908.2	 0.0108	 100.00	1317.45
    210	400820	     45	   12.0	43526.0	42911.1	 0.0107	 100.00	1317.61
    211	400820	     45	    6.0	43532.0	42914.0	 0.0107	 100.00	1317.85
    212	400820	     45	   10.0	43530.0	42916.9	 0.0107	 100.00	1317.97
    213	400820	     45	   10.0	43532.0	42919.8	 0.0107	 100.00	1318.21
    214	400820	     45	    8.0	43532.0	42922.6	 0.0107	 100.00	1318.37
    215	400820	     45	    6.0	43538.0	42925.5	 0.0106	 100.00	1318.61
    216	400820	     45	   14.0	43528.0	42928.3	 0.0106	 100.00	1318.77
    217	400820	     45	    6.0	43530.0	42931.0	 0.0106	 100.00	1319.02
    218	400820	     45	   12.0	43530.0	42933.8	 0.0105	 100.00	1319.12
    219	400820	     45	    6.0	43532.0	42936.5	 0.0105	 100.00	1319.34
    220	400820	     45	   10.0	43534.0	42939.2	 0.0109	 100.00	1319.57
    221	400820	     45	   10.0	43532.0	42941.8	 0.0108	 100.00	1319.79
    222	400820	     45	   10.0	43534.0	42944.5	 0.0108	 100.00	1320.01
    223	400820	     45	    8.0	43534.0	42947.1	 0.0108	 100.00	1320.25
    224	400820	     45	    8.0	43530.0	42949.7	 0.0113	 100.00	1320.38
    225	400820	     45	    6.0	43536.0	42952.3	 0.0116	 100.00	1320.61
    226	400820	     45	   16.0	43528.0	42954.9	 0.0118	 100.00	1320.73
    227	400820	     45	    8.0	43532.0	42957.4	 0.0118	 100.00	1320.95
    228	400820	     45	   12.0	43528.0	42959.9	 0.0120	 100.00	1321.12
    229	400820	     45	    6.0	43534.0	42962.4	 0.0119	 100.00	1321.33
    230	400820	     45	    8.0	43534.0	42964.8	 0.0119	 100.00	1321.44
    231	400820	     45	   12.0	43534.0	42967.3	 0.0118	 100.00	1321.62
    232	400820	     45	    8.0	43530.0	42969.7	 0.0118	 100.00	1321.78
    233	400820	     45	    8.0	43530.0	42972.1	 0.0117	 100.00	1321.97
    234	400820	     45	    8.0	43534.0	42974.5	 0.0117	 100.00	1322.10
    235	400820	     45	    6.0	43536.0	42976.9	 0.0116	 100.00	1322.28
    236	400820	     45	   18.0	43530.0	42979.2	 0.0119	 100.00	1322.38
    237	400820	     45	    6.0	43532.0	42981.5	 0.0118	 100.00	1322.56
    238	400820	     45	    8.0	43536.0	42983.9	 0.0119	 100.00	1322.70
    239	400820	     45	    8.0	43536.0	42986.2	 0.0120	 100.00	1322.89
    240	400820	     45	    8.0	43532.0	42988.4	 0.0121	 100.00	1323.00
    241	400820	     45	   12.0	43532.0	42990.7	 0.0120	 100.00	1323.18
    242	400820	     45	    8.0	43532.0	42992.9	 0.0120	 100.00	1323.27
    243	400820	     45	    6.0	43538.0	42995.1	 0.0119	 100.00	1323.46
    244	400820	     45	   12.0	43534.0	42997.3	 0.0123	 100.00	1323.56
    245	400820	     45	    8.0	43538.0	42999.5	 0.0122	 100.00	1323.74
    246	400820	     45	   20.0	43526.0	43001.7	 0.0129	 100.00	1323.86
    247	400820	     45	    6.0	43532.0	43003.8	 0.0128	 100.00	1324.04
    248	400820	     45	    8.0	43528.0	43005.9	 0.0128	 100.00	1324.09
    249	400820	     45	    8.0	43528.0	43008.0	 0.0127	 100.00	1324.23
    250	400820	     45	   10.0	43530.0	43010.1	 0.0127	 100.00	1324.36
    251	400820	     45	   10.0	43528.0	43012.1	 0.0128	 100.00	1324.55
    252	400820	     45	   10.0	43530.0	43014.2	 0.0128	 100.00	1324.66
    253	400820	     45	    6.0	43532.0	43016.2	 0.0128	 100.00	1324.84
    254	400820	     45	   12.0	43532.0	43018.2	 0.0128	 100.00	1324.94
    255	400820	     45	    6.0	43534.0	43020.2	 0.0127	 100.00	1325.10
    256	400820	     45	   14.0	43524.0	43022.2	 0.0130	 100.00	1325.25
    257	400820	     45	    6.0	43530.0	43024.2	 0.0130	 100.00	1325.43
    258	400820	     45	    8.0	43530.0	43026.1	 0.0129	 100.00	1325.51
    259	400820	     45	   10.0	43532.0	43028.1	 0.0129	 100.00	1325.68
    260	400820	     45	   10.0	43530.0	43030.0	 0.0128	 100.00	1325.77
    261	400820	     45	    6.0	43536.0	43031.9	 0.0129	 100.00	1325.95
    262	400820	     45	   12.0	43532.0	43033.8	 0.0128	 100.00	1326.05
    263	400820	     45	    8.0	43536.0	43035.7	 0.0128	 100.00	1326.23
    264	400820	     45	   10.0	43530.0	43037.6	 0.0128	 100.00	1326.32
    265	400820	     45	    6.0	43532.0	43039.5	 0.0128	 100.00	1326.42
    266	400820	     45	    8.0	43536.0	43041.3	 0.0127	 100.00	1326.57
    267	400820	     45	   14.0	43530.0	43043.1	 0.0128	 100.00	1326.68
    268	400820	     45	   12.0	43530.0	43045.0	 0.0131	 100.00	1326.84
    269	400820	     45	    8.0	43530.0	43046.7	 0.0130	 100.00	1326.95
    270	400820	     45	    8.0	43534.0	43048.5	 0.0130	 100.00	1327.10
    271	400820	     45	    6.0	43536.0	43050.3	 0.0129	 100.00	1327.14
    272	400820	     45	   12.0	43528.0	43052.1	 0.0129	 100.00	1327.26
    273	400820	     45	    8.0	43532.0	43053.8	 0.0128	 100.00	1327.40
    274	400820	     45	   10.0	43530.0	43055.6	 0.0128	 100.00	1327.70
    275	400820	     45	    6.0	43536.0	43057.3	 0.0128	 100.00	1327.80
    276	400820	     45	   10.0	43534.0	43059.0	 0.0130	 100.00	1327.93
    277	400820	     45	   14.0	43532.0	43060.7	 0.0130	 100.00	1328.08
    278	400820	     45	    8.0	43532.0	43062.4	 0.0132	 100.00	1328.18
    279	400820	     45	    6.0	43538.0	43064.1	 0.0137	 100.00	1328.26
    280	400820	     45	   10.0	43532.0	43065.8	 0.0139	 100.00	1328.38
    281	400820	     45	    6.0	43534.0	43067.4	 0.0139	 100.00	1328.46
    282	400820	     45	   14.0	43532.0	43069.1	 0.0138	 100.00	1328.53
    283	400820	     45	    6.0	43534.0	43070.7	 0.0138	 100.00	1328.57
    284	400820	     45	   10.0	43536.0	43072.4	 0.0137	 100.00	1328.69
    285	400820	     45	    8.0	43536.0	43074.0	 0.0137	 100.00	1328.80
    286	400820	     45	   10.0	43538.0	43075.6	 0.0137	 100.00	1328.93
    287	400820	     45	   16.0	43530.0	43077.2	 0.0141	 100.00	1328.98
    288	400820	     45	    8.0	43526.0	43078.7	 0.0142	 100.00	1329.08
    289	400820	     45	    6.0	43532.0	43080.3	 0.0142	 100.00	1329.12
    290	400820	     45	   10.0	43530.0	43081.8	 0.0141	 100.00	1329.25
    291	400820	     45	    8.0	43534.0	43083.4	 0.0141	 100.00	1329.35
    292	400820	     45	   14.0	43528.0	43084.9	 0.0140	 100.00	1329.53
    293	400820	     45	    6.0	43534.0	43086.4	 0.0140	 100.00	1329.66
    294	400820	     45	    8.0	43534.0	43087.9	 0.0140	 100.00	1329.83
    295	400820	     45	   10.0	43536.0	43089.5	 0.0140	 100.00	1329.92
    296	400820	     45	    8.0	43532.0	43090.9	 0.0141	 100.00	1330.08
    297	400820	     45	   12.0	43528.0	43092.4	 0.0143	 100.00	1330.19
    298	400820	     45	    8.0	43532.0	43093.9	 0.0142	 100.00	1330.32
    299	400820	     45	    6.0	43534.0	43095.4	 0.0142	 100.00	1330.40
    300	400820	     45	   14.0	43532.0	43096.8	 0.0141	 100.00	1330.50
    301	400820	     45	    6.0	43534.0	43098.3	 0.0141	 100.00	1330.58
    302	400820	     45	    8.0	43538.0	43099.7	 0.0142	 100.00	1330.69
    303	400820	     45	   10.0	43536.0	43101.1	 0.0142	 100.00	1330.82
    304	400820	     45	    8.0	43532.0	43102.6	 0.0142	 100.00	1330.90
    305	400820	     45	   10.0	43534.0	43104.0	 0.0142	 100.00	1330.99
    306	400820	     45	    8.0	43534.0	43105.4	 0.0141	 100.00	1331.10
    307	400820	     45	    6.0	43540.0	43106.8	 0.0141	 100.00	1331.15
    308	400820	     45	   18.0	43530.0	43108.1	 0.0142	 100.00	1331.27
    309	400820	     45	    8.0	43534.0	43109.5	 0.0141	 100.00	1331.36
    310	400820	     45	   10.0	43532.0	43110.9	 0.0142	 100.00	1331.48
    311	400820	     45	    6.0	43538.0	43112.2	 0.0141	 100.00	1331.56
    312	400820	     45	    8.0	43534.0	43113.6	 0.0141	 100.00	1331.69
    313	400820	     45	   10.0	43532.0	43114.9	 0.0141	 100.00	1331.75
    314	400820	     45	   10.0	43534.0	43116.3	 0.0141	 100.00	1331.86
    315	400820	     45	    8.0	43534.0	43117.6	 0.0140	 100.00	1331.95
    316	400820	     45	   10.0	43536.0	43118.9	 0.0140	 100.00	1332.06
    317	400820	     45	    6.0	43538.0	43120.2	 0.0140	 100.00	1332.14
    318	400820	     45	   16.0	43534.0	43121.5	 0.0140	 100.00	1332.25
    319	400820	     45	    6.0	43536.0	43122.8	 0.0139	 100.00	1332.31
    320	400820	     45	   10.0	43530.0	43124.1	 0.0139	 100.00	1332.44
    321	400820	     45	    6.0	43536.0	43125.4	 0.0139	 100.00	1332.51
    322	400820	     45	    8.0	43536.0	43126.6	 0.0139	 100.00	1332.63
    323	400820	     45	   12.0	43536.0	43127.9	 0.0138	 100.00	1332.71
    324	400820	     45	   10.0	43534.0	43129.1	 0.0138	 100.00	1332.78
    325	400820	     45	    6.0	43540.0	43130.4	 0.0137	 100.00	1332.83
    326	400820	     45	   10.0	43538.0	43131.6	 0.0137	 100.00	1332.95
    327	400820	     45	    8.0	43542.0	43132.9	 0.0137	 100.00	1333.06
    328	400820	     45	   24.0	43522.0	43134.1	 0.0143	 100.00	1333.17
    329	400820	     45	    6.0	43524.0	43135.3	 0.0142	 100.00	1333.22
    330	400820	     45	    8.0	43528.0	43136.4	 0.0142	 100.00	1333.34
    331	400820	     45	    8.0	43528.0	43137.6	 0.0141	 100.00	1333.36
    332	400820	     45	   12.0	43528.0	43138.8	 0.0142	 100.00	1333.45
    333	400820	     45	   10.0	43526.0	43140.0	 0.0141	 100.00	1333.56
    334	400820	     45	    8.0	43530.0	43141.1	 0.0141	 100.00	1333.64
    335	400820	     45	    6.0	43532.0	43142.3	 0.0140	 100.00	1333.74
    336	400820	     45	   10.0	43526.0	43143.4	 0.0142	 100.00	1333.76
    337	400820	     45	    8.0	43530.0	43144.6	 0.0142	 100.00	1333.86
    338	400820	     45	   14.0	43524.0	43145.7	 0.0142	 100.00	1333.97
    339	400820	     45	    6.0	43530.0	43146.8	 0.0142	 100.00	1334.07
    340	400820	     45	   10.0	43528.0	43147.9	 0.0141	 100.00	1334.14
    341	400820	     45	   10.0	43530.0	43149.1	 0.0141	 100.00	1334.24
    342	400820	     45	    8.0	43530.0	43150.2	 0.0141	 100.00	1334.30
    343	400820	     45	    6.0	43536.0	43151.3	 0.0140	 100.00	1334.38
    344	400820	     45	   12.0	43528.0	43152.4	 0.0140	 100.00	1334.48
    345	400820	     45	    6.0	43530.0	43153.5	 0.0140	 100.00	1334.53
    346	400820	     45	   12.0	43530.0	43154.6	 0.0139	 100.00	1334.59
    347	400820	     45	    6.0	43532.0	43155.6	 0.0139	 100.00	1334.69
    348	400820	     45	   10.0	43534.0	43156.7	 0.0138	 100.00	1334.70
    349	400820	     45	   14.0	43528.0	43157.8	 0.0138	 100.00	1334.80
    350	400820	     45	   10.0	43530.0	43158.8	 0.0138	 100.00	1334.85
    351	400820	     45	    8.0	43530.0	43159.9	 0.0137	 100.00	1334.95
    352	400820	     45	    8.0	43526.0	43160.9	 0.0138	 100.00	1335.00
    353	400820	     45	    6.0	43532.0	43162.0	 0.0137	 100.00	1335.10
    354	400820	     45	   12.0	43528.0	43163.0	 0.0138	 100.00	1335.18
    355	400820	     45	    8.0	43532.0	43164.1	 0.0137	 100.00	1335.28
    356	400820	     45	   12.0	43528.0	43165.1	 0.0138	 100.00	1335.30
    357	400820	     45	    6.0	43534.0	43166.1	 0.0137	 100.00	1335.40
    358	400820	     45	    8.0	43534.0	43167.1	 0.0137	 100.00	1335.47
    359	400820	     45	   14.0	43532.0	43168.1	 0.0137	 100.00	1335.61
    360	400820	     45	    8.0	43528.0	43169.1	 0.0136	 100.00	1335.66
    361	400820	     45	    8.0	43528.0	43170.1	 0.0136	 100.00	1335.79
    362	400820	     45	    8.0	43532.0	43171.1	 0.0135	 100.00	1335.86
    363	400820	     45	    6.0	43534.0	43172.1	 0.0135	 100.00	1335.96
    364	400820	     45	   16.0	43530.0	43173.1	 0.0135	 100.00	1336.01
    365	400820	     45	    6.0	43532.0	43174.1	 0.0134	 100.00	1336.12
    366	400820	     45	    8.0	43536.0	43175.1	 0.0134	 100.00	1336.15
    367	400820	     45	    8.0	43536.0	43176.0	 0.0134	 100.00	1336.23
    368	400820	     45	    8.0	43532.0	43177.0	 0.0134	 100.00	1336.28
    369	400820	     45	   18.0	43526.0	43178.0	 0.0136	 100.00	1336.36
    370	400820	     45	    8.0	43526.0	43178.9	 0.0136	 100.00	1336.41
    371	400820	     45	    6.0	43532.0	43179.8	 0.0135	 100.00	1336.51
    372	400820	     45	   12.0	43528.0	43180.8	 0.0135	 100.00	1336.55
    373	400820	     45	    8.0	43532.0	43181.7	 0.0135	 100.00	1336.63
    374	400820	     45	   12.0	43528.0	43182.6	 0.0134	 100.00	1336.85
    375	400820	     45	    6.0	43534.0	43183.6	 0.0134	 100.00	1336.95
    376	400820	     45	    8.0	43530.0	43184.5	 0.0134	 100.00	1337.01
    377	400820	     45	    8.0	43530.0	43185.4	 0.0133	 100.00	1337.09
    378	400820	     45	   10.0	43532.0	43186.3	 0.0133	 100.00	1337.12
    379	400820	     45	   12.0	43528.0	43187.2	 0.0134	 100.00	1337.21
    380	400820	     45	   10.0	43530.0	43188.1	 0.0133	 100.00	1337.25
    381	400820	     45	    6.0	43532.0	43189.0	 0.0133	 100.00	1337.35
    382	400820	     45	   12.0	43532.0	43189.9	 0.0133	 100.00	1337.39
    383	400820	     45	    6.0	43534.0	43190.8	 0.0132	 100.00	1337.48
    384	400820	     45	   12.0	43526.0	43191.7	 0.0134	 100.00	1337.50
    385	400820	     45	    6.0	43532.0	43192.6	 0.0133	 100.00	1337.58
    386	400820	     45	    8.0	43532.0	43193.4	 0.0133	 100.00	1337.63
    387	400820	     45	   10.0	43534.0	43194.3	 0.0133	 100.00	1337.71
    388	400820	     45	   10.0	43532.0	43195.2	 0.0132	 100.00	1337.76
    389	400820	     45	    6.0	43538.0	43196.1	 0.0132	 100.00	1337.84
    390	400820	     45	   16.0	43530.0	43196.9	 0.0132	 100.00	1337.87
    391	400820	     45	    8.0	43534.0	43197.8	 0.0132	 100.00	1337.95
    392	400820	     45	   10.0	43528.0	43198.6	 0.0133	 100.00	1338.00
    393	400820	     45	    6.0	43530.0	43199.5	 0.0133	 100.00	1338.08
    394	400820	     45	    8.0	43534.0	43200.3	 0.0132	 100.00	1338.12
    395	400820	     45	   10.0	43532.0	43201.1	 0.0132	 100.00	1338.21
    396	400820	     45	   12.0	43532.0	43202.0	 0.0132	 100.00	1338.22
    397	400820	     45	    8.0	43532.0	43202.8	 0.0132	 100.00	1338.31
    398	400820	     45	    8.0	43536.0	43203.6	 0.0132	 100.00	1338.35
    399	400820	     45	    6.0	43538.0	43204.5	 0.0132	 100.00	1338.43
    400	400820	     45	   14.0	43528.0	43205.3	 0.0134	 100.00	1338.47
    401	400820	     45	    8.0	43532.0	43206.1	 0.0133	 100.00	1338.55
    402	400820	     45	   10.0	43530.0	43206.9	 0.0134	 100.00	1338.57
    403	400820	     45	    6.0	43536.0	43207.7	 0.0133	 100.00	1338.66
    404	400820	     45	   10.0	43534.0	43208.5	 0.0133	 100.00	1338.66
    405	400820	     45	   12.0	43534.0	43209.3	 0.0133	 100.00	1338.72
    406	400820	     45	    8.0	43534.0	43210.1	 0.0132	 100.00	1338.80
    407	400820	     45	    6.0	43540.0	43210.9	 0.0132	 100.00	1338.85
    408	400820	     45	   10.0	43534.0	43211.7	 0.0132	 100.00	1338.91
    409	400820	     45	    6.0	43536.0	43212.5	 0.0131	 100.00	1338.97
    410	400820	     45	   22.0	43526.0	43213.3	 0.0134	 100.00	1339.04
    411	400820	     45	    6.0	43528.0	43214.0	 0.0134	 100.00	1339.11
    412	400820	     45	   10.0	43530.0	43214.8	 0.0134	 100.00	1339.17
    413	400820	     45	    8.0	43530.0	43215.6	 0.0134	 100.00	1339.21
    414	400820	     45	   10.0	43532.0	43216.3	 0.0133	 100.00	1339.28
    415	400820	     45	   10.0	43530.0	43217.1	 0.0133	 100.00	1339.35
    416	400820	     45	    8.0	43526.0	43217.8	 0.0134	 100.00	1339.41
    417	400820	     45	    6.0	43532.0	43218.6	 0.0134	 100.00	1339.46
    418	400820	     45	   10.0	43530.0	43219.3	 0.0133	 100.00	1339.54
    419	400820	     45	    8.0	43534.0	43220.1	 0.0134	 100.00	1339.64
    420	400820	     45	   16.0	43526.0	43220.8	 0.0135	 100.00	1339.71
    421	400820	     45	    6.0	43532.0	43221.5	 0.0134	 100.00	1339.76
    422	400820	     45	    8.0	43532.0	43222.3	 0.0134	 100.00	1339.84
    423	400820	     45	   10.0	43534.0	43223.0	 0.0134	 100.00	1339.89
    424	400820	     45	    8.0	43530.0	43223.7	 0.0134	 100.00	1339.97
    425	400820	     45	   10.0	43528.0	43224.4	 0.0134	 100.00	1339.98
    426	400820	     45	    8.0	43532.0	43225.2	 0.0133	 100.00	1340.05
    427	400820	     45	    6.0	43534.0	43225.9	 0.0133	 100.00	1340.11
    428	400820	     45	   14.0	43532.0	43226.6	 0.0133	 100.00	1340.18
    429	400820	     45	    6.0	43534.0	43227.3	 0.0133	 100.00	1340.23
    430	400820	     45	    8.0	43538.0	43228.0	 0.0134	 100.00	1340.30
    431	400820	     45	   14.0	43532.0	43228.7	 0.0134	 100.00	1340.32
    432	400820	     45	    8.0	43528.0	43229.4	 0.0134	 100.00	1340.40
    433	400820	     45	   10.0	43530.0	43230.1	 0.0134	 100.00	1340.47
    434	400820	     45	    8.0	43530.0	43230.8	 0.0133	 100.00	1340.55
    435	400820	     45	    6.0	43536.0	43231.5	 0.0133	 100.00	1340.63
    436	400820	     45	   14.0	43530.0	43232.2	 0.0133	 100.00	1340.70
    437	400820	     45	    8.0	43534.0	43232.9	 0.0132	 100.00	1340.72
    438	400820	     45	   10.0	43532.0	43233.6	 0.0132	 100.00	1340.80
    439	400820	     45	    6.0	43538.0	43234.2	 0.0132	 100.00	1340.85
    440	400820	     45	    8.0	43534.0	43234.9	 0.0132	 100.00	1340.93
    441	400820	     45	   12.0	43530.0	43235.6	 0.0132	 100.00	1340.98
    442	400820	     45	   10.0	43532.0	43236.3	 0.0132	 100.00	1341.07
    443	400820	     45	    8.0	43532.0	43236.9	 0.0131	 100.00	1341.12
    444	400820	     45	   10.0	43534.0	43237.6	 0.0131	 100.00	1341.21
    445	400820	     45	    6.0	43536.0	43238.3	 0.0131	 100.00	1341.29
    446	400820	     45	   14.0	43534.0	43238.9	 0.0131	 100.00	1341.38
    447	400820	     45	    6.0	43536.0	43239.6	 0.0131	 100.00	1341.45
    448	400820	     45	   10.0	43530.0	43240.2	 0.0132	 100.00	1341.52
    449	400820	     45	    6.0	43536.0	43240.9	 0.0131	 100.00	1341.58
    450	400820	     45	    8.0	43536.0	43241.6	 0.0131	 100.00	1341.67
    451	400820	     45	   18.0	43530.0	43242.2	 0.0133	 100.00	1341.74
    452	400820	     45	   10.0	43528.0	43242.8	 0.0133	 100.00	1341.83
    453	400820	     45	    6.0	43534.0	43243.5	 0.0133	 100.00	1341.90
    454	400820	     45	   10.0	43532.0	43244.1	 0.0132	 100.00	1342.00
    455	400820	     45	    8.0	43536.0	43244.7	 0.0132	 100.00	1342.04
    456	400820	     45	   12.0	43528.0	43245.4	 0.0132	 100.00	1342.14
    457	400820	     45	    6.0	43530.0	43246.0	 0.0131	 100.00	1342.21
    458	400820	     45	    8.0	43534.0	43246.6	 0.0131	 100.00	1342.30
    459	400820	     45	    8.0	43534.0	43247.2	 0.0131	 100.00	1342.37
    460	400820	     45	   12.0	43534.0	43247.9	 0.0131	 100.00	1342.46
    461	400820	     45	   12.0	43530.0	43248.5	 0.0132	 100.00	1342.50
    462	400820	     45	    8.0	43534.0	43249.1	 0.0132	 100.00	1342.56
    463	400820	     45	    6.0	43536.0	43249.7	 0.0131	 100.00	1342.57
    464	400820	     45	   10.0	43530.0	43250.3	 0.0131	 100.00	1342.66
    465	400820	     45	    8.0	43534.0	43250.9	 0.0131	 100.00	1342.71
    466	400820	     45	   12.0	43530.0	43251.5	 0.0131	 100.00	1342.80
    467	400820	     45	    6.0	43536.0	43252.1	 0.0131	 100.00	1342.84
    468	400820	     45	   10.0	43534.0	43252.7	 0.0130	 100.00	1343.04
    469	400820	     45	   10.0	43536.0	43253.3	 0.0130	 100.00	1343.08
    470	400820	     45	    8.0	43536.0	43253.9	 0.0130	 100.00	1343.16
    471	400820	     45	    6.0	43542.0	43254.5	 0.0131	 100.00	1343.21
    472	400820	     45	   16.0	43530.0	43255.1	 0.0132	 100.00	1343.28
    473	400820	     45	    6.0	43532.0	43255.7	 0.0131	 100.00	1343.30
    474	400820	     45	   12.0	43532.0	43256.3	 0.0131	 100.00	1343.38
    475	400820	     45	    6.0	43534.0	43256.9	 0.0131	 100.00	1343.44
    476	400820	     45	   10.0	43536.0	43257.4	 0.0131	 100.00	1343.51
    477	400820	     45	   10.0	43534.0	43258.0	 0.0130	 100.00	1343.57
    478	400820	     45	   10.0	43536.0	43258.6	 0.0130	 100.00	1343.64
    479	400820	     45	    8.0	43536.0	43259.2	 0.0130	 100.00	1343.67
    480	400820	     45	    8.0	43532.0	43259.8	 0.0130	 100.00	1343.80
    481	400820	     45	    6.0	43538.0	43260.3	 0.0129	 100.00	1343.87
    482	400820	     45	   14.0	43532.0	43260.9	 0.0129	 100.00	1343.94
    483	400820	     45	    8.0	43536.0	43261.5	 0.0129	 100.00	1343.99
    484	400820	     45	   12.0	43532.0	43262.0	 0.0129	 100.00	1344.06
    485	400820	     45	    6.0	43538.0	43262.6	 0.0129	 100.00	1344.09
    486	400820	     45	    8.0	43538.0	43263.1	 0.0128	 100.00	1344.16
    487	400820	     45	   12.0	43538.0	43263.7	 0.0128	 100.00	1344.21
    488	400820	     45	    8.0	43534.0	43264.3	 0.0128	 100.00	1344.26
    489	400820	     45	    8.0	43534.0	43264.8	 0.0128	 100.00	1344.31
    490	400820	     45	    8.0	43538.0	43265.4	 0.0127	 100.00	1344.39
    491	400820	     45	    6.0	43540.0	43265.9	 0.0127	 100.00	1344.43
    492	400820	     45	   26.0	43526.0	43266.5	 0.0130	 100.00	1344.52
    493	400820	     45	    6.0	 1286.0	43181.5	 0.0130	 100.00	1343.53
    494	400820	     45	    8.0	    2.0	43094.2	 0.0130	 100.00	1342.28
    495	400820	     45	    8.0	    2.0	43007.4	 0.0130	 100.00	1340.95
    496	400820	     45	    8.0	    1.0	42920.8	 0.0130	 100.00	1339.59
    497	400820	     45	   12.0	    0.0	42834.6	 0.0130	 +99.80	1340.15
    498	400820	     45	    8.0	    8.0	42748.8	 0.0129	  99.80	1339.41
    499	400820	     45	    6.0	    6.0	42663.3	 0.0129	  99.80	1338.51
    500	400820	     45	   12.0	    0.0	42578.2	 0.0129	 +99.60	1339.90
    501	400820	     45	    8.0	    8.0	42493.4	 0.0129	  99.60	1339.38
    502	400820	     45	   14.0	   14.0	42408.9	 0.0129	  99.60	1339.15
    503	400820	     45	    6.0	    1.0	42324.8	 0.0128	  99.60	1338.93
    504	400820	     45	    8.0	    0.0	42241.0	 0.0128	 +99.41	1340.40
    505	400820	     45	    8.0	    8.0	42157.5	 0.0128	  99.41	1339.90
    506	400820	     45	   10.0	   10.0	42074.4	 0.0128	  99.41	1339.65
    507	400820	     45	   10.0	    1.0	41991.6	 0.0128	  99.41	1339.20
    508	400820	     45	   10.0	   11.0	41909.1	 0.0128	  99.41	1339.05
    509	400820	     45	    6.0	    7.0	41826.9	 0.0127	  99.41	1338.83
    510	400820	     45	   12.0	    0.0	41745.1	 0.0127	 +99.22	1340.73
    511	400820	     45	    6.0	    6.0	41663.5	 0.0127	  99.22	1340.24
    512	400820	     45	   16.0	   16.0	41582.4	 0.0129	  99.22	1340.01
    513	400820	     45	    6.0	    6.0	41501.5	 0.0129	  99.22	1339.62
    514	400820	     45	    8.0	   14.0	41420.9	 0.0129	  99.22	1339.74
    515	400820	     45	   10.0	   10.0	41340.7	 0.0128	  99.22	1339.82
    516	400820	     45	   10.0	    0.0	41260.7	 0.0128	 +99.03	1341.96
    517	400820	     45	    6.0	    6.0	41181.1	 0.0128	  99.03	1341.58
    518	400820	     45	   12.0	   12.0	41101.7	 0.0128	  99.04	1341.65
    519	400820	     45	    8.0	    1.0	41022.7	 0.0128	  99.04	1341.26
    520	400820	     45	   10.0	   11.0	40944.0	 0.0129	  99.04	1341.42
    521	400820	     45	    6.0	   11.0	40865.6	 0.0129	  99.04	1341.48
    522	400820	     45	    8.0	    0.0	40787.4	 0.0129	 +98.85	1343.67
    523	400820	     45	   12.0	   12.0	40709.6	 0.0129	  98.85	1343.30
    524	400820	     45	   12.0	   14.0	40632.1	 0.0129	  98.86	1343.33
    525	400820	     45	    8.0	    0.0	40554.8	 0.0128	 +98.67	1345.33
    526	400820	     45	    8.0	    8.0	40477.9	 0.0128	  98.67	1344.90
    527	400820	     45	    6.0	    6.0	40401.3	 0.0128	  98.67	1344.90
    528	400820	     45	   12.0	   10.0	40324.9	 0.0128	  98.68	1344.85
    529	400820	     45	    8.0	   10.0	40248.8	 0.0128	  98.68	1344.62
    530	400820	     45	   10.0	    0.0	40173.0	 0.0128	 +98.49	1346.46
    531	400820	     45	    6.0	    6.0	40097.5	 0.0128	  98.50	1345.98
    532	400820	     45	   10.0	   10.0	40022.3	 0.0128	  98.50	1345.71
    533	400820	     45	   18.0	    8.0	39947.4	 0.0129	  98.50	1345.42
    534	400820	     45	    8.0	    5.0	39872.7	 0.0129	  98.50	1344.87
    535	400820	     45	    6.0	   11.0	39798.4	 0.0129	  98.51	1345.04
    536	400820	     45	   10.0	    8.0	39724.3	 0.0129	  98.51	1345.11
    537	400820	     45	    6.0	    1.0	39650.4	 0.0129	  98.51	1345.23
    538	400820	     45	   14.0	    0.0	39576.9	 0.0129	 +98.33	1346.90
    539	400820	     45	    6.0	    6.0	39503.6	 0.0128	  98.33	1346.52
    540	400820	     45	   10.0	   10.0	39430.6	 0.0129	  98.34	1346.58
    541	400820	     45	    8.0	    9.0	39357.9	 0.0129	  98.34	1346.21
    542	400820	     45	   10.0	   11.0	39285.4	 0.0129	  98.34	1346.36
    543	400820	     45	   12.0	   12.0	39213.2	 0.0131	  98.35	1346.45
    544	400820	     45	    8.0	   11.0	39141.3	 0.0132	  98.35	1346.48
    545	400820	     45	    6.0	    9.0	39069.6	 0.0132	  98.35	1346.65
    546	400820	     45	   10.0	    9.0	38998.2	 0.0132	  98.35	1346.71
    547	400820	     45	    8.0	    0.0	38927.0	 0.0132	 +98.18	1348.76
    548	400820	     45	   14.0	   14.0	38856.1	 0.0131	  98.18	1348.40
    549	400820	     45	    6.0	    6.0	38785.5	 0.0131	  98.18	1348.18
    550	400820	     45	    8.0	    6.0	38715.1	 0.0131	  98.19	1348.06
    551	400820	     45	   10.0	   11.0	38645.0	 0.0131	  98.19	1347.97
    552	400820	     45	    8.0	    3.0	38575.1	 0.0132	  98.19	1347.99
    553	400820	     45	   14.0	   13.0	38505.5	 0.0132	  98.19	1348.11
    554	400820	     45	    8.0	   15.0	38436.2	 0.0132	  98.20	1348.18
    555	400820	     45	    6.0	    0.0	38367.0	 0.0132	 +98.02	1350.18
    556	400820	     45	   14.0	   14.0	38298.2	 0.0132	  98.03	1349.82
    557	400820	     45	    6.0	    6.0	38229.6	 0.0132	  98.03	1349.73
    558	400820	     45	    8.0	    6.0	38161.2	 0.0133	  98.03	1349.89
    559	400820	     45	   10.0	    7.0	38093.1	 0.0132	  98.04	1349.92
    560	400820	     45	    8.0	    4.0	38025.2	 0.0134	  98.04	1349.95
    561	400820	     45	   10.0	    6.0	37957.5	 0.0135	  98.04	1350.09
    562	400820	     45	    8.0	    9.0	37890.1	 0.0135	  98.05	1350.15
    563	400820	     45	    6.0	    1.0	37822.9	 0.0135	  98.05	1350.17
    564	400820	     45	   16.0	   15.0	37756.0	 0.0135	  98.05	1350.32
    565	400820	     45	    8.0	    9.0	37689.3	 0.0135	  98.06	1350.36
    566	400820	     45	   10.0	    3.0	37622.9	 0.0136	  98.06	1350.44
    567	400820	     45	    6.0	    3.0	37556.6	 0.0135	  98.06	1350.14
    568	400820	     45	    8.0	    9.0	37490.6	 0.0136	  98.07	1350.31
    569	400820	     45	   10.0	    7.0	37424.9	 0.0137	  98.07	1350.43
    570	400820	     45	   10.0	    7.0	37359.3	 0.0137	  98.07	1350.18
    571	400820	     45	    8.0	   11.0	37294.0	 0.0137	  98.08	1350.34
    572	400820	     45	   10.0	   10.0	37229.0	 0.0137	  98.08	1350.59
    573	400820	     45	    6.0	    4.0	37164.1	 0.0137	  98.08	1350.66
    574	400820	     45	   22.0	    8.0	37099.5	 0.0139	  98.09	1350.14
    575	400820	     45	    6.0	    9.0	37035.1	 0.0140	  98.09	1349.97
    576	400820	     45	   10.0	   17.0	36971.0	 0.0142	  98.09	1350.14
    577	400820	     45	    6.0	    5.0	36907.0	 0.0142	  98.10	1350.27
    578	400820	     45	    8.0	    0.0	36843.3	 0.0142	 +97.93	1351.40
    579	400820	     45	   12.0	   12.0	36779.8	 0.0142	  97.93	1350.84
    580	400820	     45	   10.0	   11.0	36716.5	 0.0142	  97.93	1350.93
    581	400820	     45	    6.0	    9.0	36653.4	 0.0142	  97.94	1350.99
    582	400820	     45	   10.0	    7.0	36590.5	 0.0142	  97.94	1351.21
    583	400820	     45	    8.0	    2.0	36527.9	 0.0142	  97.95	1351.33
    584	400820	     45	   14.0	    6.0	36465.5	 0.0143	  97.95	1351.32
    585	400820	     45	    6.0	    4.0	36403.2	 0.0143	  97.95	1350.94
    586	400820	     45	    8.0	    0.0	36341.2	 0.0142	 +97.79	1352.63
    587	400820	     45	    8.0	    8.0	36279.4	 0.0142	  97.79	1352.15
    588	400820	     45	   12.0	   12.0	36217.9	 0.0142	  97.79	1352.06
    589	400820	     45	   10.0	    5.0	36156.5	 0.0142	  97.80	1351.95
    590	400820	     45	    8.0	    1.0	36095.3	 0.0142	  97.80	1351.22
    591	400820	     45	    6.0	    1.0	36034.3	 0.0142	  97.80	1350.64
    592	400820	     45	   10.0	    5.0	35973.6	 0.0143	  97.81	1350.07
    593	400820	     45	    8.0	    5.0	35913.0	 0.0144	  97.81	1349.45
    594	400820	     45	   16.0	    9.0	35852.7	 0.0144	  97.82	1348.82
    595	400820	     45	    6.0	    2.0	35792.5	 0.0144	  97.82	1348.28
    596	400820	     45	   10.0	    1.0	35732.6	 0.0144	  97.82	1347.70
    597	400820	     45	   10.0	    3.0	35672.8	 0.0144	  97.83	1347.08
    598	400820	     45	    8.0	    0.0	35613.3	 0.0144	 +97.66	1348.38
    599	400820	     45	    6.0	    6.0	35553.9	 0.0144	  97.67	1347.85
    600	400820	     45	   12.0	   12.0	35494.8	 0.0144	  97.67	1347.47
    601	400820	     45	    6.0	    1.0	35435.8	 0.0144	  97.67	1347.15
    602	400820	     45	   12.0	    1.0	35377.1	 0.0144	  97.68	1346.87
    603	400820	     45	    6.0	    0.0	35318.5	 0.0144	 +97.52	1348.14
    604	400820	     45	   10.0	   10.0	35260.1	 0.0144	  97.52	1347.72
    605	400820	     45	   12.0	   12.0	35202.0	 0.0143	  97.52	1348.08
    606	400820	     45	   10.0	   10.0	35144.0	 0.0143	  97.53	1348.40
    607	400820	     45	    8.0	    9.0	35086.2	 0.0143	  97.53	1348.75
    608	400820	     45	    8.0	    3.0	35028.6	 0.0144	  97.54	1348.53
    609	400820	     45	    6.0	    7.0	34971.2	 0.0144	  97.54	1348.30
    610	400820	     45	   12.0	   11.0	34914.0	 0.0143	  97.55	1347.78
    611	400820	     45	    8.0	    0.0	34856.9	 0.0143	 +97.39	1348.98
    612	400820	     45	   12.0	   12.0	34800.1	 0.0144	  97.39	1348.34
    613	400820	     45	    6.0	    4.0	34743.4	 0.0143	  97.39	1347.75
    614	400820	     45	    8.0	    0.0	34686.9	 0.0143	 +97.24	1348.82
    615	400820	     45	   18.0	   18.0	34630.6	 0.0144	  97.24	1348.12
    616	400820	     45	    8.0	   10.0	34574.5	 0.0143	  97.24	1347.59
    617	400820	     45	    8.0	    1.0	34518.6	 0.0143	  97.25	1347.36
    618	400820	     45	    8.0	    2.0	34462.8	 0.0143	  97.25	1347.20
    619	400820	     45	    6.0	    0.0	34407.2	 0.0143	 +97.10	1348.10
    620	400820	     45	   16.0	   16.0	34351.8	 0.0143	  97.10	1347.57
    621	400820	     45	    6.0	    7.0	34296.6	 0.0143	  97.11	1347.25
    622	400820	     45	    8.0	    0.0	34241.6	 0.0142	 +96.95	1348.66
    623	400820	     45	    8.0	    8.0	34186.7	 0.0142	  96.96	1348.09
    624	400820	     45	    8.0	    8.0	34132.0	 0.0142	  96.96	1347.66
    625	400820	     45	   14.0	    2.0	34077.5	 0.0142	  96.96	1347.32
    626	400820	     45	    8.0	    0.0	34023.2	 0.0142	 +96.81	1348.29
    627	400820	     45	    6.0	    6.0	33969.0	 0.0141	  96.82	1347.69
    628	400820	     45	   12.0	   12.0	33915.0	 0.0142	  96.82	1347.27
    629	400820	     45	    8.0	    4.0	33861.2	 0.0142	  96.83	1347.07
    630	400820	     45	   12.0	    2.0	33807.5	 0.0142	  96.83	1346.16
    631	400820	     45	    6.0	    6.0	33754.0	 0.0142	  96.84	1345.32
    632	400820	     45	    8.0	    6.0	33700.7	 0.0142	  96.84	1344.38
    633	400820	     45	    8.0	    5.0	33647.6	 0.0142	  96.85	1343.40
    634	400820	     45	   10.0	    2.0	33594.6	 0.0143	  96.85	1342.45
    635	400820	     45	   14.0	   11.0	33541.8	 0.0143	  96.86	1341.48
    636	400820	     45	   10.0	    7.0	33489.1	 0.0143	  96.86	1340.39
    637	400820	     45	    6.0	    0.0	33436.6	 0.0143	 +96.71	1341.12
    638	400820	     45	   12.0	   12.0	33384.3	 0.0143	  96.71	1340.54
    639	400820	     45	    6.0	    7.0	33332.2	 0.0143	  96.72	1340.19
    640	400820	     45	   12.0	    5.0	33280.2	 0.0146	  96.72	1339.64
    641	400820	     45	    6.0	    5.0	33228.4	 0.0146	  96.73	1338.56
    642	400820	     45	    8.0	    0.0	33176.7	 0.0146	 +96.58	1339.27
    643	400820	     45	   10.0	   10.0	33125.2	 0.0145	  96.58	1338.69
    644	400820	     45	   10.0	   10.0	33073.8	 0.0145	  96.59	1338.33
    645	400820	     45	    6.0	    0.0	33022.6	 0.0145	 +96.44	1339.44
    646	400820	     45	   14.0	   14.0	32971.6	 0.0145	  96.45	1338.86
    647	400820	     45	    8.0	   10.0	32920.8	 0.0146	  96.45	1338.55
    648	400820	     45	   10.0	    6.0	32870.0	 0.0147	  96.46	1338.00
    649	400820	     45	    6.0	    7.0	32819.5	 0.0147	  96.46	1336.93
    650	400820	     45	    8.0	    6.0	32769.1	 0.0147	  96.47	1335.93
    651	400820	     45	   10.0	    4.0	32718.8	 0.0147	  96.47	1334.97
    652	400820	     45	   12.0	    4.0	32668.7	 0.0148	  96.48	1334.04
    653	400820	     45	    8.0	   12.0	32618.8	 0.0148	  96.48	1333.92
    654	400820	     45	    8.0	    8.0	32569.0	 0.0149	  96.49	1333.85
    655	400820	     45	    6.0	    5.0	32519.4	 0.0149	  96.49	1333.20
    656	400820	     45	   26.0	   23.0	32469.9	 0.0153	  96.50	1333.12
    657	400820	     45	    8.0	   15.0	32420.6	 0.0153	  96.50	1333.02
    658	400820	     45	   10.0	    0.0	32371.4	 0.0153	 +96.36	1334.01
    659	400820	     45	    6.0	    6.0	32322.3	 0.0152	  96.36	1333.49
    660	400820	     45	   10.0	   10.0	32273.5	 0.0152	  96.37	1333.45
    661	400820	     45	   12.0	    0.0	32224.7	 0.0152	 +96.22	1334.33
    662	400820	     45	    8.0	    8.0	32176.1	 0.0152	  96.23	1333.85
    663	400820	     45	    6.0	    6.0	32127.7	 0.0151	  96.23	1333.56
    664	400820	     45	   10.0	    3.0	32079.4	 0.0152	  96.24	1332.65
    665	400820	     45	    6.0	    7.0	32031.2	 0.0152	  96.25	1332.39
    666	400820	     45	   16.0	   10.0	31983.2	 0.0153	  96.25	1332.15
    667	400820	     45	    6.0	    4.0	31935.3	 0.0153	  96.26	1332.10
    668	400820	     45	   10.0	    0.0	31887.6	 0.0153	 +96.11	1333.01
    669	400820	     45	    8.0	    8.0	31840.0	 0.0152	  96.12	1332.51
    670	400820	     45	   10.0	   10.0	31792.6	 0.0152	  96.13	1332.43
    671	400820	     45	   10.0	    8.0	31745.3	 0.0152	  96.13	1332.29
    672	400820	     45	    8.0	   12.0	31698.1	 0.0153	  96.14	1332.20
    673	400820	     45	    6.0	    2.0	31651.1	 0.0153	  96.14	1331.55
    674	400820	     45	   10.0	   10.0	31604.2	 0.0153	  96.15	1331.43
    675	400820	     45	    8.0	    9.0	31557.5	 0.0153	  96.15	1331.37
    676	400820	     45	   18.0	    2.0	31510.9	 0.0153	  96.16	1330.81
    677	400820	     45	    6.0	    8.0	31464.4	 0.0153	  96.17	1330.63
    678	400820	     45	    8.0	   10.0	31418.1	 0.0154	  96.17	1330.58
    679	400820	     45	   10.0	    6.0	31371.9	 0.0153	  96.18	1329.95
    680	400820	     45	    8.0	   10.0	31325.8	 0.0154	  96.18	1329.81
    681	400820	     45	   10.0	    8.0	31279.9	 0.0154	  96.19	1329.77
    682	400820	     45	    8.0	    0.0	31234.1	 0.0153	 +96.05	1330.57
    683	400820	     45	    6.0	    6.0	31188.5	 0.0153	  96.05	1330.12
    684	400820	     45	   14.0	   14.0	31142.9	 0.0153	  96.06	1330.15
    685	400820	     45	    6.0	    8.0	31097.6	 0.0153	  96.06	1330.21
    686	400820	     45	    8.0	    9.0	31052.3	 0.0153	  96.07	1330.33
    687	400820	     45	   12.0	   13.0	31007.2	 0.0153	  96.08	1330.39
    688	400820	     45	    8.0	    9.0	30962.2	 0.0154	  96.08	1330.38
    689	400820	     45	   10.0	   13.0	30917.4	 0.0154	  96.09	1330.34
    690	400820	     45	    8.0	    7.0	30872.6	 0.0154	  96.09	1330.29
    691	400820	     45	    6.0	    0.0	30828.0	 0.0153	 +95.95	1331.27
    692	400820	     45	   14.0	   14.0	30783.5	 0.0153	  95.96	1330.80
    693	400820	     45	    8.0	    8.0	30739.2	 0.0153	  95.97	1330.78
    694	400820	     45	   10.0	    6.0	30695.0	 0.0153	  95.97	1330.61
    695	400820	     45	    6.0	    6.0	30650.9	 0.0153	  95.98	1330.58
    696	400820	     45	    8.0	    7.0	30606.9	 0.0153	  95.98	1330.54
    697	400820	     45	   16.0	    7.0	30563.1	 0.0154	  95.99	1330.36
    698	400820	     45	   10.0	    4.0	30519.4	 0.0154	  95.99	1329.76
    699	400820	     45	    8.0	    0.0	30475.8	 0.0153	 +95.86	1330.79
    700	400820	     45	   10.0	   10.0	30432.3	 0.0153	  95.86	1330.35
    701	400820	     45	    6.0	    7.0	30389.0	 0.0153	  95.87	1330.49
    702	400820	     45	   14.0	    0.0	30345.7	 0.0153	 +95.73	1331.48
    703	400820	     45	    6.0	    6.0	30302.6	 0.0153	  95.74	1331.04
    704	400820	     45	   10.0	   10.0	30259.7	 0.0153	  95.74	1331.09
    705	400820	     45	    6.0	   12.0	30216.8	 0.0153	  95.75	1331.13
    706	400820	     45	    8.0	    9.0	30174.1	 0.0153	  95.76	1330.67
    707	400820	     45	   14.0	    0.0	30131.5	 0.0153	 +95.62	1331.85
    708	400820	     45	   10.0	   10.0	30089.0	 0.0153	  95.63	1331.40
    709	400820	     45	    6.0	    5.0	30046.6	 0.0152	  95.63	1330.92
    710	400820	     45	   10.0	    0.0	30004.4	 0.0152	 +95.50	1332.14
    711	400820	     45	    8.0	    8.0	29962.2	 0.0152	  95.51	1331.70
    712	400820	     45	   12.0	   12.0	29920.2	 0.0152	  95.51	1331.42
    713	400820	     45	    6.0	    0.0	29878.3	 0.0152	 +95.38	1332.76
    714	400820	     45	    8.0	    8.0	29836.5	 0.0151	  95.38	1332.30
    715	400820	     45	    8.0	    8.0	29794.9	 0.0151	  95.39	1332.26
    716	400820	     45	   12.0	    1.0	29753.3	 0.0151	  95.40	1332.11
    717	400820	     45	   14.0	    1.0	29711.9	 0.0151	  95.40	1331.33
    718	400820	     45	    8.0	    9.0	29670.6	 0.0151	  95.41	1331.23
    719	400820	     45	    6.0	    6.0	29629.4	 0.0151	  95.42	1331.17
    720	400820	     45	   10.0	    2.0	29588.3	 0.0151	  95.42	1330.75
    721	400820	     45	    8.0	    6.0	29547.3	 0.0151	  95.43	1330.65
    722	400820	     45	   12.0	   12.0	29506.5	 0.0150	  95.44	1330.61
    723	400820	     45	    6.0	    0.0	29465.7	 0.0150	 +95.30	1331.62
    724	400820	     45	   10.0	   10.0	29425.1	 0.0150	  95.31	1331.21
    725	400820	     45	   10.0	   10.0	29384.6	 0.0150	  95.32	1331.14
    726	400820	     45	    8.0	    6.0	29344.2	 0.0150	  95.32	1331.17
    727	400820	     45	    6.0	    6.0	29303.9	 0.0150	  95.33	1331.27
    728	400820	     45	   14.0	   16.0	29263.7	 0.0150	  95.34	1331.31
    729	400820	     45	    6.0	    7.0	29223.6	 0.0149	  95.34	1331.28
    730	400820	     45	   12.0	    0.0	29183.6	 0.0149	 +95.21	1332.05
    731	400820	     45	    6.0	    6.0	29143.8	 0.0149	  95.22	1331.61
    732	400820	     45	   10.0	   10.0	29104.0	 0.0149	  95.23	1331.57
    733	400820	     45	   10.0	   12.0	29064.4	 0.0149	  95.23	1331.44
    734	400820	     45	   10.0	   10.0	29024.9	 0.0148	  95.24	1331.41
    735	400820	     45	    8.0	    0.0	28985.4	 0.0148	 +95.11	1332.34
    736	400820	     45	    8.0	    8.0	28946.1	 0.0149	  95.12	1331.90
    737	400820	     45	    6.0	    5.0	28906.9	 0.0149	  95.12	1331.86
    738	400820	     45	   20.0	   17.0	28867.8	 0.0151	  95.13	1331.78
    739	400820	     45	    8.0	   13.0	28828.8	 0.0151	  95.14	1331.72
    740	400820	     45	   12.0	    0.0	28789.9	 0.0150	 +95.01	1332.60
    741	400820	     45	    6.0	    6.0	28751.1	 0.0150	  95.01	1332.16
    742	400820	     45	    8.0	    8.0	28712.4	 0.0150	  95.02	1332.13
    743	400820	     45	   12.0	    8.0	28673.8	 0.0150	  95.03	1331.85
    744	400820	     45	    8.0	    9.0	28635.4	 0.0150	  95.03	1331.51
    745	400820	     45	    8.0	    0.0	28597.0	 0.0149	 +94.91	1332.71
    746	400820	     45	    8.0	    8.0	28558.7	 0.0149	  94.91	1332.26
    747	400820	     45	    6.0	    6.0	28520.5	 0.0149	  94.92	1332.12
    748	400820	     45	   18.0	    3.0	28482.5	 0.0150	  94.93	1331.74
    749	400820	     45	    6.0	    3.0	28444.5	 0.0150	  94.93	1331.13
    750	400820	     45	    8.0	    0.0	28406.6	 0.0149	 +94.81	1331.91
    751	400820	     45	    8.0	    8.0	28368.8	 0.0149	  94.81	1331.46
    752	400820	     45	    8.0	    8.0	28331.2	 0.0149	  94.82	1331.27
    753	400820	     45	   12.0	    3.0	28293.6	 0.0149	  94.83	1330.83
    754	400820	     45	    8.0	    9.0	28256.1	 0.0149	  94.83	1330.52
    755	400820	     45	    6.0	   12.0	28218.8	 0.0149	  94.84	1329.79
