./asc:main.c:294: warning: auxv random bytes were not cleared
  Round	    PC	Excited	Hamming	   Loss	 Regret	    MSE	  Error	   MIPS
      0	400144	     30	42315.0	42315.0	42315.0	 0.1988	 100.00	  23.81
      1	400800	     30	 1220.0	43527.0	21763.5	 0.2154	 100.00	 257.99
      2	400800	     34	    8.0	43527.0	14509.0	 0.2493	 100.00	 454.59
      3	400800	     36	   10.0	43529.0	10882.2	 0.2552	 100.00	 531.80
      4	400800	     37	   10.0	43527.0	17411.2	 0.2492	 100.00	 606.90
      5	400800	     37	    6.0	43533.0	21764.8	 0.2331	 100.00	 639.32
      6	400800	     38	   12.0	43529.0	24874.0	 0.2493	 100.00	 742.13
      7	400800	     38	    8.0	43533.0	27206.4	 0.2321	 100.00	 750.22
      8	400800	     38	   10.0	43527.0	29019.8	 0.2095	 100.00	 794.29
      9	400800	     38	    6.0	43529.0	30470.7	 0.1917	 100.00	 831.98
     10	400800	     38	    8.0	43533.0	31658.2	 0.1785	 100.00	 865.00
     11	400800	     39	   12.0	43529.0	32647.4	 0.2517	 100.00	 917.15
     12	400800	     39	   12.0	43529.0	33484.5	 0.2370	 100.00	 919.33
     13	400800	     39	    8.0	43529.0	34201.9	 0.2092	 100.00	 942.96
     14	400800	     39	    8.0	43533.0	34824.0	 0.1913	 100.00	 963.88
     15	400800	     39	    6.0	43535.0	35368.4	 0.1720	 100.00	 982.27
     16	400800	     39	   12.0	43527.0	35848.4	 0.1765	 100.00	 999.58
     17	400800	     39	    8.0	43531.0	36275.2	 0.1716	 100.00	1014.97
     18	400800	     39	   10.0	43529.0	36656.9	 0.1576	 100.00	1029.57
     19	400800	     39	    6.0	43535.0	37000.8	 0.1572	 100.00	1042.55
     20	400800	     39	   10.0	43533.0	37311.9	 0.1514	 100.00	1055.14
     21	400800	     40	   16.0	43529.0	37594.5	 0.2501	 100.00	1078.19
     22	400800	     40	    8.0	43529.0	37852.5	 0.2363	 100.00	1077.08
     23	400800	     40	    6.0	43535.0	38089.3	 0.2050	 100.00	1086.47
     24	400800	     40	   10.0	43529.0	38306.9	 0.2091	 100.00	1095.69
     25	400800	     40	    6.0	43531.0	38507.8	 0.1895	 100.00	1104.03
     26	400800	     40	   14.0	43529.0	38693.8	 0.1799	 100.00	1111.72
     27	400800	     40	    6.0	43531.0	38866.5	 0.1686	 100.00	1119.38
     28	400800	     40	   10.0	43533.0	39027.4	 0.1648	 100.00	1126.32
     29	400800	     40	    8.0	43533.0	39177.6	 0.1580	 100.00	1133.02
     30	400800	     40	   10.0	43535.0	39318.2	 0.1493	 100.00	1139.42
     31	400800	     40	   12.0	43531.0	39449.8	 0.1512	 100.00	1145.54
     32	400800	     40	    8.0	43527.0	39573.4	 0.1510	 100.00	1151.38
     33	400800	     40	    6.0	43533.0	39689.9	 0.1489	 100.00	1156.80
     34	400800	     40	   10.0	43531.0	39799.6	 0.1449	 100.00	1161.56
     35	400800	     40	    8.0	43535.0	39903.4	 0.1395	 100.00	1166.69
     36	400800	     40	   14.0	43529.0	40001.4	 0.1404	 100.00	1171.25
     37	400800	     40	    6.0	43535.0	40094.3	 0.1387	 100.00	1175.90
     38	400800	     40	    8.0	43535.0	40182.6	 0.1342	 100.00	1180.15
     39	400800	     40	   10.0	43537.0	40266.4	 0.1317	 100.00	1184.19
     40	400800	     40	    8.0	43533.0	40346.1	 0.1322	 100.00	1187.79
     41	400800	     41	   16.0	43525.0	40421.8	 0.2511	 100.00	1197.87
     42	400800	     41	    8.0	43529.0	40494.0	 0.2475	 100.00	1194.85
     43	400800	     41	    6.0	43531.0	40563.1	 0.2205	 100.00	1198.80
     44	400800	     41	   14.0	43529.0	40629.0	 0.2004	 100.00	1202.21
     45	400800	     41	    6.0	43531.0	40692.1	 0.1894	 100.00	1205.72
     46	400800	     41	    8.0	43535.0	40752.6	 0.1746	 100.00	1209.01
     47	400800	     41	   10.0	43533.0	40810.5	 0.1711	 100.00	1212.23
     48	400800	     41	    8.0	43529.0	40866.0	 0.1679	 100.00	1215.27
     49	400800	     41	   10.0	43531.0	40919.3	 0.1615	 100.00	1218.25
     50	400800	     41	    8.0	43531.0	40970.5	 0.1516	 100.00	1221.12
     51	400800	     41	    6.0	43537.0	41019.8	 0.1474	 100.00	1223.91
     52	400800	     41	   16.0	43529.0	41067.2	 0.1522	 100.00	1226.56
     53	400800	     41	    8.0	43533.0	41112.8	 0.1530	 100.00	1229.12
     54	400800	     41	   10.0	43531.0	41156.8	 0.1448	 100.00	1231.45
     55	400800	     41	    6.0	43537.0	41199.3	 0.1472	 100.00	1233.87
     56	400800	     41	    8.0	43533.0	41240.2	 0.1487	 100.00	1236.20
     57	400800	     41	   10.0	43531.0	41279.7	 0.1457	 100.00	1238.46
     58	400800	     41	   10.0	43533.0	41317.9	 0.1446	 100.00	1240.64
     59	400800	     41	    8.0	43533.0	41354.8	 0.1400	 100.00	1242.55
     60	400800	     41	   10.0	43535.0	41390.6	 0.1412	 100.00	1244.58
     61	400800	     41	    6.0	43537.0	41425.2	 0.1382	 100.00	1246.54
     62	400800	     41	   18.0	43531.0	41458.6	 0.1423	 100.00	1248.38
     63	400800	     41	    6.0	43533.0	41491.0	 0.1397	 100.00	1250.26
     64	400800	     41	   10.0	43527.0	41522.4	 0.1397	 100.00	1251.91
     65	400800	     41	    6.0	43533.0	41552.8	 0.1399	 100.00	1253.61
     66	400800	     41	    8.0	43533.0	41582.4	 0.1366	 100.00	1255.26
     67	400800	     41	   12.0	43533.0	41611.1	 0.1367	 100.00	1256.92
     68	400800	     41	   10.0	43531.0	41638.9	 0.1352	 100.00	1258.50
     69	400800	     41	    6.0	43537.0	41666.0	 0.1340	 100.00	1260.08
     70	400800	     41	   10.0	43535.0	41692.3	 0.1326	 100.00	1261.43
     71	400800	     41	    8.0	43539.0	41718.0	 0.1305	 100.00	1262.79
     72	400800	     41	   14.0	43529.0	41742.8	 0.1334	 100.00	1264.19
     73	400800	     41	    6.0	43531.0	41767.0	 0.1303	 100.00	1265.65
     74	400800	     41	    8.0	43535.0	41790.5	 0.1298	 100.00	1266.99
     75	400800	     41	    8.0	43535.0	41813.5	 0.1286	 100.00	1268.37
     76	400800	     41	   12.0	43535.0	41835.8	 0.1281	 100.00	1269.54
     77	400800	     41	   10.0	43533.0	41857.6	 0.1275	 100.00	1270.65
     78	400800	     41	    8.0	43537.0	41878.9	 0.1268	 100.00	1271.91
     79	400800	     41	    6.0	43539.0	41899.6	 0.1252	 100.00	1273.14
     80	400800	     41	   10.0	43533.0	41919.8	 0.1253	 100.00	1274.32
     81	400800	     41	    8.0	43537.0	41939.5	 0.1298	 100.00	1275.50
     82	400800	     42	   20.0	43525.0	41958.6	 0.2507	 100.00	1279.19
     83	400800	     42	    6.0	43531.0	41977.3	 0.2465	 100.00	1277.39
     84	400800	     42	   10.0	43529.0	41995.6	 0.2243	 100.00	1278.48
     85	400800	     42	   10.0	43531.0	42013.4	 0.2003	 100.00	1279.53
     86	400800	     42	    8.0	43531.0	42030.9	 0.1793	 100.00	1280.56
     87	400800	     42	    6.0	43537.0	42048.0	 0.1678	 100.00	1281.60
     88	400800	     42	   12.0	43529.0	42064.6	 0.1744	 100.00	1282.46
     89	400800	     42	    6.0	43531.0	42080.9	 0.1669	 100.00	1283.49
     90	400800	     42	   12.0	43531.0	42096.9	 0.1570	 100.00	1284.42
     91	400800	     42	    6.0	43533.0	42112.5	 0.1506	 100.00	1285.37
     92	400800	     42	   10.0	43535.0	42127.8	 0.1498	 100.00	1286.24
     93	400800	     42	   12.0	43531.0	42142.7	 0.1513	 100.00	1287.13
     94	400800	     42	   10.0	43533.0	42157.3	 0.1462	 100.00	1287.89
     95	400800	     42	    8.0	43533.0	42171.7	 0.1413	 100.00	1288.70
     96	400800	     42	    8.0	43529.0	42185.6	 0.1399	 100.00	1289.51
     97	400800	     42	    6.0	43535.0	42199.4	 0.1389	 100.00	1290.36
     98	400800	     42	   12.0	43531.0	42212.9	 0.1363	 100.00	1291.14
     99	400800	     42	    8.0	43535.0	42226.1	 0.1339	 100.00	1291.97
    100	400800	     42	   12.0	43531.0	42239.0	 0.1330	 100.00	1292.64
    101	400800	     42	    6.0	43537.0	42251.7	 0.1315	 100.00	1293.47
    102	400800	     42	    8.0	43537.0	42264.2	 0.1269	 100.00	1294.14
    103	400800	     42	   16.0	43533.0	42276.4	 0.1324	 100.00	1294.91
    104	400800	     42	    8.0	43529.0	42288.3	 0.1319	 100.00	1295.48
    105	400800	     42	    8.0	43529.0	42300.0	 0.1288	 100.00	1296.23
    106	400800	     42	    8.0	43533.0	42311.6	 0.1286	 100.00	1296.67
    107	400800	     42	    6.0	43535.0	42322.9	 0.1265	 100.00	1297.43
    108	400800	     42	   16.0	43531.0	42334.0	 0.1269	 100.00	1298.12
    109	400800	     42	    6.0	43533.0	42344.9	 0.1268	 100.00	1298.86
    110	400800	     42	    8.0	43537.0	42355.6	 0.1251	 100.00	1299.51
    111	400800	     42	    8.0	43537.0	42366.2	 0.1241	 100.00	1300.14
    112	400800	     42	    8.0	43533.0	42376.5	 0.1236	 100.00	1300.70
    113	400800	     42	   14.0	43531.0	42386.6	 0.1260	 100.00	1301.34
    114	400800	     42	    8.0	43531.0	42396.6	 0.1228	 100.00	1301.94
    115	400800	     42	    6.0	43537.0	42406.4	 0.1222	 100.00	1302.59
    116	400800	     42	   12.0	43533.0	42416.0	 0.1226	 100.00	1303.20
    117	400800	     42	    8.0	43537.0	42425.5	 0.1211	 100.00	1303.85
    118	400800	     42	   12.0	43533.0	42434.8	 0.1208	 100.00	1304.35
    119	400800	     42	    6.0	43539.0	42444.0	 0.1201	 100.00	1304.98
    120	400800	     42	    8.0	43535.0	42453.1	 0.1197	 100.00	1305.49
    121	400800	     42	    8.0	43535.0	42461.9	 0.1198	 100.00	1306.11
    122	400800	     42	   10.0	43537.0	42470.7	 0.1187	 100.00	1306.66
    123	400800	     42	   16.0	43529.0	42479.2	 0.1208	 100.00	1307.26
    124	400800	     42	   10.0	43531.0	42487.6	 0.1271	 100.00	1307.59
    125	400800	     42	    6.0	43533.0	42495.9	 0.1253	 100.00	1308.07
    126	400800	     42	   12.0	43533.0	42504.1	 0.1255	 100.00	1308.46
    127	400800	     42	    6.0	43535.0	42512.1	 0.1236	 100.00	1308.94
    128	400800	     42	   12.0	43527.0	42520.0	 0.1257	 100.00	1309.33
    129	400800	     42	    6.0	43533.0	42527.8	 0.1253	 100.00	1309.77
    130	400800	     42	    8.0	43533.0	42535.5	 0.1238	 100.00	1310.09
    131	400800	     42	   10.0	43535.0	42543.0	 0.1234	 100.00	1310.53
    132	400800	     42	   10.0	43533.0	42550.5	 0.1231	 100.00	1310.90
    133	400800	     42	    6.0	43539.0	42557.9	 0.1220	 100.00	1311.33
    134	400800	     42	   14.0	43533.0	42565.1	 0.1241	 100.00	1311.72
    135	400800	     42	    8.0	43537.0	42572.2	 0.1236	 100.00	1312.15
    136	400800	     42	   10.0	43531.0	42579.2	 0.1251	 100.00	1312.46
    137	400800	     42	    6.0	43533.0	42586.1	 0.1240	 100.00	1312.88
    138	400800	     42	    8.0	43537.0	42593.0	 0.1236	 100.00	1313.25
    139	400800	     42	   10.0	43535.0	42599.7	 0.1241	 100.00	1313.70
    140	400800	     42	   12.0	43535.0	42606.3	 0.1238	 100.00	1314.00
    141	400800	     42	    8.0	43535.0	42612.9	 0.1238	 100.00	1314.46
    142	400800	     42	    8.0	43539.0	42619.4	 0.1230	 100.00	1314.67
    143	400800	     42	    6.0	43541.0	42625.8	 0.1218	 100.00	1315.01
    144	400800	     42	   16.0	43529.0	42632.0	 0.1248	 100.00	1315.38
    145	400800	     42	    8.0	43533.0	42638.2	 0.1236	 100.00	1315.74
    146	400800	     42	   10.0	43531.0	42644.2	 0.1228	 100.00	1316.08
    147	400800	     42	    6.0	43537.0	42650.3	 0.1226	 100.00	1316.38
    148	400800	     42	   10.0	43535.0	42656.2	 0.1218	 100.00	1316.73
    149	400800	     42	   12.0	43535.0	42662.1	 0.1213	 100.00	1317.01
    150	400800	     42	    8.0	43535.0	42667.8	 0.1218	 100.00	1317.34
    151	400800	     42	    6.0	43541.0	42673.6	 0.1221	 100.00	1317.66
    152	400800	     42	   10.0	43535.0	42679.2	 0.1230	 100.00	1318.00
    153	400800	     42	    6.0	43537.0	42684.8	 0.1227	 100.00	1318.27
    154	400800	     42	   16.0	43533.0	42690.3	 0.1237	 100.00	1318.59
    155	400800	     42	    6.0	43535.0	42695.7	 0.1227	 100.00	1318.90
    156	400800	     42	   10.0	43537.0	42701.0	 0.1228	 100.00	1319.22
    157	400800	     42	    8.0	43537.0	42706.3	 0.1227	 100.00	1319.54
    158	400800	     42	   10.0	43539.0	42711.6	 0.1218	 100.00	1319.84
    159	400800	     42	   10.0	43537.0	42716.7	 0.1216	 100.00	1320.09
    160	400800	     42	    8.0	43533.0	42721.8	 0.1215	 100.00	1320.39
    161	400800	     42	    6.0	43539.0	42726.8	 0.1214	 100.00	1320.65
    162	400800	     42	   10.0	43537.0	42731.8	 0.1208	 100.00	1320.97
    163	400800	     42	    8.0	43541.0	42736.7	 0.1198	 100.00	1321.19
    164	400800	     43	   24.0	43525.0	42741.5	 0.2453	 100.00	1322.72
    165	400800	     43	    6.0	43531.0	42746.3	 0.2519	 100.00	1320.87
    166	400800	     43	    8.0	43531.0	42751.0	 0.2275	 100.00	1321.32
    167	400800	     43	   10.0	43533.0	42755.6	 0.1966	 100.00	1321.60
    168	400800	     43	    8.0	43529.0	42760.2	 0.1973	 100.00	1321.88
    169	400800	     43	   10.0	43527.0	42764.7	 0.1847	 100.00	1322.05
    170	400800	     43	    8.0	43531.0	42769.2	 0.1793	 100.00	1322.32
    171	400800	     43	    6.0	43533.0	42773.6	 0.1649	 100.00	1322.50
    172	400800	     43	   14.0	43531.0	42778.0	 0.1619	 100.00	1322.77
    173	400800	     43	    6.0	43533.0	42782.4	 0.1540	 100.00	1323.00
    174	400800	     43	    8.0	43537.0	42786.7	 0.1487	 100.00	1323.26
    175	400800	     43	   12.0	43533.0	42790.9	 0.1496	 100.00	1323.49
    176	400800	     43	    8.0	43529.0	42795.1	 0.1485	 100.00	1323.73
    177	400800	     43	   10.0	43531.0	42799.2	 0.1464	 100.00	1323.90
    178	400800	     43	    8.0	43531.0	42803.3	 0.1392	 100.00	1324.15
    179	400800	     43	    6.0	43537.0	42807.4	 0.1375	 100.00	1324.35
    180	400800	     43	   14.0	43531.0	42811.4	 0.1383	 100.00	1324.58
    181	400800	     43	    8.0	43535.0	42815.3	 0.1353	 100.00	1324.79
    182	400800	     43	   10.0	43533.0	42819.3	 0.1325	 100.00	1324.97
    183	400800	     43	    6.0	43539.0	42823.2	 0.1307	 100.00	1325.13
    184	400800	     43	    8.0	43535.0	42827.0	 0.1298	 100.00	1325.37
    185	400800	     43	   14.0	43529.0	42830.8	 0.1329	 100.00	1325.55
    186	400800	     43	   10.0	43531.0	42834.5	 0.1318	 100.00	1325.78
    187	400800	     43	    8.0	43531.0	42838.2	 0.1282	 100.00	1325.98
    188	400800	     43	   10.0	43533.0	42841.9	 0.1302	 100.00	1326.22
    189	400800	     43	    6.0	43535.0	42845.6	 0.1277	 100.00	1326.37
    190	400800	     43	   14.0	43533.0	42849.2	 0.1275	 100.00	1326.61
    191	400800	     43	    6.0	43535.0	42852.7	 0.1264	 100.00	1326.81
    192	400800	     43	   10.0	43529.0	42856.2	 0.1283	 100.00	1327.04
    193	400800	     43	    6.0	43535.0	42859.7	 0.1268	 100.00	1327.24
    194	400800	     43	    8.0	43535.0	42863.2	 0.1257	 100.00	1327.46
    195	400800	     43	   14.0	43533.0	42866.6	 0.1257	 100.00	1327.61
    196	400800	     43	   10.0	43531.0	42870.0	 0.1264	 100.00	1327.83
    197	400800	     43	    6.0	43537.0	42873.4	 0.1256	 100.00	1328.29
    198	400800	     43	   10.0	43535.0	42876.7	 0.1260	 100.00	1328.51
    199	400800	     43	    8.0	43539.0	42880.0	 0.1232	 100.00	1328.69
    200	400800	     43	   12.0	43531.0	42883.2	 0.1265	 100.00	1328.90
    201	400800	     43	    6.0	43533.0	42886.5	 0.1241	 100.00	1329.01
    202	400800	     43	    8.0	43537.0	42889.7	 0.1236	 100.00	1329.21
    203	400800	     43	    8.0	43537.0	42892.8	 0.1229	 100.00	1329.38
    204	400800	     43	   12.0	43537.0	42896.0	 0.1223	 100.00	1329.57
    205	400800	     43	   16.0	43529.0	42899.1	 0.1259	 100.00	1329.75
    206	400800	     43	    8.0	43533.0	42902.1	 0.1251	 100.00	1329.94
    207	400800	     43	    6.0	43535.0	42905.2	 0.1237	 100.00	1330.05
    208	400800	     43	   10.0	43529.0	42908.1	 0.1237	 100.00	1330.25
    209	400800	     43	    8.0	43533.0	42911.1	 0.1244	 100.00	1330.41
    210	400800	     43	   12.0	43529.0	42914.0	 0.1238	 100.00	1330.58
    211	400800	     43	    6.0	43535.0	42917.0	 0.1236	 100.00	1330.72
    212	400800	     43	   10.0	43533.0	42919.9	 0.1227	 100.00	1330.87
    213	400800	     43	   10.0	43535.0	42922.7	 0.1217	 100.00	1330.99
    214	400800	     43	    8.0	43535.0	42925.6	 0.1213	 100.00	1331.13
    215	400800	     43	    6.0	43541.0	42928.4	 0.1204	 100.00	1331.29
    216	400800	     43	   14.0	43531.0	42931.2	 0.1231	 100.00	1331.47
    217	400800	     43	    6.0	43533.0	42934.0	 0.1220	 100.00	1331.63
    218	400800	     43	   12.0	43533.0	42936.7	 0.1209	 100.00	1331.80
    219	400800	     43	    6.0	43535.0	42939.4	 0.1200	 100.00	1331.90
    220	400800	     43	   10.0	43537.0	42942.1	 0.1201	 100.00	1332.11
    221	400800	     43	   10.0	43535.0	42944.8	 0.1195	 100.00	1332.19
    222	400800	     43	   10.0	43537.0	42947.5	 0.1190	 100.00	1332.40
    223	400800	     43	    8.0	43537.0	42950.1	 0.1183	 100.00	1332.51
    224	400800	     43	    8.0	43533.0	42952.7	 0.1180	 100.00	1332.62
    225	400800	     43	    6.0	43539.0	42955.3	 0.1173	 100.00	1332.77
    226	400800	     43	   16.0	43531.0	42957.8	 0.1181	 100.00	1332.93
    227	400800	     43	    8.0	43535.0	42960.3	 0.1176	 100.00	1333.08
    228	400800	     43	   12.0	43531.0	42962.8	 0.1177	 100.00	1333.21
    229	400800	     43	    6.0	43537.0	42965.3	 0.1167	 100.00	1333.36
    230	400800	     43	    8.0	43537.0	42967.8	 0.1153	 100.00	1333.45
    231	400800	     43	   12.0	43537.0	42970.3	 0.1152	 100.00	1333.60
    232	400800	     43	    8.0	43533.0	42972.7	 0.1140	 100.00	1333.74
    233	400800	     43	    8.0	43533.0	42975.1	 0.1133	 100.00	1333.88
    234	400800	     43	    8.0	43537.0	42977.5	 0.1132	 100.00	1334.01
    235	400800	     43	    6.0	43539.0	42979.8	 0.1122	 100.00	1334.16
    236	400800	     43	   18.0	43533.0	42982.2	 0.1131	 100.00	1334.25
    237	400800	     43	    6.0	43535.0	42984.5	 0.1130	 100.00	1334.38
    238	400800	     43	    8.0	43539.0	42986.8	 0.1122	 100.00	1334.54
    239	400800	     43	    8.0	43539.0	42989.1	 0.1117	 100.00	1334.66
    240	400800	     43	    8.0	43535.0	42991.4	 0.1119	 100.00	1334.75
    241	400800	     43	   12.0	43535.0	42993.6	 0.1119	 100.00	1334.89
    242	400800	     43	    8.0	43535.0	42995.9	 0.1110	 100.00	1334.94
    243	400800	     43	    6.0	43541.0	42998.1	 0.1100	 100.00	1335.08
    244	400800	     43	   12.0	43537.0	43000.3	 0.1104	 100.00	1335.17
    245	400800	     43	    8.0	43541.0	43002.5	 0.1096	 100.00	1335.30
    246	400800	     43	   20.0	43529.0	43004.6	 0.1108	 100.00	1335.39
    247	400800	     43	    6.0	43535.0	43006.8	 0.1108	 100.00	1335.52
    248	400800	     43	    8.0	43531.0	43008.9	 0.1113	 100.00	1335.63
    249	400800	     43	    8.0	43531.0	43011.0	 0.1106	 100.00	1335.71
    250	400800	     43	   10.0	43533.0	43013.0	 0.1095	 100.00	1335.83
    251	400800	     43	   10.0	43531.0	43015.1	 0.1090	 100.00	1335.96
    252	400800	     43	   10.0	43533.0	43017.1	 0.1089	 100.00	1336.07
    253	400800	     43	    6.0	43535.0	43019.2	 0.1080	 100.00	1336.18
    254	400800	     43	   12.0	43535.0	43021.2	 0.1073	 100.00	1336.28
    255	400800	     43	    6.0	43537.0	43023.2	 0.1066	 100.00	1336.46
    256	400800	     43	   14.0	43527.0	43025.2	 0.1071	 100.00	1336.62
    257	400800	     43	    6.0	43533.0	43027.1	 0.1071	 100.00	1336.80
    258	400800	     43	    8.0	43533.0	43029.1	 0.1066	 100.00	1336.94
    259	400800	     43	   10.0	43535.0	43031.0	 0.1064	 100.00	1337.12
    260	400800	     43	   10.0	43533.0	43033.0	 0.1056	 100.00	1337.23
    261	400800	     43	    6.0	43539.0	43034.9	 0.1055	 100.00	1337.39
    262	400800	     43	   12.0	43535.0	43036.8	 0.1057	 100.00	1337.55
    263	400800	     43	    8.0	43539.0	43038.7	 0.1047	 100.00	1337.72
    264	400800	     43	   10.0	43533.0	43040.6	 0.1049	 100.00	1337.87
    265	400800	     43	    6.0	43535.0	43042.4	 0.1045	 100.00	1338.02
    266	400800	     43	    8.0	43539.0	43044.3	 0.1046	 100.00	1338.13
    267	400800	     43	   14.0	43533.0	43046.1	 0.1054	 100.00	1338.30
    268	400800	     43	   12.0	43533.0	43047.9	 0.1054	 100.00	1338.43
    269	400800	     43	    8.0	43533.0	43049.7	 0.1051	 100.00	1338.56
    270	400800	     43	    8.0	43537.0	43051.5	 0.1050	 100.00	1338.71
    271	400800	     43	    6.0	43539.0	43053.3	 0.1044	 100.00	1338.85
    272	400800	     43	   12.0	43531.0	43055.1	 0.1047	 100.00	1338.95
    273	400800	     43	    8.0	43535.0	43056.8	 0.1043	 100.00	1339.10
    274	400800	     43	   10.0	43533.0	43058.5	 0.1038	 100.00	1339.22
    275	400800	     43	    6.0	43539.0	43060.3	 0.1038	 100.00	1339.37
    276	400800	     43	   10.0	43537.0	43062.0	 0.1039	 100.00	1339.49
    277	400800	     43	   14.0	43535.0	43063.7	 0.1037	 100.00	1339.63
    278	400800	     43	    8.0	43535.0	43065.4	 0.1035	 100.00	1339.73
    279	400800	     43	    6.0	43541.0	43067.1	 0.1030	 100.00	1339.88
    280	400800	     43	   10.0	43535.0	43068.8	 0.1030	 100.00	1339.99
    281	400800	     43	    6.0	43537.0	43070.4	 0.1022	 100.00	1340.10
    282	400800	     43	   14.0	43535.0	43072.1	 0.1015	 100.00	1340.21
    283	400800	     43	    6.0	43537.0	43073.7	 0.1009	 100.00	1340.35
    284	400800	     43	   10.0	43539.0	43075.3	 0.1012	 100.00	1340.44
    285	400800	     43	    8.0	43539.0	43076.9	 0.1010	 100.00	1340.58
    286	400800	     43	   10.0	43541.0	43078.6	 0.1006	 100.00	1340.68
    287	400800	     43	   16.0	43533.0	43080.1	 0.1016	 100.00	1340.82
    288	400800	     43	    8.0	43529.0	43081.7	 0.1015	 100.00	1340.85
    289	400800	     43	    6.0	43535.0	43083.3	 0.1010	 100.00	1340.99
    290	400800	     43	   10.0	43533.0	43084.8	 0.1003	 100.00	1341.06
    291	400800	     43	    8.0	43537.0	43086.4	 0.0997	 100.00	1341.19
    292	400800	     43	   14.0	43531.0	43087.9	 0.0995	 100.00	1341.32
    293	400800	     43	    6.0	43537.0	43089.4	 0.0989	 100.00	1341.44
    294	400800	     43	    8.0	43537.0	43090.9	 0.0985	 100.00	1341.55
    295	400800	     43	   10.0	43539.0	43092.4	 0.0982	 100.00	1341.64
    296	400800	     43	    8.0	43535.0	43093.9	 0.0978	 100.00	1341.66
    297	400800	     43	   12.0	43531.0	43095.4	 0.0984	 100.00	1341.80
    298	400800	     43	    8.0	43535.0	43096.9	 0.0986	 100.00	1341.90
    299	400800	     43	    6.0	43537.0	43098.3	 0.0979	 100.00	1342.02
    300	400800	     43	   14.0	43535.0	43099.8	 0.0979	 100.00	1342.12
    301	400800	     43	    6.0	43537.0	43101.2	 0.0972	 100.00	1342.25
    302	400800	     43	    8.0	43541.0	43102.7	 0.0966	 100.00	1342.33
    303	400800	     43	   10.0	43539.0	43104.1	 0.0962	 100.00	1342.45
    304	400800	     43	    8.0	43535.0	43105.5	 0.0966	 100.00	1342.54
    305	400800	     43	   10.0	43537.0	43106.9	 0.0963	 100.00	1342.65
    306	400800	     43	    8.0	43537.0	43108.3	 0.0963	 100.00	1342.76
    307	400800	     43	    6.0	43543.0	43109.7	 0.0966	 100.00	1342.88
    308	400800	     43	   18.0	43533.0	43111.1	 0.0971	 100.00	1342.94
    309	400800	     43	    8.0	43537.0	43112.5	 0.0967	 100.00	1343.07
    310	400800	     43	   10.0	43535.0	43113.8	 0.0962	 100.00	1343.16
    311	400800	     43	    6.0	43541.0	43115.2	 0.0957	 100.00	1343.25
    312	400800	     43	    8.0	43537.0	43116.6	 0.0959	 100.00	1343.35
    313	400800	     43	   10.0	43535.0	43117.9	 0.0958	 100.00	1343.47
    314	400800	     43	   10.0	43537.0	43119.2	 0.0952	 100.00	1343.51
    315	400800	     43	    8.0	43537.0	43120.5	 0.0948	 100.00	1343.63
    316	400800	     43	   10.0	43539.0	43121.9	 0.0944	 100.00	1343.72
    317	400800	     43	    6.0	43541.0	43123.2	 0.0941	 100.00	1343.83
    318	400800	     43	   16.0	43537.0	43124.5	 0.0944	 100.00	1343.92
    319	400800	     43	    6.0	43539.0	43125.8	 0.0939	 100.00	1344.03
    320	400800	     43	   10.0	43533.0	43127.0	 0.0943	 100.00	1344.09
    321	400800	     43	    6.0	43539.0	43128.3	 0.0939	 100.00	1344.21
    322	400800	     43	    8.0	43539.0	43129.6	 0.0935	 100.00	1344.29
    323	400800	     43	   12.0	43539.0	43130.9	 0.0932	 100.00	1344.41
    324	400800	     43	   10.0	43537.0	43132.1	 0.0928	 100.00	1344.49
    325	400800	     43	    6.0	43543.0	43133.4	 0.0927	 100.00	1344.59
    326	400800	     43	   10.0	43541.0	43134.6	 0.0923	 100.00	1344.63
    327	400800	     43	    8.0	43545.0	43135.9	 0.0921	 100.00	1344.70
    328	400800	     44	   24.0	43525.0	43137.1	 0.2456	 100.00	1345.35
    329	400800	     44	    6.0	43527.0	43138.2	 0.2515	 100.00	1344.46
    330	400800	     44	    8.0	43531.0	43139.4	 0.2311	 100.00	1344.56
    331	400800	     44	    8.0	43531.0	43140.6	 0.1990	 100.00	1344.64
    332	400800	     44	   12.0	43531.0	43141.8	 0.1896	 100.00	1344.66
    333	400800	     44	   10.0	43529.0	43142.9	 0.1765	 100.00	1344.72
    334	400800	     44	    8.0	43533.0	43144.1	 0.1722	 100.00	1344.74
    335	400800	     44	    6.0	43535.0	43145.3	 0.1606	 100.00	1344.83
    336	400800	     44	   10.0	43529.0	43146.4	 0.1600	 100.00	1344.85
    337	400800	     44	    8.0	43533.0	43147.5	 0.1544	 100.00	1344.85
    338	400800	     44	   14.0	43527.0	43148.7	 0.1536	 100.00	1344.91
    339	400800	     44	    6.0	43533.0	43149.8	 0.1523	 100.00	1344.97
    340	400800	     44	   10.0	43531.0	43150.9	 0.1465	 100.00	1345.03
    341	400800	     44	   10.0	43533.0	43152.0	 0.1435	 100.00	1345.07
    342	400800	     44	    8.0	43533.0	43153.1	 0.1376	 100.00	1345.13
    343	400800	     44	    6.0	43539.0	43154.3	 0.1348	 100.00	1345.15
    344	400800	     44	   12.0	43531.0	43155.4	 0.1382	 100.00	1345.21
    345	400800	     44	    6.0	43533.0	43156.4	 0.1365	 100.00	1345.27
    346	400800	     44	   12.0	43533.0	43157.5	 0.1320	 100.00	1345.33
    347	400800	     44	    6.0	43535.0	43158.6	 0.1311	 100.00	1345.38
    348	400800	     44	   10.0	43537.0	43159.7	 0.1315	 100.00	1345.45
    349	400800	     44	   14.0	43531.0	43160.8	 0.1357	 100.00	1345.40
    350	400800	     44	   10.0	43533.0	43161.8	 0.1336	 100.00	1345.47
    351	400800	     44	    8.0	43533.0	43162.9	 0.1315	 100.00	1345.50
    352	400800	     44	    8.0	43529.0	43163.9	 0.1305	 100.00	1345.56
    353	400800	     44	    6.0	43535.0	43165.0	 0.1299	 100.00	1345.55
    354	400800	     44	   12.0	43531.0	43166.0	 0.1282	 100.00	1345.61
    355	400800	     44	    8.0	43535.0	43167.0	 0.1277	 100.00	1345.59
    356	400800	     44	   12.0	43531.0	43168.0	 0.1268	 100.00	1345.65
    357	400800	     44	    6.0	43537.0	43169.1	 0.1261	 100.00	1345.72
    358	400800	     44	    8.0	43537.0	43170.1	 0.1237	 100.00	1345.78
    359	400800	     44	   14.0	43535.0	43171.1	 0.1244	 100.00	1345.84
    360	400800	     44	    8.0	43531.0	43172.1	 0.1253	 100.00	1345.90
    361	400800	     44	    8.0	43531.0	43173.1	 0.1236	 100.00	1345.91
    362	400800	     44	    8.0	43535.0	43174.1	 0.1226	 100.00	1345.97
    363	400800	     44	    6.0	43537.0	43175.1	 0.1208	 100.00	1346.03
    364	400800	     44	   16.0	43533.0	43176.1	 0.1220	 100.00	1346.11
    365	400800	     44	    6.0	43535.0	43177.1	 0.1199	 100.00	1346.15
    366	400800	     44	    8.0	43539.0	43178.0	 0.1200	 100.00	1346.21
    367	400800	     44	    8.0	43539.0	43179.0	 0.1188	 100.00	1346.22
    368	400800	     44	    8.0	43535.0	43180.0	 0.1182	 100.00	1346.27
    369	400800	     44	   18.0	43529.0	43180.9	 0.1216	 100.00	1346.31
    370	400800	     44	    8.0	43529.0	43181.9	 0.1207	 100.00	1346.36
    371	400800	     44	    6.0	43535.0	43182.8	 0.1200	 100.00	1346.39
    372	400800	     44	   12.0	43531.0	43183.8	 0.1195	 100.00	1346.44
    373	400800	     44	    8.0	43535.0	43184.7	 0.1184	 100.00	1346.45
    374	400800	     44	   12.0	43531.0	43185.6	 0.1175	 100.00	1346.49
    375	400800	     44	    6.0	43537.0	43186.6	 0.1174	 100.00	1346.53
    376	400800	     44	    8.0	43533.0	43187.5	 0.1183	 100.00	1346.57
    377	400800	     44	    8.0	43533.0	43188.4	 0.1165	 100.00	1346.61
    378	400800	     44	   10.0	43535.0	43189.3	 0.1148	 100.00	1346.65
    379	400800	     44	   12.0	43531.0	43190.2	 0.1161	 100.00	1346.66
    380	400800	     44	   10.0	43533.0	43191.1	 0.1159	 100.00	1346.71
    381	400800	     44	    6.0	43535.0	43192.0	 0.1149	 100.00	1346.74
    382	400800	     44	   12.0	43535.0	43192.9	 0.1144	 100.00	1346.79
    383	400800	     44	    6.0	43537.0	43193.8	 0.1142	 100.00	1346.83
    384	400800	     44	   12.0	43529.0	43194.7	 0.1156	 100.00	1346.88
    385	400800	     44	    6.0	43535.0	43195.5	 0.1146	 100.00	1346.90
    386	400800	     44	    8.0	43535.0	43196.4	 0.1135	 100.00	1346.94
    387	400800	     44	   10.0	43537.0	43197.3	 0.1122	 100.00	1346.98
    388	400800	     44	   10.0	43535.0	43198.2	 0.1115	 100.00	1347.03
    389	400800	     44	    6.0	43541.0	43199.0	 0.1106	 100.00	1347.08
    390	400800	     44	   16.0	43533.0	43199.9	 0.1130	 100.00	1347.13
    391	400800	     44	    8.0	43537.0	43200.8	 0.1123	 100.00	1347.14
    392	400800	     44	   10.0	43531.0	43201.6	 0.1125	 100.00	1347.19
    393	400800	     44	    6.0	43533.0	43202.4	 0.1112	 100.00	1347.22
    394	400800	     44	    8.0	43537.0	43203.3	 0.1114	 100.00	1347.27
    395	400800	     44	   10.0	43535.0	43204.1	 0.1110	 100.00	1347.31
    396	400800	     44	   12.0	43535.0	43205.0	 0.1101	 100.00	1347.36
    397	400800	     44	    8.0	43535.0	43205.8	 0.1089	 100.00	1347.37
    398	400800	     44	    8.0	43539.0	43206.6	 0.1078	 100.00	1347.42
    399	400800	     44	    6.0	43541.0	43207.5	 0.1070	 100.00	1347.43
    400	400800	     44	   14.0	43531.0	43208.3	 0.1087	 100.00	1347.50
    401	400800	     44	    8.0	43535.0	43209.1	 0.1076	 100.00	1347.52
    402	400800	     44	   10.0	43533.0	43209.9	 0.1069	 100.00	1347.60
    403	400800	     44	    6.0	43539.0	43210.7	 0.1066	 100.00	1347.59
    404	400800	     44	   10.0	43537.0	43211.5	 0.1065	 100.00	1347.63
    405	400800	     44	   12.0	43537.0	43212.3	 0.1065	 100.00	1347.67
    406	400800	     44	    8.0	43537.0	43213.1	 0.1056	 100.00	1347.71
    407	400800	     44	    6.0	43543.0	43213.9	 0.1058	 100.00	1347.76
    408	400800	     44	   10.0	43537.0	43214.7	 0.1059	 100.00	1347.77
    409	400800	     44	    6.0	43539.0	43215.5	 0.1056	 100.00	1347.82
    410	400800	     44	   22.0	43529.0	43216.3	 0.1068	 100.00	1347.86
    411	400800	     44	    6.0	43531.0	43217.0	 0.1056	 100.00	1347.91
    412	400800	     44	   10.0	43533.0	43217.8	 0.1067	 100.00	1347.95
    413	400800	     44	    8.0	43533.0	43218.5	 0.1056	 100.00	1348.01
    414	400800	     44	   10.0	43535.0	43219.3	 0.1050	 100.00	1348.03
    415	400800	     44	   10.0	43533.0	43220.1	 0.1052	 100.00	1348.08
    416	400800	     44	    8.0	43529.0	43220.8	 0.1051	 100.00	1348.13
    417	400800	     44	    6.0	43535.0	43221.6	 0.1045	 100.00	1348.17
    418	400800	     44	   10.0	43533.0	43222.3	 0.1042	 100.00	1348.20
    419	400800	     44	    8.0	43537.0	43223.0	 0.1032	 100.00	1348.25
    420	400800	     44	   16.0	43529.0	43223.8	 0.1041	 100.00	1348.24
    421	400800	     44	    6.0	43535.0	43224.5	 0.1033	 100.00	1348.28
    422	400800	     44	    8.0	43535.0	43225.2	 0.1027	 100.00	1348.29
    423	400800	     44	   10.0	43537.0	43226.0	 0.1022	 100.00	1348.35
    424	400800	     44	    8.0	43533.0	43226.7	 0.1022	 100.00	1348.34
    425	400800	     44	   10.0	43531.0	43227.4	 0.1020	 100.00	1348.39
    426	400800	     44	    8.0	43535.0	43228.1	 0.1015	 100.00	1348.39
    427	400800	     44	    6.0	43537.0	43228.9	 0.1008	 100.00	1348.43
    428	400800	     44	   14.0	43535.0	43229.6	 0.0999	 100.00	1348.47
    429	400800	     44	    6.0	43537.0	43230.3	 0.0994	 100.00	1348.52
    430	400800	     44	    8.0	43541.0	43231.0	 0.0998	 100.00	1348.55
    431	400800	     44	   14.0	43535.0	43231.7	 0.1005	 100.00	1348.60
    432	400800	     44	    8.0	43531.0	43232.4	 0.1010	 100.00	1348.61
    433	400800	     44	   10.0	43533.0	43233.1	 0.1006	 100.00	1348.66
    434	400800	     44	    8.0	43533.0	43233.8	 0.0999	 100.00	1348.69
    435	400800	     44	    6.0	43539.0	43234.5	 0.0992	 100.00	1348.77
    436	400800	     44	   14.0	43533.0	43235.2	 0.0992	 100.00	1348.83
    437	400800	     44	    8.0	43537.0	43235.9	 0.0985	 100.00	1348.90
    438	400800	     44	   10.0	43535.0	43236.5	 0.0976	 100.00	1348.94
    439	400800	     44	    6.0	43541.0	43237.2	 0.0972	 100.00	1349.01
    440	400800	     44	    8.0	43537.0	43237.9	 0.0971	 100.00	1349.04
    441	400800	     44	   12.0	43533.0	43238.6	 0.0969	 100.00	1349.11
    442	400800	     44	   10.0	43535.0	43239.2	 0.0966	 100.00	1349.15
    443	400800	     44	    8.0	43535.0	43239.9	 0.0963	 100.00	1349.23
    444	400800	     44	   10.0	43537.0	43240.6	 0.0962	 100.00	1349.24
    445	400800	     44	    6.0	43539.0	43241.2	 0.0954	 100.00	1349.29
    446	400800	     44	   14.0	43537.0	43241.9	 0.0953	 100.00	1349.32
    447	400800	     44	    6.0	43539.0	43242.6	 0.0948	 100.00	1349.36
    448	400800	     44	   10.0	43533.0	43243.2	 0.0949	 100.00	1349.38
    449	400800	     44	    6.0	43539.0	43243.9	 0.0944	 100.00	1349.41
    450	400800	     44	    8.0	43539.0	43244.5	 0.0941	 100.00	1349.41
    451	400800	     44	   18.0	43533.0	43245.2	 0.0952	 100.00	1349.45
    452	400800	     44	   10.0	43531.0	43245.8	 0.0948	 100.00	1349.47
    453	400800	     44	    6.0	43537.0	43246.4	 0.0947	 100.00	1349.51
    454	400800	     44	   10.0	43535.0	43247.1	 0.0944	 100.00	1349.52
    455	400800	     44	    8.0	43539.0	43247.7	 0.0940	 100.00	1349.56
    456	400800	     44	   12.0	43531.0	43248.3	 0.0944	 100.00	1349.56
    457	400800	     44	    6.0	43533.0	43249.0	 0.0937	 100.00	1349.59
    458	400800	     44	    8.0	43537.0	43249.6	 0.0938	 100.00	1349.61
    459	400800	     44	    8.0	43537.0	43250.2	 0.0934	 100.00	1349.65
    460	400800	     44	   12.0	43537.0	43250.8	 0.0929	 100.00	1349.64
    461	400800	     44	   12.0	43533.0	43251.4	 0.0933	 100.00	1349.68
    462	400800	     44	    8.0	43537.0	43252.1	 0.0933	 100.00	1349.67
    463	400800	     44	    6.0	43539.0	43252.7	 0.0926	 100.00	1349.70
    464	400800	     44	   10.0	43533.0	43253.3	 0.0922	 100.00	1349.71
    465	400800	     44	    8.0	43537.0	43253.9	 0.0917	 100.00	1349.74
    466	400800	     44	   12.0	43533.0	43254.5	 0.0915	 100.00	1349.75
    467	400800	     44	    6.0	43539.0	43255.1	 0.0914	 100.00	1349.79
    468	400800	     44	   10.0	43537.0	43255.7	 0.0916	 100.00	1349.78
    469	400800	     44	   10.0	43539.0	43256.3	 0.0916	 100.00	1349.82
    470	400800	     44	    8.0	43539.0	43256.9	 0.0915	 100.00	1349.84
    471	400800	     44	    6.0	43545.0	43257.5	 0.0909	 100.00	1349.87
    472	400800	     44	   16.0	43533.0	43258.1	 0.0919	 100.00	1349.89
    473	400800	     44	    6.0	43535.0	43258.7	 0.0914	 100.00	1349.94
    474	400800	     44	   12.0	43535.0	43259.3	 0.0914	 100.00	1349.92
    475	400800	     44	    6.0	43537.0	43259.8	 0.0908	 100.00	1349.98
    476	400800	     44	   10.0	43539.0	43260.4	 0.0909	 100.00	1349.98
    477	400800	     44	   10.0	43537.0	43261.0	 0.0907	 100.00	1350.01
    478	400800	     44	   10.0	43539.0	43261.6	 0.0909	 100.00	1350.04
    479	400800	     44	    8.0	43539.0	43262.2	 0.0903	 100.00	1350.04
    480	400800	     44	    8.0	43535.0	43262.7	 0.0905	 100.00	1350.07
    481	400800	     44	    6.0	43541.0	43263.3	 0.0902	 100.00	1350.10
    482	400800	     44	   14.0	43535.0	43263.9	 0.0903	 100.00	1350.12
    483	400800	     44	    8.0	43539.0	43264.4	 0.0900	 100.00	1350.14
    484	400800	     44	   12.0	43535.0	43265.0	 0.0897	 100.00	1350.17
    485	400800	     44	    6.0	43541.0	43265.6	 0.0894	 100.00	1350.18
    486	400800	     44	    8.0	43541.0	43266.1	 0.0890	 100.00	1350.20
    487	400800	     44	   12.0	43541.0	43266.7	 0.0890	 100.00	1350.22
    488	400800	     44	    8.0	43537.0	43267.2	 0.0890	 100.00	1350.24
    489	400800	     44	    8.0	43537.0	43267.8	 0.0888	 100.00	1350.25
    490	400800	     44	    8.0	43541.0	43268.4	 0.0886	 100.00	1350.28
    491	400800	     44	    6.0	43543.0	43268.9	 0.0881	 100.00	1350.27
    492	400800	     44	   26.0	43529.0	43269.4	 0.0888	 100.00	1350.30
    493	400800	     44	    6.0	43531.0	43270.0	 0.0883	 100.00	1350.31
    494	400800	     44	    8.0	 1295.0	43185.2	 0.0891	 100.00	1350.28
    495	400800	     44	    8.0	    8.0	43098.1	 0.0887	 100.00	1350.04
    496	400800	     44	    8.0	    8.0	43011.4	 0.0887	 100.00	1349.69
    497	400800	     44	   12.0	    4.0	42925.1	 0.0887	 100.00	1349.31
    498	400800	     44	    8.0	    6.0	42839.1	 0.0886	 100.00	1349.14
    499	400800	     44	    6.0	   10.0	42753.4	 0.0884	 100.00	1349.28
    500	400800	     44	   12.0	    6.0	42668.1	 0.0883	 100.00	1349.31
    501	400800	     44	    8.0	    9.0	42583.1	 0.0881	 100.00	1349.46
    502	400800	     44	   14.0	    9.0	42498.4	 0.0883	 100.00	1349.49
    503	400800	     44	    6.0	   15.0	42414.2	 0.0884	 100.00	1349.38
    504	400800	     44	    8.0	    9.0	42330.2	 0.0883	 100.00	1347.97
    505	400800	     44	    8.0	    5.0	42246.5	 0.0878	 100.00	1347.55
    506	400800	     44	   10.0	    6.0	42163.2	 0.0876	 100.00	1347.42
    507	400800	     44	   10.0	    7.0	42080.2	 0.0876	 100.00	1346.23
    508	400800	     44	   10.0	   11.0	41997.6	 0.0874	 100.00	1345.93
    509	400800	     44	    6.0	   11.0	41915.3	 0.0871	 100.00	1345.81
    510	400800	     44	   12.0	   10.0	41833.3	 0.0870	 100.00	1344.56
    511	400800	     44	    6.0	   12.0	41751.6	 0.0866	 100.00	1344.31
    512	400800	     44	   16.0	   12.0	41670.2	 0.0873	 100.00	1344.18
    513	400800	     44	    6.0	   12.0	41589.2	 0.0868	 100.00	1343.19
    514	400800	     44	    8.0	   12.0	41508.4	 0.0864	 100.00	1342.91
    515	400800	     44	   10.0	   10.0	41428.0	 0.0864	 100.00	1342.78
    516	400800	     44	   10.0	    6.0	41347.9	 0.0861	 100.00	1342.05
    517	400800	     44	    6.0	    5.0	41268.1	 0.0861	 100.00	1340.93
    518	400800	     44	   12.0	   13.0	41188.6	 0.0863	 100.00	1340.84
    519	400800	     44	    8.0	   10.0	41109.4	 0.0861	 100.00	1340.69
    520	400800	     44	   10.0	    4.0	41030.5	 0.0863	 100.00	1339.94
    521	400800	     44	    6.0	    6.0	40951.9	 0.0861	 100.00	1339.85
    522	400800	     44	    8.0	   11.0	40873.6	 0.0863	 100.00	1339.77
    523	400800	     44	   12.0	    8.0	40795.6	 0.0866	 100.00	1339.15
    524	400800	     44	   12.0	   12.0	40718.0	 0.0864	 100.00	1339.06
    525	400800	     44	    8.0	   14.0	40640.6	 0.0862	 100.00	1338.99
    526	400800	     44	    8.0	    2.0	40563.5	 0.0859	 100.00	1338.22
    527	400800	     44	    6.0	    8.0	40486.6	 0.0855	 100.00	1338.15
    528	400800	     44	   12.0	   11.0	40410.1	 0.0857	 100.00	1338.02
    529	400800	     44	    8.0	    8.0	40333.9	 0.0853	 100.00	1337.27
    530	400800	     44	   10.0	   14.0	40258.0	 0.0849	 100.00	1337.19
    531	400800	     44	    6.0	    8.0	40182.3	 0.0847	 100.00	1337.13
    532	400800	     44	   10.0	    8.0	40106.9	 0.0848	 100.00	1336.58
    533	400800	     44	   18.0	   15.0	40031.9	 0.0854	 100.00	1336.00
    534	400800	     44	    8.0	   12.0	39957.1	 0.0853	 100.00	1335.88
    535	400800	     44	    6.0	    8.0	39882.5	 0.0856	 100.00	1335.64
    536	400800	     44	   10.0	   11.0	39808.3	 0.0857	 100.00	1335.27
    537	400800	     44	    6.0	    7.0	39734.3	 0.0853	 100.00	1335.13
    538	400800	     44	   14.0	    3.0	39660.6	 0.0853	 100.00	1334.60
    539	400800	     44	    6.0	    3.0	39587.1	 0.0849	 100.00	1334.04
    540	400800	     44	   10.0	   13.0	39514.0	 0.0848	 100.00	1334.27
    541	400800	     44	    8.0	    8.0	39441.1	 0.0845	 100.00	1334.50
    542	400800	     44	   10.0	    5.0	39368.5	 0.0846	 100.00	1334.56
    543	400800	     44	   12.0	   11.0	39296.1	 0.0848	 100.00	1334.79
    544	400800	     44	    8.0	   12.0	39224.1	 0.0850	 100.00	1334.74
    545	400800	     44	    6.0	    2.0	39152.2	 0.0848	 100.00	1334.72
    546	400800	     44	   10.0	    4.0	39080.6	 0.0845	 100.00	1334.02
    547	400800	     44	    8.0	    3.0	39009.3	 0.0844	 100.00	1333.08
    548	400800	     44	   14.0	   11.0	38938.3	 0.0844	 100.00	1333.06
    549	400800	     44	    6.0	   10.0	38867.5	 0.0840	 100.00	1332.98
    550	400800	     44	    8.0	    4.0	38797.0	 0.0840	 100.00	1332.63
    551	400800	     44	   10.0	   10.0	38726.7	 0.0840	 100.00	1332.56
    552	400800	     44	    8.0	   12.0	38656.7	 0.0842	 100.00	1332.51
    553	400800	     44	   14.0	   14.0	38587.0	 0.0846	 100.00	1332.16
    554	400800	     44	    8.0	   14.0	38517.5	 0.0843	 100.00	1332.17
    555	400800	     44	    6.0	   14.0	38448.2	 0.0840	 100.00	1332.40
    556	400800	     44	   14.0	    6.0	38379.2	 0.0840	 100.00	1332.46
    557	400800	     44	    6.0	   12.0	38310.4	 0.0836	 100.00	1332.68
    558	400800	     44	    8.0	   12.0	38241.9	 0.0839	 100.00	1332.89
    559	400800	     44	   10.0	    5.0	38173.6	 0.0837	 100.00	1332.99
    560	400800	     44	    8.0	    9.0	38105.6	 0.0838	 100.00	1333.18
    561	400800	     44	   10.0	    8.0	38037.8	 0.0837	 100.00	1333.40
    562	400800	     44	    8.0	    4.0	37970.3	 0.0836	 100.00	1333.51
    563	400800	     44	    6.0	    6.0	37903.0	 0.0838	 100.00	1333.67
    564	400800	     44	   16.0	   14.0	37835.9	 0.0840	 100.00	1333.82
    565	400800	     44	    8.0	    8.0	37769.1	 0.0836	 100.00	1333.97
    566	400800	     44	   10.0	   15.0	37702.5	 0.0834	 100.00	1334.08
    567	400800	     44	    6.0	    1.0	37636.1	 0.0830	 100.00	1333.52
    568	400800	     44	    8.0	    5.0	37570.0	 0.0831	 100.00	1333.02
    569	400800	     44	   10.0	    9.0	37504.1	 0.0830	 100.00	1332.58
    570	400800	     44	   10.0	    6.0	37438.4	 0.0828	 100.00	1332.06
    571	400800	     44	    8.0	    1.0	37372.9	 0.0825	 100.00	1331.53
    572	400800	     44	   10.0	    2.0	37307.7	 0.0823	 100.00	1331.02
    573	400800	     44	    6.0	    3.0	37242.7	 0.0821	 100.00	1330.38
    574	400800	     44	   22.0	   12.0	37178.0	 0.0828	 100.00	1329.94
    575	400800	     44	    6.0	   12.0	37113.5	 0.0825	 100.00	1328.77
    576	400800	     44	   10.0	    7.0	37049.2	 0.0826	 100.00	1327.51
    577	400800	     44	    6.0	    8.0	36985.1	 0.0823	 100.00	1326.33
    578	400800	     44	    8.0	    1.0	36921.2	 0.0820	 100.00	1325.09
    579	400800	     44	   12.0	    3.0	36857.5	 0.0818	 100.00	1324.21
    580	400800	     44	   10.0	    3.0	36794.1	 0.0816	 100.00	1323.53
    581	400800	     44	    6.0	    5.0	36730.9	 0.0818	 100.00	1322.77
    582	400800	     44	   10.0	    5.0	36667.9	 0.0816	 100.00	1322.13
    583	400800	     44	    8.0	    3.0	36605.1	 0.0813	 100.00	1321.46
    584	400800	     44	   14.0	   10.0	36542.6	 0.0814	 100.00	1320.74
    585	400800	     44	    6.0	    4.0	36480.2	 0.0811	 100.00	1320.63
    586	400800	     44	    8.0	    3.0	36418.1	 0.0810	 100.00	1320.53
    587	400800	     44	    8.0	    3.0	36356.1	 0.0809	 100.00	1320.45
    588	400800	     44	   12.0	   11.0	36294.4	 0.0809	 100.00	1320.70
    589	400800	     44	   10.0	    8.0	36232.9	 0.0809	 100.00	1320.97
    590	400800	     44	    8.0	    4.0	36171.6	 0.0806	 100.00	1320.85
    591	400800	     44	    6.0	   10.0	36110.5	 0.0804	 100.00	1320.99
    592	400800	     44	   10.0	   11.0	36049.7	 0.0805	 100.00	1321.06
    593	400800	     44	    8.0	    9.0	35989.0	 0.0804	 100.00	1321.08
    594	400800	     44	   16.0	   12.0	35928.5	 0.0803	 100.00	1321.20
    595	400800	     44	    6.0	   14.0	35868.3	 0.0800	 100.00	1321.20
    596	400800	     44	   10.0	   14.0	35808.2	 0.0797	 100.00	1321.33
    597	400800	     44	   10.0	   12.0	35748.4	 0.0797	 100.00	1321.37
    598	400800	     44	    8.0	   12.0	35688.7	 0.0794	 100.00	1321.49
    599	400800	     44	    6.0	   10.0	35629.2	 0.0793	 100.00	1321.53
    600	400800	     44	   12.0	    9.0	35570.0	 0.0793	 100.00	1321.65
    601	400800	     44	    6.0	   11.0	35510.9	 0.0792	 100.00	1321.67
    602	400800	     44	   12.0	    8.0	35452.0	 0.0793	 100.00	1321.79
    603	400800	     44	    6.0	   10.0	35393.3	 0.0791	 100.00	1321.83
    604	400800	     44	   10.0	    9.0	35334.9	 0.0789	 100.00	1321.95
    605	400800	     44	   12.0	    9.0	35276.6	 0.0789	 100.00	1321.99
    606	400800	     44	   10.0	   15.0	35218.5	 0.0787	 100.00	1322.12
    607	400800	     44	    8.0	    9.0	35160.6	 0.0786	 100.00	1322.19
    608	400800	     44	    8.0	    8.0	35102.8	 0.0786	 100.00	1322.33
    609	400800	     44	    6.0	   10.0	35045.3	 0.0783	 100.00	1322.37
    610	400800	     44	   12.0	    5.0	34988.0	 0.0782	 100.00	1322.51
    611	400800	     44	    8.0	    9.0	34930.8	 0.0781	 100.00	1322.54
    612	400800	     44	   12.0	   17.0	34873.8	 0.0780	 100.00	1322.64
    613	400800	     44	    6.0	   11.0	34817.1	 0.0778	 100.00	1322.62
    614	400800	     44	    8.0	   12.0	34760.5	 0.0778	 100.00	1322.73
    615	400800	     44	   18.0	   14.0	34704.1	 0.0783	 100.00	1322.74
    616	400800	     44	    8.0	   17.0	34647.8	 0.0781	 100.00	1322.84
    617	400800	     44	    8.0	   15.0	34591.8	 0.0779	 100.00	1322.85
    618	400800	     44	    8.0	   10.0	34535.9	 0.0779	 100.00	1322.96
    619	400800	     44	    6.0	    8.0	34480.2	 0.0778	 100.00	1322.95
    620	400800	     44	   16.0	    9.0	34424.7	 0.0777	 100.00	1323.05
    621	400800	     44	    6.0	   11.0	34369.4	 0.0775	 100.00	1323.08
    622	400800	     44	    8.0	   11.0	34314.3	 0.0775	 100.00	1323.18
    623	400800	     44	    8.0	   11.0	34259.3	 0.0773	 100.00	1323.19
    624	400800	     44	    8.0	   10.0	34204.5	 0.0776	 100.00	1323.30
    625	400800	     44	   14.0	   10.0	34149.9	 0.0776	 100.00	1323.30
    626	400800	     44	    8.0	   12.0	34095.4	 0.0774	 100.00	1323.40
    627	400800	     44	    6.0	   14.0	34041.1	 0.0773	 100.00	1323.42
    628	400800	     44	   12.0	    7.0	33987.0	 0.0772	 100.00	1323.52
    629	400800	     44	    8.0	    7.0	33933.1	 0.0771	 100.00	1323.53
    630	400800	     44	   12.0	   12.0	33879.3	 0.0768	 100.00	1323.66
    631	400800	     44	    6.0	   10.0	33825.8	 0.0767	 100.00	1323.67
    632	400800	     44	    8.0	    6.0	33772.3	 0.0768	 100.00	1323.79
    633	400800	     44	    8.0	   10.0	33719.1	 0.0765	 100.00	1323.80
    634	400800	     44	   10.0	    8.0	33666.0	 0.0764	 100.00	1323.91
    635	400800	     44	   14.0	   10.0	33613.1	 0.0766	 100.00	1323.92
    636	400800	     44	   10.0	   12.0	33560.3	 0.0765	 100.00	1324.02
    637	400800	     44	    6.0	   10.0	33507.7	 0.0763	 100.00	1324.02
    638	400800	     44	   12.0	   11.0	33455.3	 0.0763	 100.00	1324.13
    639	400800	     44	    6.0	    9.0	33403.1	 0.0761	 100.00	1324.14
    640	400800	     44	   12.0	    9.0	33351.0	 0.0762	 100.00	1324.23
    641	400800	     44	    6.0	   11.0	33299.0	 0.0759	 100.00	1324.25
    642	400800	     44	    8.0	    6.0	33247.2	 0.0758	 100.00	1324.35
    643	400800	     44	   10.0	   12.0	33195.6	 0.0757	 100.00	1324.34
    644	400800	     44	   10.0	   11.0	33144.2	 0.0755	 100.00	1324.42
    645	400800	     44	    6.0	    7.0	33092.9	 0.0756	 100.00	1324.42
    646	400800	     44	   14.0	   10.0	33041.8	 0.0757	 100.00	1324.52
    647	400800	     44	    8.0	   10.0	32990.8	 0.0756	 100.00	1324.52
    648	400800	     44	   10.0	   11.0	32940.0	 0.0754	 100.00	1324.63
    649	400800	     44	    6.0	   11.0	32889.3	 0.0753	 100.00	1324.62
    650	400800	     44	    8.0	   10.0	32838.8	 0.0753	 100.00	1324.72
    651	400800	     44	   10.0	    8.0	32788.5	 0.0752	 100.00	1324.74
    652	400800	     44	   12.0	   12.0	32738.3	 0.0750	 100.00	1324.85
    653	400800	     44	    8.0	   12.0	32688.2	 0.0748	 100.00	1324.86
    654	400800	     44	    8.0	   11.0	32638.3	 0.0748	 100.00	1324.96
    655	400800	     44	    6.0	    7.0	32588.6	 0.0746	 100.00	1324.96
    656	400800	     45	   26.0	   23.0	32539.0	 0.2474	 100.00	1325.26
    657	400800	     45	    8.0	   23.0	32489.6	 0.2644	 100.00	1324.91
    658	400800	     45	   10.0	   23.0	32440.3	 0.2359	 100.00	1324.93
    659	400800	     45	    6.0	   21.0	32391.2	 0.2032	 100.00	1324.94
    660	400800	     45	   10.0	   27.0	32342.3	 0.1891	 100.00	1324.93
    661	400800	     45	   12.0	   19.0	32293.4	 0.1766	 100.00	1324.94
    662	400800	     45	    8.0	   21.0	32244.7	 0.1657	 100.00	1324.93
    663	400800	     45	    6.0	   19.0	32196.2	 0.1532	 100.00	1324.94
    664	400800	     45	   10.0	   23.0	32147.8	 0.1581	 100.00	1324.93
    665	400800	     45	    6.0	   23.0	32099.6	 0.1484	 100.00	1324.95
    666	400800	     45	   16.0	   19.0	32051.5	 0.1512	 100.00	1324.93
    667	400800	     45	    6.0	   19.0	32003.6	 0.1459	 100.00	1324.94
    668	400800	     45	   10.0	   23.0	31955.7	 0.1444	 100.00	1324.95
    669	400800	     45	    8.0	   21.0	31908.1	 0.1415	 100.00	1324.96
    670	400800	     45	   10.0	   23.0	31860.6	 0.1368	 100.00	1324.96
    671	400800	     45	   10.0	   15.0	31813.2	 0.1361	 100.00	1324.99
    672	400800	     45	    8.0	   21.0	31765.9	 0.1352	 100.00	1324.98
    673	400800	     45	    6.0	   19.0	31718.8	 0.1348	 100.00	1325.00
    674	400800	     45	   10.0	   19.0	31671.9	 0.1307	 100.00	1325.00
    675	400800	     45	    8.0	   19.0	31625.0	 0.1298	 100.00	1325.02
    676	400800	     45	   18.0	   21.0	31578.4	 0.1330	 100.00	1325.03
    677	400800	     45	    6.0	   19.0	31531.8	 0.1336	 100.00	1325.03
    678	400800	     45	    8.0	   21.0	31485.4	 0.1320	 100.00	1325.02
    679	400800	     45	   10.0	   19.0	31439.1	 0.1291	 100.00	1325.04
    680	400800	     45	    8.0	   25.0	31393.0	 0.1319	 100.00	1325.04
    681	400800	     45	   10.0	   17.0	31347.0	 0.1306	 100.00	1325.07
    682	400800	     45	    8.0	   17.0	31301.1	 0.1315	 100.00	1325.07
    683	400800	     45	    6.0	   17.0	31255.4	 0.1285	 100.00	1325.07
    684	400800	     45	   14.0	   21.0	31209.8	 0.1287	 100.00	1325.08
    685	400800	     45	    6.0	   21.0	31164.3	 0.1263	 100.00	1325.09
    686	400800	     45	    8.0	   21.0	31119.0	 0.1252	 100.00	1325.11
    687	400800	     45	   12.0	   15.0	31073.8	 0.1265	 100.00	1325.11
    688	400800	     45	    8.0	   21.0	31028.7	 0.1261	 100.00	1325.12
    689	400800	     45	   10.0	   19.0	30983.8	 0.1255	 100.00	1325.11
    690	400800	     45	    8.0	   21.0	30939.0	 0.1232	 100.00	1325.13
    691	400800	     45	    6.0	   19.0	30894.3	 0.1226	 100.00	1325.14
    692	400800	     45	   14.0	   17.0	30849.7	 0.1226	 100.00	1325.15
    693	400800	     45	    8.0	   17.0	30805.3	 0.1226	 100.00	1325.15
    694	400800	     45	   10.0	   17.0	30761.0	 0.1209	 100.00	1325.16
    695	400800	     45	    6.0	   15.0	30716.8	 0.1204	 100.00	1325.13
    696	400800	     45	    8.0	   21.0	30672.8	 0.1200	 100.00	1325.16
    697	400800	     45	   16.0	   19.0	30628.9	 0.1229	 100.00	1325.17
    698	400800	     45	   10.0	   21.0	30585.1	 0.1221	 100.00	1325.19
    699	400800	     45	    8.0	   19.0	30541.4	 0.1207	 100.00	1325.19
    700	400800	     45	   10.0	   23.0	30497.9	 0.1202	 100.00	1325.20
    701	400800	     45	    6.0	   23.0	30454.5	 0.1204	 100.00	1325.19
    702	400800	     45	   14.0	   17.0	30411.2	 0.1189	 100.00	1325.20
    703	400800	     45	    6.0	   17.0	30368.0	 0.1185	 100.00	1325.21
    704	400800	     45	   10.0	   21.0	30325.0	 0.1194	 100.00	1325.23
    705	400800	     45	    6.0	   19.0	30282.0	 0.1190	 100.00	1325.24
    706	400800	     45	    8.0	   21.0	30239.2	 0.1181	 100.00	1325.25
    707	400800	     45	   14.0	   15.0	30196.5	 0.1190	 100.00	1325.24
    708	400800	     45	   10.0	   21.0	30154.0	 0.1182	 100.00	1325.24
    709	400800	     45	    6.0	   19.0	30111.5	 0.1181	 100.00	1325.26
    710	400800	     45	   10.0	   19.0	30069.2	 0.1178	 100.00	1325.27
    711	400800	     45	    8.0	   19.0	30027.0	 0.1168	 100.00	1325.28
    712	400800	     45	   12.0	   17.0	29984.9	 0.1181	 100.00	1325.28
    713	400800	     45	    6.0	   17.0	29942.9	 0.1176	 100.00	1325.29
    714	400800	     45	    8.0	   17.0	29901.1	 0.1171	 100.00	1325.29
    715	400800	     45	    8.0	   15.0	29859.3	 0.1167	 100.00	1325.30
    716	400800	     45	   12.0	   21.0	29817.7	 0.1160	 100.00	1325.31
    717	400800	     45	   14.0	   17.0	29776.2	 0.1176	 100.00	1325.32
    718	400800	     45	    8.0	   17.0	29734.8	 0.1174	 100.00	1325.29
    719	400800	     45	    6.0	   17.0	29693.6	 0.1165	 100.00	1325.31
    720	400800	     45	   10.0	   21.0	29652.4	 0.1165	 100.00	1325.31
    721	400800	     45	    8.0	   21.0	29611.4	 0.1167	 100.00	1325.33
    722	400800	     45	   12.0	   15.0	29570.4	 0.1164	 100.00	1325.33
    723	400800	     45	    6.0	   13.0	29529.6	 0.1158	 100.00	1325.34
    724	400800	     45	   10.0	   19.0	29488.9	 0.1159	 100.00	1325.33
    725	400800	     45	   10.0	   17.0	29448.3	 0.1152	 100.00	1325.35
    726	400800	     45	    8.0	   19.0	29407.8	 0.1144	 100.00	1325.35
    727	400800	     45	    6.0	   17.0	29367.5	 0.1132	 100.00	1325.37
    728	400800	     45	   14.0	   17.0	29327.2	 0.1145	 100.00	1325.37
    729	400800	     45	    6.0	   17.0	29287.0	 0.1132	 100.00	1325.39
    730	400800	     45	   12.0	   17.0	29247.0	 0.1126	 100.00	1325.37
    731	400800	     45	    6.0	   17.0	29207.1	 0.1117	 100.00	1325.39
    732	400800	     45	   10.0	   21.0	29167.3	 0.1112	 100.00	1325.39
    733	400800	     45	   10.0	   13.0	29127.5	 0.1107	 100.00	1325.40
    734	400800	     45	   10.0	   15.0	29087.9	 0.1101	 100.00	1325.40
    735	400800	     45	    8.0	   13.0	29048.4	 0.1092	 100.00	1325.39
    736	400800	     45	    8.0	   19.0	29009.0	 0.1093	 100.00	1325.38
    737	400800	     45	    6.0	   17.0	28969.7	 0.1090	 100.00	1325.38
    738	400800	     45	   20.0	   19.0	28930.6	 0.1102	 100.00	1325.40
    739	400800	     45	    8.0	   19.0	28891.5	 0.1097	 100.00	1325.40
    740	400800	     45	   12.0	   23.0	28852.5	 0.1088	 100.00	1325.42
    741	400800	     45	    6.0	   21.0	28813.7	 0.1081	 100.00	1325.44
    742	400800	     45	    8.0	   23.0	28774.9	 0.1075	 100.00	1325.46
    743	400800	     45	   12.0	   15.0	28736.3	 0.1075	 100.00	1325.45
    744	400800	     45	    8.0	   21.0	28697.7	 0.1069	 100.00	1325.47
    745	400800	     45	    8.0	   19.0	28659.3	 0.1059	 100.00	1325.47
    746	400800	     45	    8.0	   19.0	28621.0	 0.1060	 100.00	1325.49
    747	400800	     45	    6.0	   19.0	28582.7	 0.1053	 100.00	1325.47
    748	400800	     45	   18.0	   19.0	28544.6	 0.1059	 100.00	1325.49
    749	400800	     45	    6.0	   19.0	28506.5	 0.1048	 100.00	1325.50
    750	400800	     45	    8.0	   19.0	28468.6	 0.1042	 100.00	1325.54
    751	400800	     45	    8.0	   17.0	28430.8	 0.1031	 100.00	1325.57
    752	400800	     45	    8.0	   23.0	28393.1	 0.1034	 100.00	1325.59
    753	400800	     45	   12.0	   15.0	28355.4	 0.1029	 100.00	1325.60
    754	400800	     45	    8.0	   17.0	28317.9	 0.1025	 100.00	1325.64
    755	400800	     45	    6.0	   15.0	28280.4	 0.1021	 100.00	1325.22
