./asc:main.c:294: warning: auxv random bytes were not cleared
  Round	    PC	Excited	Hamming	   Loss	 Regret	    MSE	  Error	   MIPS
      0	400144	     46	42312.0	42312.0	42312.0	 0.1335	 100.00	  45.49
      1	400848	     46	 1211.0	43517.0	21758.5	 0.1220	 100.00	 203.86
      2	400848	     46	    9.0	43518.0	14506.0	 0.0814	 100.00	 318.64
      3	400848	     46	   11.0	43519.0	10879.8	 0.0610	 100.00	 410.17
      4	400848	     46	   10.0	43517.0	17407.2	 0.0520	 100.00	 482.71
      5	400848	     46	    7.0	43524.0	21760.0	 0.0435	 100.00	 543.17
      6	400848	     46	   13.0	43519.0	24868.4	 0.0374	 100.00	 596.75
      7	400848	     46	    9.0	43524.0	27200.4	 0.0327	 100.00	 638.56
      8	400848	     46	   11.0	43517.0	29013.3	 0.0295	 100.00	 680.64
      9	400848	     46	    6.0	43519.0	30463.9	 0.0265	 100.00	 719.86
     10	400848	     46	    8.0	43523.0	31651.1	 0.0282	 100.00	 754.60
     11	400848	     46	   12.0	43519.0	32640.1	 0.0271	 100.00	 786.29
     12	400848	     46	   13.0	43520.0	33477.0	 0.0267	 100.00	 814.23
     13	400848	     46	    8.0	43520.0	34194.4	 0.0257	 100.00	 840.37
     14	400848	     46	    8.0	43524.0	34816.3	 0.0240	 100.00	 863.62
     15	400848	     46	    6.0	43526.0	35360.7	 0.0229	 100.00	 885.53
     16	400848	     46	   13.0	43517.0	35840.5	 0.0237	 100.00	 905.34
     17	400848	     46	    9.0	43522.0	36267.2	 0.0224	 100.00	 923.94
     18	400848	     46	   11.0	43519.0	36648.9	 0.0212	 100.00	 940.59
     19	400848	     46	    7.0	43526.0	36992.8	 0.0202	 100.00	 956.38
     20	400848	     46	   10.0	43524.0	37303.8	 0.0192	 100.00	 970.70
     21	400848	     46	   17.0	43519.0	37586.3	 0.0229	 100.00	 984.67
     22	400848	     46	    9.0	43520.0	37844.3	 0.0227	 100.00	 997.29
     23	400848	     46	    7.0	43525.0	38081.0	 0.0218	 100.00	1009.51
     24	400848	     46	   11.0	43520.0	38298.5	 0.0209	 100.00	1020.38
     25	400848	     46	    6.0	43522.0	38499.4	 0.0201	 100.00	1031.20
     26	400848	     46	   14.0	43520.0	38685.4	 0.0197	 100.00	1040.99
     27	400848	     46	    6.0	43522.0	38858.1	 0.0190	 100.00	1050.60
     28	400848	     46	   11.0	43523.0	39019.0	 0.0184	 100.00	1059.36
     29	400848	     46	    8.0	43523.0	39169.1	 0.0177	 100.00	1068.00
     30	400848	     46	   10.0	43525.0	39309.6	 0.0172	 100.00	1075.68
     31	400848	     46	   12.0	43521.0	39441.2	 0.0167	 100.00	1083.54
     32	400848	     46	    9.0	43518.0	39564.8	 0.0163	 100.00	1090.65
     33	400848	     46	    7.0	43523.0	39681.2	 0.0158	 100.00	1097.76
     34	400848	     46	   11.0	43522.0	39790.9	 0.0158	 100.00	1104.19
     35	400848	     46	    9.0	43525.0	39894.6	 0.0153	 100.00	1110.51
     36	400848	     46	   14.0	43519.0	39992.6	 0.0155	 100.00	1115.98
     37	400848	     46	    7.0	43526.0	40085.6	 0.0151	 100.00	1121.62
     38	400848	     46	    9.0	43525.0	40173.8	 0.0147	 100.00	1126.76
     39	400848	     46	   11.0	43528.0	40257.6	 0.0144	 100.00	1131.98
     40	400848	     46	    9.0	43523.0	40337.3	 0.0140	 100.00	1136.69
     41	400848	     46	   16.0	43515.0	40412.9	 0.0150	 100.00	1141.44
     42	400848	     46	    8.0	43519.0	40485.2	 0.0147	 100.00	1145.67
     43	400848	     46	    6.0	43521.0	40554.2	 0.0144	 100.00	1150.11
     44	400848	     46	   15.0	43520.0	40620.1	 0.0141	 100.00	1154.09
     45	400848	     46	    6.0	43522.0	40683.2	 0.0138	 100.00	1158.21
     46	400848	     46	    8.0	43526.0	40743.6	 0.0135	 100.00	1162.07
     47	400848	     46	   10.0	43524.0	40801.6	 0.0132	 100.00	1165.95
     48	400848	     46	    9.0	43519.0	40857.0	 0.0129	 100.00	1169.25
     49	400848	     46	   11.0	43522.0	40910.3	 0.0127	 100.00	1172.76
     50	400848	     46	    9.0	43521.0	40961.5	 0.0124	 100.00	1176.01
     51	400848	     46	    7.0	43528.0	41010.9	 0.0122	 100.00	1179.28
     52	400848	     46	   16.0	43520.0	41058.2	 0.0127	 100.00	1182.25
     53	400848	     46	    9.0	43523.0	41103.9	 0.0128	 100.00	1185.47
     54	400848	     46	   11.0	43522.0	41147.8	 0.0125	 100.00	1188.00
     55	400848	     46	    7.0	43527.0	41190.3	 0.0123	 100.00	1190.99
     56	400848	     46	    9.0	43524.0	41231.2	 0.0121	 100.00	1193.46
     57	400848	     46	   10.0	43522.0	41270.7	 0.0121	 100.00	1196.07
     58	400848	     46	   10.0	43524.0	41308.9	 0.0124	 100.00	1198.67
     59	400848	     46	    8.0	43524.0	41345.8	 0.0122	 100.00	1200.99
     60	400848	     46	   11.0	43525.0	41381.6	 0.0120	 100.00	1203.41
     61	400848	     46	    6.0	43527.0	41416.2	 0.0121	 100.00	1205.68
     62	400848	     46	   18.0	43521.0	41449.6	 0.0128	 100.00	1207.98
     63	400848	     46	    6.0	43523.0	41482.0	 0.0127	 100.00	1209.93
     64	400848	     46	   11.0	43518.0	41513.3	 0.0125	 100.00	1212.13
     65	400848	     46	    7.0	43523.0	41543.8	 0.0124	 100.00	1214.06
     66	400848	     46	    9.0	43524.0	41573.3	 0.0122	 100.00	1216.15
     67	400848	     46	   13.0	43523.0	41602.0	 0.0120	 100.00	1218.07
     68	400848	     46	   10.0	43521.0	41629.8	 0.0118	 100.00	1220.06
     69	400848	     46	    7.0	43528.0	41656.9	 0.0117	 100.00	1222.00
     70	400848	     46	   11.0	43525.0	41683.2	 0.0115	 100.00	1223.87
     71	400848	     46	    9.0	43530.0	41708.9	 0.0113	 100.00	1225.40
     72	400848	     46	   15.0	43519.0	41733.7	 0.0115	 100.00	1227.23
     73	400848	     46	    6.0	43521.0	41757.8	 0.0114	 100.00	1228.84
     74	400848	     46	    8.0	43525.0	41781.4	 0.0112	 100.00	1230.60
     75	400848	     46	    8.0	43525.0	41804.3	 0.0111	 100.00	1232.15
     76	400848	     46	   13.0	43526.0	41826.7	 0.0110	 100.00	1233.79
     77	400848	     46	   10.0	43524.0	41848.4	 0.0108	 100.00	1235.12
     78	400848	     46	    8.0	43528.0	41869.7	 0.0107	 100.00	1236.67
     79	400848	     46	    6.0	43530.0	41890.5	 0.0105	 100.00	1238.02
     80	400848	     46	   11.0	43523.0	41910.6	 0.0105	 100.00	1239.55
     81	400848	     46	    9.0	43528.0	41930.3	 0.0104	 100.00	1241.02
     82	400848	     46	   21.0	43515.0	41949.4	 0.0120	 100.00	1242.47
     83	400848	     46	    7.0	43522.0	41968.2	 0.0118	 100.00	1243.87
     84	400848	     46	   10.0	43520.0	41986.4	 0.0117	 100.00	1245.23
     85	400848	     46	   11.0	43521.0	42004.3	 0.0115	 100.00	1246.48
     86	400848	     46	    9.0	43522.0	42021.7	 0.0114	 100.00	1247.83
     87	400848	     46	    7.0	43527.0	42038.8	 0.0113	 100.00	1249.06
     88	400848	     46	   13.0	43520.0	42055.4	 0.0112	 100.00	1250.36
     89	400848	     46	    6.0	43522.0	42071.7	 0.0110	 100.00	1251.41
     90	400848	     46	   12.0	43522.0	42087.7	 0.0110	 100.00	1252.66
     91	400848	     46	    6.0	43524.0	42103.3	 0.0109	 100.00	1253.75
     92	400848	     46	   11.0	43525.0	42118.6	 0.0117	 100.00	1254.95
     93	400848	     46	   12.0	43521.0	42133.5	 0.0116	 100.00	1255.99
     94	400848	     46	   10.0	43523.0	42148.1	 0.0115	 100.00	1257.13
     95	400848	     46	    8.0	43523.0	42162.4	 0.0114	 100.00	1258.11
     96	400848	     46	    9.0	43520.0	42176.4	 0.0113	 100.00	1259.25
     97	400848	     46	    7.0	43525.0	42190.2	 0.0113	 100.00	1260.23
     98	400848	     46	   13.0	43522.0	42203.7	 0.0113	 100.00	1261.32
     99	400848	     46	    9.0	43525.0	42216.9	 0.0112	 100.00	1262.30
    100	400848	     46	   12.0	43521.0	42229.8	 0.0111	 100.00	1263.33
    101	400848	     46	    7.0	43528.0	42242.5	 0.0110	 100.00	1264.20
    102	400848	     46	    9.0	43527.0	42255.0	 0.0108	 100.00	1265.19
    103	400848	     46	   17.0	43524.0	42267.2	 0.0115	 100.00	1266.08
    104	400848	     46	    9.0	43519.0	42279.1	 0.0114	 100.00	1267.02
    105	400848	     46	    8.0	43519.0	42290.8	 0.0113	 100.00	1267.85
    106	400848	     46	    8.0	43523.0	42302.3	 0.0112	 100.00	1268.79
    107	400848	     46	    6.0	43525.0	42313.6	 0.0111	 100.00	1269.58
    108	400848	     46	   17.0	43522.0	42324.7	 0.0110	 100.00	1270.46
    109	400848	     46	    6.0	43524.0	42335.6	 0.0109	 100.00	1271.26
    110	400848	     46	    8.0	43528.0	42346.4	 0.0111	 100.00	1272.52
    111	400848	     46	    8.0	43528.0	42356.9	 0.0110	 100.00	1273.33
    112	400848	     46	    9.0	43523.0	42367.2	 0.0109	 100.00	1274.13
    113	400848	     46	   15.0	43522.0	42377.4	 0.0110	 100.00	1274.79
    114	400848	     46	    9.0	43521.0	42387.3	 0.0110	 100.00	1275.58
    115	400848	     46	    7.0	43528.0	42397.1	 0.0109	 100.00	1276.27
    116	400848	     46	   12.0	43524.0	42406.8	 0.0109	 100.00	1277.03
    117	400848	     46	    9.0	43527.0	42416.3	 0.0108	 100.00	1277.73
    118	400848	     46	   13.0	43524.0	42425.6	 0.0107	 100.00	1278.48
    119	400848	     46	    7.0	43529.0	42434.8	 0.0106	 100.00	1279.11
    120	400848	     46	    9.0	43526.0	42443.8	 0.0105	 100.00	1279.80
    121	400848	     46	    8.0	43526.0	42452.7	 0.0105	 100.00	1280.45
    122	400848	     46	   10.0	43528.0	42461.4	 0.0105	 100.00	1281.17
    123	400848	     46	   16.0	43520.0	42469.9	 0.0113	 100.00	1281.80
    124	400848	     46	   11.0	43521.0	42478.4	 0.0112	 100.00	1282.41
    125	400848	     46	    6.0	43523.0	42486.6	 0.0111	 100.00	1282.93
    126	400848	     46	   12.0	43523.0	42494.8	 0.0110	 100.00	1283.59
    127	400848	     46	    6.0	43525.0	42502.9	 0.0109	 100.00	1284.19
    128	400848	     46	   13.0	43518.0	42510.7	 0.0113	 100.00	1284.86
    129	400848	     46	    7.0	43523.0	42518.5	 0.0112	 100.00	1285.39
    130	400848	     46	    9.0	43524.0	42526.2	 0.0112	 100.00	1286.04
    131	400848	     46	   11.0	43525.0	42533.8	 0.0112	 100.00	1286.53
    132	400848	     46	   10.0	43523.0	42541.2	 0.0112	 100.00	1287.13
    133	400848	     46	    7.0	43530.0	42548.6	 0.0114	 100.00	1287.68
    134	400848	     46	   15.0	43523.0	42555.8	 0.0115	 100.00	1288.28
    135	400848	     46	    9.0	43528.0	42562.9	 0.0115	 100.00	1288.79
    136	400848	     46	   11.0	43521.0	42569.9	 0.0116	 100.00	1289.37
    137	400848	     46	    6.0	43523.0	42576.8	 0.0115	 100.00	1289.85
    138	400848	     46	    8.0	43527.0	42583.7	 0.0114	 100.00	1290.44
    139	400848	     46	   10.0	43525.0	42590.4	 0.0114	 100.00	1290.94
    140	400848	     46	   13.0	43526.0	42597.0	 0.0113	 100.00	1291.51
    141	400848	     46	    8.0	43526.0	42603.6	 0.0114	 100.00	1292.02
    142	400848	     46	    8.0	43530.0	42610.0	 0.0113	 100.00	1292.63
    143	400848	     46	    6.0	43532.0	42616.5	 0.0112	 100.00	1293.00
    144	400848	     46	   17.0	43519.0	42622.7	 0.0114	 100.00	1293.58
    145	400848	     46	    9.0	43524.0	42628.8	 0.0114	 100.00	1294.01
    146	400848	     46	   11.0	43521.0	42634.9	 0.0114	 100.00	1294.60
    147	400848	     46	    7.0	43528.0	42641.0	 0.0113	 100.00	1295.01
    148	400848	     46	   10.0	43526.0	42646.9	 0.0114	 100.00	1295.42
    149	400848	     46	   13.0	43525.0	42652.7	 0.0114	 100.00	1295.89
    150	400848	     46	    9.0	43526.0	42658.5	 0.0113	 100.00	1296.32
    151	400848	     46	    7.0	43531.0	42664.3	 0.0112	 100.00	1296.79
    152	400848	     46	   11.0	43526.0	42669.9	 0.0111	 100.00	1297.23
    153	400848	     46	    6.0	43528.0	42675.5	 0.0111	 100.00	1297.68
    154	400848	     46	   16.0	43524.0	42680.9	 0.0110	 100.00	1298.03
    155	400848	     46	    6.0	43526.0	42686.4	 0.0110	 100.00	1298.47
    156	400848	     46	   11.0	43527.0	42691.7	 0.0111	 100.00	1298.90
    157	400848	     46	    8.0	43527.0	42697.0	 0.0110	 100.00	1299.35
    158	400848	     46	   10.0	43529.0	42702.2	 0.0109	 100.00	1299.81
    159	400848	     46	   10.0	43527.0	42707.4	 0.0109	 100.00	1300.24
    160	400848	     46	    9.0	43524.0	42712.5	 0.0108	 100.00	1300.58
    161	400848	     46	    7.0	43529.0	42717.5	 0.0107	 100.00	1301.02
    162	400848	     46	   11.0	43528.0	42722.5	 0.0108	 100.00	1301.40
    163	400848	     46	    9.0	43531.0	42727.4	 0.0107	 100.00	1301.81
    164	400848	     46	   24.0	43515.0	42732.2	 0.0117	 100.00	1302.16
    165	400848	     46	    7.0	43522.0	42736.9	 0.0117	 100.00	1302.58
    166	400848	     46	    9.0	43521.0	42741.6	 0.0116	 100.00	1302.84
    167	400848	     46	   11.0	43524.0	42746.3	 0.0115	 100.00	1303.28
    168	400848	     46	    9.0	43519.0	42750.9	 0.0115	 100.00	1303.55
    169	400848	     46	   10.0	43517.0	42755.4	 0.0114	 100.00	1303.95
    170	400848	     46	    8.0	43521.0	42759.8	 0.0113	 100.00	1304.25
    171	400848	     46	    6.0	43523.0	42764.3	 0.0113	 100.00	1304.68
    172	400848	     46	   15.0	43522.0	42768.7	 0.0112	 100.00	1304.87
    173	400848	     46	    6.0	43524.0	42773.0	 0.0111	 100.00	1305.26
    174	400848	     46	    8.0	43528.0	42777.3	 0.0111	 100.00	1305.54
    175	400848	     46	   12.0	43524.0	42781.6	 0.0110	 100.00	1305.92
    176	400848	     46	    9.0	43519.0	42785.7	 0.0110	 100.00	1306.26
    177	400848	     46	   11.0	43522.0	42789.9	 0.0109	 100.00	1306.64
    178	400848	     46	    9.0	43521.0	42793.9	 0.0109	 100.00	1306.97
    179	400848	     46	    7.0	43528.0	42798.0	 0.0108	 100.00	1307.34
    180	400848	     46	   14.0	43522.0	42802.0	 0.0107	 100.00	1307.69
    181	400848	     46	    9.0	43525.0	42806.0	 0.0107	 100.00	1308.06
    182	400848	     46	   11.0	43524.0	42809.9	 0.0106	 100.00	1308.33
    183	400848	     46	    7.0	43529.0	42813.8	 0.0106	 100.00	1308.69
    184	400848	     46	    9.0	43526.0	42817.7	 0.0105	 100.00	1308.91
    185	400848	     46	   14.0	43520.0	42821.5	 0.0105	 100.00	1309.23
    186	400848	     46	   10.0	43522.0	42825.2	 0.0105	 100.00	1309.48
    187	400848	     46	    8.0	43522.0	42828.9	 0.0104	 100.00	1309.88
    188	400848	     46	   11.0	43523.0	42832.6	 0.0104	 100.00	1310.16
    189	400848	     46	    6.0	43525.0	42836.2	 0.0104	 100.00	1310.54
    190	400848	     46	   14.0	43523.0	42839.8	 0.0103	 100.00	1310.75
    191	400848	     46	    6.0	43525.0	42843.4	 0.0103	 100.00	1311.12
    192	400848	     46	   11.0	43520.0	42846.9	 0.0102	 100.00	1311.42
    193	400848	     46	    7.0	43525.0	42850.4	 0.0102	 100.00	1311.78
    194	400848	     46	    9.0	43526.0	42853.9	 0.0103	 100.00	1312.08
    195	400848	     46	   15.0	43523.0	42857.3	 0.0104	 100.00	1312.43
    196	400848	     46	   10.0	43521.0	42860.6	 0.0103	 100.00	1312.65
    197	400848	     46	    7.0	43528.0	42864.0	 0.0103	 100.00	1313.01
    198	400848	     46	   11.0	43525.0	42867.3	 0.0103	 100.00	1313.23
    199	400848	     46	    9.0	43530.0	42870.6	 0.0103	 100.00	1313.52
    200	400848	     46	   13.0	43521.0	42873.9	 0.0102	 100.00	1313.76
    201	400848	     46	    6.0	43523.0	42877.1	 0.0102	 100.00	1314.06
    202	400848	     46	    8.0	43527.0	42880.3	 0.0101	 100.00	1314.23
    203	400848	     46	    8.0	43527.0	42883.5	 0.0101	 100.00	1314.53
    204	400848	     46	   13.0	43528.0	42886.6	 0.0101	 100.00	1314.76
    205	400848	     46	   16.0	43520.0	42889.7	 0.0105	 100.00	1315.08
    206	400848	     46	    8.0	43524.0	42892.7	 0.0106	 100.00	1315.32
    207	400848	     46	    6.0	43526.0	42895.8	 0.0105	 100.00	1315.63
    208	400848	     46	   11.0	43519.0	42898.8	 0.0105	 100.00	1315.84
    209	400848	     46	    9.0	43524.0	42901.8	 0.0105	 100.00	1316.14
    210	400848	     46	   13.0	43519.0	42904.7	 0.0105	 100.00	1316.64
    211	400848	     46	    7.0	43526.0	42907.6	 0.0104	 100.00	1316.94
    212	400848	     46	   10.0	43524.0	42910.5	 0.0105	 100.00	1317.15
    213	400848	     46	   11.0	43525.0	42913.4	 0.0104	 100.00	1317.42
    214	400848	     46	    9.0	43526.0	42916.2	 0.0104	 100.00	1317.57
    215	400848	     46	    7.0	43531.0	42919.1	 0.0103	 100.00	1317.77
    216	400848	     46	   15.0	43522.0	42921.8	 0.0103	 100.00	1317.98
    217	400848	     46	    6.0	43524.0	42924.6	 0.0102	 100.00	1318.23
    218	400848	     46	   12.0	43524.0	42927.3	 0.0103	 100.00	1318.44
    219	400848	     46	    6.0	43526.0	42930.1	 0.0102	 100.00	1318.73
    220	400848	     46	   11.0	43527.0	42932.8	 0.0102	 100.00	1318.92
    221	400848	     46	   10.0	43525.0	42935.4	 0.0103	 100.00	1319.20
    222	400848	     46	   10.0	43527.0	42938.1	 0.0103	 100.00	1319.41
    223	400848	     46	    8.0	43527.0	42940.7	 0.0103	 100.00	1319.70
    224	400848	     46	    9.0	43524.0	42943.3	 0.0102	 100.00	1319.92
    225	400848	     46	    7.0	43529.0	42945.9	 0.0102	 100.00	1320.17
    226	400848	     46	   17.0	43522.0	42948.4	 0.0103	 100.00	1320.37
    227	400848	     46	    9.0	43525.0	42951.0	 0.0103	 100.00	1320.62
    228	400848	     46	   12.0	43521.0	42953.5	 0.0102	 100.00	1320.83
    229	400848	     46	    7.0	43528.0	42956.0	 0.0102	 100.00	1321.06
    230	400848	     46	    9.0	43527.0	42958.4	 0.0101	 100.00	1321.27
    231	400848	     46	   13.0	43528.0	42960.9	 0.0101	 100.00	1321.53
    232	400848	     46	    9.0	43523.0	42963.3	 0.0101	 100.00	1321.69
    233	400848	     46	    8.0	43523.0	42965.7	 0.0100	 100.00	1321.93
    234	400848	     46	    8.0	43527.0	42968.1	 0.0100	 100.00	1322.13
    235	400848	     46	    6.0	43529.0	42970.5	 0.0099	 100.00	1322.37
    236	400848	     46	   19.0	43524.0	42972.8	 0.0100	 100.00	1322.53
    237	400848	     46	    6.0	43526.0	42975.1	 0.0100	 100.00	1322.78
    238	400848	     46	    8.0	43530.0	42977.4	 0.0100	 100.00	1322.91
    239	400848	     46	    8.0	43530.0	42979.7	 0.0100	 100.00	1323.15
    240	400848	     46	    9.0	43525.0	42982.0	 0.0099	 100.00	1323.33
    241	400848	     46	   13.0	43526.0	42984.2	 0.0099	 100.00	1323.55
    242	400848	     46	    9.0	43525.0	42986.5	 0.0099	 100.00	1323.74
    243	400848	     46	    7.0	43532.0	42988.7	 0.0098	 100.00	1323.97
    244	400848	     46	   12.0	43528.0	42990.9	 0.0100	 100.00	1324.09
    245	400848	     46	    9.0	43531.0	42993.1	 0.0099	 100.00	1324.32
    246	400848	     46	   21.0	43520.0	42995.2	 0.0103	 100.00	1324.48
    247	400848	     46	    7.0	43525.0	42997.4	 0.0103	 100.00	1324.70
    248	400848	     46	    9.0	43522.0	42999.5	 0.0102	 100.00	1324.87
    249	400848	     46	    8.0	43522.0	43001.6	 0.0102	 100.00	1325.07
    250	400848	     46	   10.0	43524.0	43003.7	 0.0102	 100.00	1325.18
    251	400848	     46	   10.0	43522.0	43005.7	 0.0104	 100.00	1325.39
    252	400848	     46	   11.0	43523.0	43007.8	 0.0103	 100.00	1325.51
    253	400848	     46	    6.0	43525.0	43009.8	 0.0103	 100.00	1325.70
    254	400848	     46	   12.0	43525.0	43011.8	 0.0102	 100.00	1325.84
    255	400848	     46	    6.0	43527.0	43013.8	 0.0102	 100.00	1326.03
    256	400848	     46	   15.0	43518.0	43015.8	 0.0105	 100.00	1326.13
    257	400848	     46	    7.0	43523.0	43017.8	 0.0105	 100.00	1326.33
    258	400848	     46	    9.0	43524.0	43019.7	 0.0105	 100.00	1326.47
    259	400848	     46	   11.0	43525.0	43021.7	 0.0104	 100.00	1326.65
    260	400848	     46	   10.0	43523.0	43023.6	 0.0104	 100.00	1326.79
    261	400848	     46	    7.0	43530.0	43025.5	 0.0103	 100.00	1326.93
    262	400848	     46	   13.0	43525.0	43027.4	 0.0105	 100.00	1327.04
    263	400848	     46	    9.0	43530.0	43029.3	 0.0104	 100.00	1327.25
    264	400848	     46	   11.0	43523.0	43031.2	 0.0104	 100.00	1327.32
    265	400848	     46	    6.0	43525.0	43033.0	 0.0103	 100.00	1327.47
    266	400848	     46	    8.0	43529.0	43034.9	 0.0103	 100.00	1327.61
    267	400848	     46	   14.0	43523.0	43036.7	 0.0103	 100.00	1327.72
    268	400848	     46	   13.0	43524.0	43038.5	 0.0103	 100.00	1327.88
    269	400848	     46	    8.0	43524.0	43040.3	 0.0102	 100.00	1328.00
    270	400848	     46	    8.0	43528.0	43042.1	 0.0102	 100.00	1328.16
    271	400848	     46	    6.0	43530.0	43043.9	 0.0102	 100.00	1328.32
    272	400848	     46	   13.0	43521.0	43045.7	 0.0101	 100.00	1328.46
    273	400848	     46	    9.0	43526.0	43047.4	 0.0101	 100.00	1328.54
    274	400848	     46	   11.0	43523.0	43049.1	 0.0101	 100.00	1328.64
    275	400848	     46	    7.0	43530.0	43050.9	 0.0100	 100.00	1328.80
    276	400848	     46	   10.0	43528.0	43052.6	 0.0101	 100.00	1328.92
    277	400848	     46	   15.0	43525.0	43054.3	 0.0101	 100.00	1329.03
    278	400848	     46	    9.0	43526.0	43056.0	 0.0100	 100.00	1329.16
    279	400848	     46	    7.0	43531.0	43057.7	 0.0100	 100.00	1329.29
    280	400848	     46	   11.0	43526.0	43059.4	 0.0100	 100.00	1329.42
    281	400848	     46	    6.0	43528.0	43061.0	 0.0099	 100.00	1329.50
    282	400848	     46	   14.0	43526.0	43062.7	 0.0099	 100.00	1329.64
    283	400848	     46	    6.0	43528.0	43064.3	 0.0099	 100.00	1329.72
    284	400848	     46	   11.0	43529.0	43065.9	 0.0098	 100.00	1329.86
    285	400848	     46	    8.0	43529.0	43067.5	 0.0098	 100.00	1329.90
    286	400848	     46	   10.0	43531.0	43069.2	 0.0098	 100.00	1330.04
    287	400848	     46	   16.0	43523.0	43070.7	 0.0099	 100.00	1330.11
    288	400848	     46	    9.0	43520.0	43072.3	 0.0099	 100.00	1330.22
    289	400848	     46	    7.0	43525.0	43073.9	 0.0099	 100.00	1330.36
    290	400848	     46	   11.0	43524.0	43075.4	 0.0099	 100.00	1330.49
    291	400848	     46	    9.0	43527.0	43076.9	 0.0099	 100.00	1330.62
    292	400848	     46	   14.0	43521.0	43078.5	 0.0099	 100.00	1330.76
    293	400848	     46	    7.0	43528.0	43080.0	 0.0099	 100.00	1330.86
    294	400848	     46	    9.0	43527.0	43081.5	 0.0098	 100.00	1331.03
    295	400848	     46	   11.0	43530.0	43083.0	 0.0098	 100.00	1331.15
    296	400848	     46	    9.0	43525.0	43084.5	 0.0098	 100.00	1331.29
    297	400848	     46	   12.0	43521.0	43086.0	 0.0097	 100.00	1331.33
    298	400848	     46	    8.0	43525.0	43087.4	 0.0098	 100.00	1331.48
    299	400848	     46	    6.0	43527.0	43088.9	 0.0098	 100.00	1331.52
    300	400848	     46	   15.0	43526.0	43090.4	 0.0097	 100.00	1331.64
    301	400848	     46	    6.0	43528.0	43091.8	 0.0097	 100.00	1331.73
    302	400848	     46	    8.0	43532.0	43093.3	 0.0097	 100.00	1331.82
    303	400848	     46	   10.0	43530.0	43094.7	 0.0096	 100.00	1331.87
    304	400848	     46	    9.0	43525.0	43096.1	 0.0096	 100.00	1331.99
    305	400848	     46	   11.0	43528.0	43097.5	 0.0096	 100.00	1332.08
    306	400848	     46	    9.0	43527.0	43098.9	 0.0096	 100.00	1332.21
    307	400848	     46	    7.0	43534.0	43100.3	 0.0095	 100.00	1332.29
    308	400848	     46	   18.0	43524.0	43101.7	 0.0095	 100.00	1332.40
    309	400848	     46	    9.0	43527.0	43103.1	 0.0095	 100.00	1332.46
    310	400848	     46	   11.0	43526.0	43104.4	 0.0095	 100.00	1332.58
    311	400848	     46	    7.0	43531.0	43105.8	 0.0094	 100.00	1332.65
    312	400848	     46	    9.0	43528.0	43107.2	 0.0094	 100.00	1332.77
    313	400848	     46	   10.0	43526.0	43108.5	 0.0094	 100.00	1332.86
    314	400848	     46	   10.0	43528.0	43109.8	 0.0093	 100.00	1332.96
    315	400848	     46	    8.0	43528.0	43111.1	 0.0093	 100.00	1333.02
    316	400848	     46	   11.0	43529.0	43112.5	 0.0093	 100.00	1333.13
    317	400848	     46	    6.0	43531.0	43113.8	 0.0093	 100.00	1333.22
    318	400848	     46	   16.0	43527.0	43115.1	 0.0092	 100.00	1333.38
    319	400848	     46	    6.0	43529.0	43116.4	 0.0092	 100.00	1333.43
    320	400848	     46	   11.0	43524.0	43117.6	 0.0092	 100.00	1333.55
    321	400848	     46	    7.0	43529.0	43118.9	 0.0091	 100.00	1333.60
    322	400848	     46	    9.0	43530.0	43120.2	 0.0091	 100.00	1333.72
    323	400848	     46	   13.0	43529.0	43121.4	 0.0091	 100.00	1333.83
    324	400848	     46	   10.0	43527.0	43122.7	 0.0091	 100.00	1333.89
    325	400848	     46	    7.0	43534.0	43124.0	 0.0090	 100.00	1333.98
    326	400848	     46	   11.0	43531.0	43125.2	 0.0090	 100.00	1334.09
    327	400848	     46	    9.0	43536.0	43126.5	 0.0090	 100.00	1334.14
    328	400848	     46	   25.0	43515.0	43127.6	 0.0094	 100.00	1334.25
    329	400848	     46	    6.0	43517.0	43128.8	 0.0094	 100.00	1334.36
    330	400848	     46	    8.0	43521.0	43130.0	 0.0093	 100.00	1334.47
    331	400848	     46	    8.0	43521.0	43131.2	 0.0093	 100.00	1334.55
    332	400848	     46	   13.0	43522.0	43132.4	 0.0093	 100.00	1334.67
    333	400848	     46	   10.0	43520.0	43133.5	 0.0093	 100.00	1334.72
    334	400848	     46	    8.0	43524.0	43134.7	 0.0093	 100.00	1334.84
    335	400848	     46	    6.0	43526.0	43135.8	 0.0093	 100.00	1334.92
    336	400848	     46	   11.0	43519.0	43137.0	 0.0093	 100.00	1335.02
    337	400848	     46	    9.0	43524.0	43138.1	 0.0093	 100.00	1335.10
    338	400848	     46	   15.0	43517.0	43139.2	 0.0094	 100.00	1335.25
    339	400848	     46	    7.0	43524.0	43140.4	 0.0094	 100.00	1335.27
    340	400848	     46	   10.0	43522.0	43141.5	 0.0094	 100.00	1335.40
    341	400848	     46	   11.0	43523.0	43142.6	 0.0094	 100.00	1335.46
    342	400848	     46	    9.0	43524.0	43143.7	 0.0093	 100.00	1335.55
    343	400848	     46	    7.0	43529.0	43144.8	 0.0093	 100.00	1335.64
    344	400848	     46	   13.0	43522.0	43145.9	 0.0093	 100.00	1335.71
    345	400848	     46	    6.0	43524.0	43147.0	 0.0093	 100.00	1335.81
    346	400848	     46	   12.0	43524.0	43148.1	 0.0093	 100.00	1335.92
    347	400848	     46	    6.0	43526.0	43149.2	 0.0093	 100.00	1336.02
    348	400848	     46	   11.0	43527.0	43150.3	 0.0093	 100.00	1336.11
    349	400848	     46	   14.0	43521.0	43151.3	 0.0094	 100.00	1336.21
    350	400848	     46	   10.0	43523.0	43152.4	 0.0094	 100.00	1336.26
    351	400848	     46	    8.0	43523.0	43153.5	 0.0093	 100.00	1336.37
    352	400848	     46	    9.0	43520.0	43154.5	 0.0093	 100.00	1336.45
    353	400848	     46	    7.0	43525.0	43155.5	 0.0093	 100.00	1336.57
    354	400848	     46	   13.0	43522.0	43156.6	 0.0093	 100.00	1336.67
    355	400848	     46	    9.0	43525.0	43157.6	 0.0092	 100.00	1336.76
    356	400848	     46	   12.0	43521.0	43158.6	 0.0092	 100.00	1336.80
    357	400848	     46	    7.0	43528.0	43159.7	 0.0092	 100.00	1336.91
    358	400848	     46	    9.0	43527.0	43160.7	 0.0092	 100.00	1336.98
    359	400848	     46	   15.0	43526.0	43161.7	 0.0092	 100.00	1337.06
    360	400848	     46	    9.0	43521.0	43162.7	 0.0091	 100.00	1337.12
    361	400848	     46	    8.0	43521.0	43163.7	 0.0091	 100.00	1337.22
    362	400848	     46	    8.0	43525.0	43164.7	 0.0091	 100.00	1337.25
    363	400848	     46	    6.0	43527.0	43165.7	 0.0091	 100.00	1337.36
    364	400848	     46	   17.0	43524.0	43166.6	 0.0090	 100.00	1337.41
    365	400848	     46	    6.0	43526.0	43167.6	 0.0090	 100.00	1337.52
    366	400848	     46	    8.0	43530.0	43168.6	 0.0090	 100.00	1337.58
    367	400848	     46	    8.0	43530.0	43169.6	 0.0090	 100.00	1337.60
    368	400848	     46	    9.0	43525.0	43170.6	 0.0090	 100.00	1337.62
    369	400848	     46	   19.0	43520.0	43171.5	 0.0091	 100.00	1337.68
    370	400848	     46	    9.0	43519.0	43172.4	 0.0090	 100.00	1337.67
    371	400848	     46	    7.0	43526.0	43173.4	 0.0090	 100.00	1337.74
    372	400848	     46	   12.0	43522.0	43174.3	 0.0090	 100.00	1337.76
    373	400848	     46	    9.0	43525.0	43175.3	 0.0090	 100.00	1337.82
    374	400848	     46	   13.0	43522.0	43176.2	 0.0089	 100.00	1337.83
    375	400848	     46	    7.0	43527.0	43177.1	 0.0089	 100.00	1337.91
    376	400848	     46	    9.0	43524.0	43178.0	 0.0089	 100.00	1337.94
    377	400848	     46	    8.0	43524.0	43179.0	 0.0089	 100.00	1338.01
    378	400848	     46	   10.0	43526.0	43179.9	 0.0089	 100.00	1338.05
    379	400848	     46	   12.0	43522.0	43180.8	 0.0089	 100.00	1338.12
    380	400848	     46	   11.0	43523.0	43181.7	 0.0089	 100.00	1338.15
    381	400848	     46	    6.0	43525.0	43182.6	 0.0088	 100.00	1338.25
    382	400848	     46	   12.0	43525.0	43183.5	 0.0088	 100.00	1338.30
    383	400848	     46	    6.0	43527.0	43184.4	 0.0088	 100.00	1338.40
    384	400848	     46	   13.0	43520.0	43185.2	 0.0088	 100.00	1338.45
    385	400848	     46	    7.0	43525.0	43186.1	 0.0088	 100.00	1338.54
    386	400848	     46	    9.0	43526.0	43187.0	 0.0087	 100.00	1338.57
    387	400848	     46	   11.0	43527.0	43187.9	 0.0087	 100.00	1338.66
    388	400848	     46	   10.0	43525.0	43188.7	 0.0087	 100.00	1338.72
    389	400848	     46	    7.0	43532.0	43189.6	 0.0087	 100.00	1338.81
    390	400848	     46	   17.0	43523.0	43190.5	 0.0087	 100.00	1338.86
    391	400848	     46	    9.0	43528.0	43191.3	 0.0087	 100.00	1338.94
    392	400848	     46	   11.0	43521.0	43192.2	 0.0087	 100.00	1338.96
    393	400848	     46	    6.0	43523.0	43193.0	 0.0086	 100.00	1339.05
    394	400848	     46	    8.0	43527.0	43193.9	 0.0086	 100.00	1339.09
    395	400848	     46	   10.0	43525.0	43194.7	 0.0086	 100.00	1339.18
    396	400848	     46	   13.0	43526.0	43195.5	 0.0086	 100.00	1339.23
    397	400848	     46	    8.0	43526.0	43196.4	 0.0086	 100.00	1339.31
    398	400848	     46	    8.0	43530.0	43197.2	 0.0086	 100.00	1339.33
    399	400848	     46	    6.0	43532.0	43198.0	 0.0086	 100.00	1339.41
    400	400848	     46	   15.0	43521.0	43198.8	 0.0086	 100.00	1339.48
    401	400848	     46	    9.0	43526.0	43199.6	 0.0086	 100.00	1339.54
    402	400848	     46	   11.0	43523.0	43200.4	 0.0086	 100.00	1339.59
    403	400848	     46	    7.0	43530.0	43201.3	 0.0085	 100.00	1339.67
    404	400848	     46	   10.0	43528.0	43202.1	 0.0085	 100.00	1339.70
    405	400848	     46	   13.0	43527.0	43202.9	 0.0086	 100.00	1339.79
    406	400848	     46	    9.0	43528.0	43203.7	 0.0085	 100.00	1339.84
    407	400848	     46	    7.0	43533.0	43204.5	 0.0085	 100.00	1339.92
    408	400848	     46	   11.0	43528.0	43205.3	 0.0085	 100.00	1339.98
    409	400848	     46	    6.0	43530.0	43206.1	 0.0085	 100.00	1340.05
    410	400848	     46	   22.0	43520.0	43206.8	 0.0087	 100.00	1340.09
    411	400848	     46	    6.0	43522.0	43207.6	 0.0087	 100.00	1340.18
    412	400848	     46	   11.0	43523.0	43208.4	 0.0087	 100.00	1340.22
    413	400848	     46	    8.0	43523.0	43209.1	 0.0087	 100.00	1340.28
    414	400848	     46	   10.0	43525.0	43209.9	 0.0086	 100.00	1340.31
    415	400848	     46	   10.0	43523.0	43210.6	 0.0086	 100.00	1340.35
    416	400848	     46	    9.0	43520.0	43211.4	 0.0086	 100.00	1340.41
    417	400848	     46	    7.0	43525.0	43212.1	 0.0086	 100.00	1340.44
    418	400848	     46	   11.0	43524.0	43212.9	 0.0086	 100.00	1340.51
    419	400848	     46	    9.0	43527.0	43213.6	 0.0085	 100.00	1340.55
    420	400848	     46	   16.0	43519.0	43214.3	 0.0086	 100.00	1340.62
    421	400848	     46	    7.0	43526.0	43215.1	 0.0086	 100.00	1340.65
    422	400848	     46	    9.0	43525.0	43215.8	 0.0086	 100.00	1340.70
    423	400848	     46	   11.0	43528.0	43216.5	 0.0086	 100.00	1340.74
    424	400848	     46	    9.0	43523.0	43217.3	 0.0086	 100.00	1340.80
    425	400848	     46	   10.0	43521.0	43218.0	 0.0086	 100.00	1340.84
    426	400848	     46	    8.0	43525.0	43218.7	 0.0086	 100.00	1340.89
    427	400848	     46	    6.0	43527.0	43219.4	 0.0086	 100.00	1340.89
    428	400848	     46	   15.0	43526.0	43220.1	 0.0086	 100.00	1340.95
    429	400848	     46	    6.0	43528.0	43220.8	 0.0086	 100.00	1340.97
    430	400848	     46	    8.0	43532.0	43221.6	 0.0085	 100.00	1341.03
    431	400848	     46	   14.0	43526.0	43222.3	 0.0086	 100.00	1341.06
    432	400848	     46	    9.0	43521.0	43223.0	 0.0086	 100.00	1341.13
    433	400848	     46	   11.0	43524.0	43223.7	 0.0086	 100.00	1341.08
    434	400848	     46	    9.0	43523.0	43224.3	 0.0085	 100.00	1341.15
    435	400848	     46	    7.0	43530.0	43225.0	 0.0085	 100.00	1341.21
    436	400848	     46	   14.0	43524.0	43225.7	 0.0085	 100.00	1341.28
    437	400848	     46	    9.0	43527.0	43226.4	 0.0085	 100.00	1341.28
    438	400848	     46	   11.0	43526.0	43227.1	 0.0085	 100.00	1341.35
    439	400848	     46	    7.0	43531.0	43227.8	 0.0085	 100.00	1341.36
    440	400848	     46	    9.0	43528.0	43228.5	 0.0085	 100.00	1341.44
    441	400848	     46	   12.0	43524.0	43229.1	 0.0086	 100.00	1341.47
    442	400848	     46	   10.0	43526.0	43229.8	 0.0086	 100.00	1341.53
    443	400848	     46	    8.0	43526.0	43230.5	 0.0086	 100.00	1341.56
    444	400848	     46	   11.0	43527.0	43231.1	 0.0086	 100.00	1341.63
    445	400848	     46	    6.0	43529.0	43231.8	 0.0085	 100.00	1341.65
    446	400848	     46	   14.0	43527.0	43232.5	 0.0085	 100.00	1341.71
    447	400848	     46	    6.0	43529.0	43233.1	 0.0085	 100.00	1341.74
    448	400848	     46	   11.0	43524.0	43233.8	 0.0085	 100.00	1341.81
    449	400848	     46	    7.0	43529.0	43234.4	 0.0085	 100.00	1341.85
    450	400848	     46	    9.0	43530.0	43235.1	 0.0085	 100.00	1341.91
    451	400848	     46	   19.0	43523.0	43235.7	 0.0086	 100.00	1341.94
    452	400848	     46	   10.0	43521.0	43236.4	 0.0085	 100.00	1342.00
    453	400848	     46	    7.0	43528.0	43237.0	 0.0085	 100.00	1342.03
    454	400848	     46	   11.0	43525.0	43237.6	 0.0085	 100.00	1342.09
    455	400848	     46	    9.0	43530.0	43238.3	 0.0085	 100.00	1342.13
    456	400848	     46	   13.0	43521.0	43238.9	 0.0085	 100.00	1342.19
    457	400848	     46	    6.0	43523.0	43239.5	 0.0085	 100.00	1342.31
    458	400848	     46	    8.0	43527.0	43240.1	 0.0084	 100.00	1342.37
    459	400848	     46	    8.0	43527.0	43240.8	 0.0084	 100.00	1342.41
    460	400848	     46	   13.0	43528.0	43241.4	 0.0085	 100.00	1342.47
    461	400848	     46	   12.0	43524.0	43242.0	 0.0085	 100.00	1342.51
    462	400848	     46	    8.0	43528.0	43242.6	 0.0084	 100.00	1342.57
    463	400848	     46	    6.0	43530.0	43243.2	 0.0084	 100.00	1342.59
    464	400848	     46	   11.0	43523.0	43243.8	 0.0084	 100.00	1342.62
    465	400848	     46	    9.0	43528.0	43244.5	 0.0084	 100.00	1342.65
    466	400848	     46	   13.0	43523.0	43245.0	 0.0084	 100.00	1342.71
    467	400848	     46	    7.0	43530.0	43245.7	 0.0084	 100.00	1342.74
    468	400848	     46	   10.0	43528.0	43246.3	 0.0084	 100.00	1342.80
    469	400848	     46	   11.0	43529.0	43246.9	 0.0084	 100.00	1342.82
    470	400848	     46	    9.0	43530.0	43247.5	 0.0084	 100.00	1342.87
    471	400848	     46	    7.0	43535.0	43248.1	 0.0083	 100.00	1342.90
    472	400848	     46	   17.0	43524.0	43248.7	 0.0084	 100.00	1342.96
    473	400848	     46	    6.0	43526.0	43249.2	 0.0084	 100.00	1342.99
    474	400848	     46	   12.0	43526.0	43249.8	 0.0084	 100.00	1343.05
    475	400848	     46	    6.0	43528.0	43250.4	 0.0083	 100.00	1343.05
    476	400848	     46	   11.0	43529.0	43251.0	 0.0084	 100.00	1343.10
    477	400848	     46	   10.0	43527.0	43251.6	 0.0084	 100.00	1343.13
    478	400848	     46	   10.0	43529.0	43252.1	 0.0084	 100.00	1343.18
    479	400848	     46	    8.0	43529.0	43252.7	 0.0084	 100.00	1343.21
    480	400848	     46	    9.0	43526.0	43253.3	 0.0083	 100.00	1343.28
    481	400848	     46	    7.0	43531.0	43253.9	 0.0083	 100.00	1343.29
    482	400848	     46	   15.0	43526.0	43254.4	 0.0083	 100.00	1343.36
    483	400848	     46	    9.0	43529.0	43255.0	 0.0083	 100.00	1343.39
    484	400848	     46	   12.0	43525.0	43255.6	 0.0083	 100.00	1343.42
    485	400848	     46	    7.0	43532.0	43256.1	 0.0083	 100.00	1343.45
    486	400848	     46	    9.0	43531.0	43256.7	 0.0083	 100.00	1343.47
    487	400848	     46	   13.0	43532.0	43257.3	 0.0083	 100.00	1343.53
    488	400848	     46	    9.0	43527.0	43257.8	 0.0083	 100.00	1343.54
    489	400848	     46	    8.0	43527.0	43258.4	 0.0083	 100.00	1343.60
    490	400848	     46	    8.0	43531.0	43258.9	 0.0083	 100.00	1343.64
    491	400848	     46	    6.0	43533.0	43259.5	 0.0082	 100.00	1343.67
    492	400848	     46	   27.0	43520.0	43260.0	 0.0086	 100.00	1343.71
    493	400848	     46	    6.0	43522.0	43260.5	 0.0086	 100.00	1343.83
    494	400848	     46	    8.0	 1284.0	43175.7	 0.0086	 100.00	1343.99
    495	400848	     46	    8.0	 1284.0	43091.3	 0.0086	 100.00	1344.03
    496	400848	     46	    9.0	    8.0	43004.6	 0.0086	 100.00	1344.17
    497	400848	     46	   13.0	   13.0	42918.2	 0.0086	 100.00	1344.21
    498	400848	     46	    9.0	    9.0	42832.3	 0.0086	 100.00	1344.33
    499	400848	     46	    7.0	    6.0	42746.6	 0.0085	 100.00	1344.38
    500	400848	     46	   12.0	   12.0	42661.3	 0.0085	 100.00	1344.56
    501	400848	     46	    9.0	    9.0	42576.3	 0.0085	 100.00	1344.61
    502	400848	     46	   15.0	   15.0	42491.7	 0.0085	 100.00	1344.80
    503	400848	     46	    7.0	   12.0	42407.4	 0.0085	 100.00	1344.83
    504	400848	     46	    9.0	    9.0	42323.5	 0.0085	 100.00	1345.01
    505	400848	     46	    8.0	    9.0	42239.9	 0.0084	 100.00	1345.03
    506	400848	     46	   10.0	   10.0	42156.6	 0.0084	 100.00	1345.20
    507	400848	     46	   10.0	    8.0	42073.6	 0.0084	 100.00	1345.20
    508	400848	     46	   11.0	   10.0	41991.0	 0.0084	 100.00	1345.35
    509	400848	     46	    6.0	    8.0	41908.6	 0.0084	 100.00	1345.37
    510	400848	     46	   12.0	   12.0	41826.6	 0.0086	 100.00	1345.52
    511	400848	     46	    6.0	    6.0	41745.0	 0.0085	 100.00	1345.51
    512	400848	     46	   17.0	   12.0	41663.6	 0.0087	 100.00	1345.69
    513	400848	     46	    7.0	   13.0	41582.6	 0.0087	 100.00	1345.71
    514	400848	     46	    9.0	   14.0	41501.9	 0.0087	 100.00	1345.89
    515	400848	     46	   11.0	   11.0	41421.5	 0.0087	 100.00	1345.92
    516	400848	     46	   10.0	   11.0	41341.4	 0.0087	 100.00	1346.08
    517	400848	     46	    7.0	    8.0	41261.6	 0.0087	 100.00	1346.09
    518	400848	     46	   13.0	   13.0	41182.1	 0.0087	 100.00	1346.24
    519	400848	     46	    9.0	    8.0	41102.9	 0.0086	 100.00	1346.25
    520	400848	     46	   11.0	   11.0	41024.0	 0.0087	 100.00	1346.38
    521	400848	     46	    6.0	    9.0	40945.5	 0.0087	 100.00	1346.39
    522	400848	     46	    8.0	    8.0	40867.2	 0.0086	 100.00	1346.54
    523	400848	     46	   12.0	   10.0	40789.2	 0.0087	 100.00	1346.53
    524	400848	     46	   13.0	   15.0	40711.6	 0.0087	 100.00	1346.68
    525	400848	     46	    8.0	   11.0	40634.2	 0.0087	 100.00	1346.83
    526	400848	     46	    8.0	    8.0	40557.1	 0.0086	 100.00	1346.99
    527	400848	     46	    6.0	    6.0	40480.3	 0.0086	 100.00	1347.01
    528	400848	     46	   13.0	   13.0	40403.8	 0.0087	 100.00	1347.17
    529	400848	     46	    9.0	   12.0	40327.6	 0.0087	 100.00	1347.17
    530	400848	     46	   11.0	   13.0	40251.7	 0.0087	 100.00	1347.34
    531	400848	     46	    7.0	   10.0	40176.0	 0.0087	 100.00	1347.37
    532	400848	     46	   10.0	   11.0	40100.7	 0.0087	 100.00	1347.54
    533	400848	     46	   19.0	   16.0	40025.6	 0.0088	 100.00	1347.58
    534	400848	     46	    9.0	   16.0	39950.8	 0.0088	 100.00	1347.73
    535	400848	     46	    7.0	   13.0	39876.3	 0.0088	 100.00	1347.74
    536	400848	     46	   11.0	   11.0	39802.1	 0.0088	 100.00	1347.90
    537	400848	     46	    6.0	    9.0	39728.1	 0.0087	 100.00	1347.93
    538	400848	     46	   14.0	   14.0	39654.4	 0.0087	 100.00	1348.10
    539	400848	     46	    6.0	    8.0	39581.0	 0.0087	 100.00	1348.12
    540	400848	     46	   11.0	   11.0	39507.9	 0.0087	 100.00	1348.28
    541	400848	     46	    8.0	   11.0	39435.0	 0.0087	 100.00	1348.30
    542	400848	     46	   10.0	   10.0	39362.4	 0.0087	 100.00	1348.46
    543	400848	     46	   12.0	   10.0	39290.0	 0.0087	 100.00	1348.49
    544	400848	     46	    9.0	    9.0	39218.0	 0.0086	 100.00	1348.64
    545	400848	     46	    7.0	   10.0	39146.2	 0.0086	 100.00	1348.67
    546	400848	     46	   11.0	   11.0	39074.6	 0.0086	 100.00	1348.83
    547	400848	     46	    9.0	    6.0	39003.3	 0.0086	 100.00	1348.84
    548	400848	     46	   14.0	   14.0	38932.3	 0.0086	 100.00	1349.00
    549	400848	     46	    7.0	   13.0	38861.5	 0.0086	 100.00	1349.04
    550	400848	     46	    9.0	    9.0	38791.0	 0.0085	 100.00	1349.18
    551	400848	     46	   11.0	    6.0	38720.8	 0.0085	 100.00	1349.21
    552	400848	     46	    9.0	    9.0	38650.8	 0.0085	 100.00	1349.36
    553	400848	     46	   14.0	   15.0	38581.0	 0.0086	 100.00	1349.37
    554	400848	     46	    8.0	   11.0	38511.5	 0.0086	 100.00	1349.53
    555	400848	     46	    6.0	    9.0	38442.3	 0.0086	 100.00	1349.55
    556	400848	     46	   15.0	   14.0	38373.3	 0.0086	 100.00	1349.71
    557	400848	     46	    6.0	    8.0	38304.5	 0.0086	 100.00	1349.73
    558	400848	     46	    8.0	    8.0	38236.0	 0.0086	 100.00	1349.89
    559	400848	     46	   10.0	   10.0	38167.8	 0.0086	 100.00	1349.90
    560	400848	     46	    9.0	    9.0	38099.7	 0.0085	 100.00	1350.06
    561	400848	     46	   11.0	   10.0	38032.0	 0.0085	 100.00	1350.08
    562	400848	     46	    9.0	    9.0	37964.4	 0.0085	 100.00	1350.23
    563	400848	     46	    7.0	    6.0	37897.1	 0.0085	 100.00	1350.24
    564	400848	     46	   16.0	   16.0	37830.1	 0.0085	 100.00	1350.40
    565	400848	     46	    9.0	   13.0	37763.3	 0.0085	 100.00	1350.46
    566	400848	     46	   11.0	   11.0	37696.7	 0.0085	 100.00	1350.59
    567	400848	     46	    7.0	    8.0	37630.3	 0.0085	 100.00	1350.59
    568	400848	     46	    9.0	    9.0	37564.2	 0.0084	 100.00	1350.71
    569	400848	     46	   10.0	   11.0	37498.3	 0.0084	 100.00	1350.71
    570	400848	     46	   10.0	   10.0	37432.7	 0.0084	 100.00	1350.84
    571	400848	     46	    8.0	    6.0	37367.2	 0.0084	 100.00	1350.80
    572	400848	     46	   11.0	   11.0	37302.0	 0.0084	 100.00	1350.95
    573	400848	     46	    6.0	    9.0	37237.1	 0.0084	 100.00	1350.96
    574	400848	     46	   22.0	   22.0	37172.3	 0.0085	 100.00	1351.11
    575	400848	     46	    6.0	   16.0	37107.8	 0.0085	 100.00	1351.12
    576	400848	     46	   11.0	   16.0	37043.6	 0.0085	 100.00	1351.27
    577	400848	     46	    7.0	   17.0	36979.5	 0.0085	 100.00	1351.26
    578	400848	     46	    9.0	   10.0	36915.6	 0.0085	 100.00	1351.38
    579	400848	     46	   13.0	    7.0	36852.0	 0.0085	 100.00	1351.38
    580	400848	     46	   10.0	   10.0	36788.6	 0.0085	 100.00	1351.51
    581	400848	     46	    7.0	    9.0	36725.4	 0.0084	 100.00	1351.50
    582	400848	     46	   11.0	   11.0	36662.4	 0.0084	 100.00	1351.61
    583	400848	     46	    9.0	    6.0	36599.7	 0.0084	 100.00	1351.57
    584	400848	     46	   15.0	   14.0	36537.1	 0.0085	 100.00	1351.71
    585	400848	     46	    6.0	   12.0	36474.8	 0.0084	 100.00	1351.71
    586	400848	     46	    8.0	    8.0	36412.7	 0.0085	 100.00	1351.87
    587	400848	     46	    8.0	    8.0	36350.8	 0.0085	 100.00	1351.87
    588	400848	     46	   13.0	   16.0	36289.1	 0.0085	 100.00	1352.03
    589	400848	     46	   10.0	    8.0	36227.6	 0.0085	 100.00	1352.06
    590	400848	     46	    8.0	    9.0	36166.3	 0.0085	 100.00	1352.15
    591	400848	     46	    6.0	    5.0	36105.2	 0.0085	 100.00	1352.18
    592	400848	     46	   11.0	   11.0	36044.3	 0.0086	 100.00	1352.30
    593	400848	     46	    9.0	   10.0	35983.7	 0.0086	 100.00	1352.31
    594	400848	     46	   17.0	   17.0	35923.2	 0.0087	 100.00	1352.43
    595	400848	     46	    7.0	   14.0	35863.0	 0.0087	 100.00	1352.42
    596	400848	     46	   10.0	   14.0	35802.9	 0.0087	 100.00	1352.56
    597	400848	     46	   11.0	   11.0	35743.1	 0.0087	 100.00	1352.60
    598	400848	     46	    9.0	    9.0	35683.4	 0.0087	 100.00	1352.75
    599	400848	     46	    7.0	    6.0	35624.0	 0.0088	 100.00	1352.77
    600	400848	     46	   13.0	    9.0	35564.7	 0.0087	 100.00	1352.92
    601	400848	     46	    6.0	    9.0	35505.6	 0.0087	 100.00	1352.95
    602	400848	     46	   12.0	   12.0	35446.8	 0.0088	 100.00	1353.07
    603	400848	     46	    6.0	    6.0	35388.1	 0.0088	 100.00	1353.08
    604	400848	     46	   11.0	   11.0	35329.6	 0.0088	 100.00	1353.19
    605	400848	     46	   12.0	   15.0	35271.3	 0.0088	 100.00	1353.23
    606	400848	     46	   10.0	   12.0	35213.3	 0.0088	 100.00	1353.34
    607	400848	     46	    8.0	    8.0	35155.4	 0.0088	 100.00	1353.39
    608	400848	     46	    9.0	    9.0	35097.6	 0.0088	 100.00	1353.44
    609	400848	     46	    7.0	   10.0	35040.1	 0.0088	 100.00	1353.46
    610	400848	     46	   13.0	   14.0	34982.8	 0.0088	 100.00	1353.57
    611	400848	     46	    9.0	    9.0	34925.7	 0.0088	 100.00	1353.60
    612	400848	     46	   12.0	   12.0	34868.7	 0.0088	 100.00	1353.71
    613	400848	     46	    7.0	   11.0	34811.9	 0.0088	 100.00	1353.74
    614	400848	     46	    9.0	    9.0	34755.3	 0.0087	 100.00	1353.83
    615	400848	     46	   19.0	   14.0	34698.9	 0.0089	 100.00	1353.84
    616	400848	     46	    9.0	   14.0	34642.7	 0.0089	 100.00	1353.93
    617	400848	     46	    8.0	   14.0	34586.7	 0.0088	 100.00	1353.94
    618	400848	     46	    8.0	    8.0	34530.8	 0.0088	 100.00	1354.04
    619	400848	     46	    6.0	    6.0	34475.1	 0.0088	 100.00	1354.05
    620	400848	     46	   17.0	   17.0	34419.7	 0.0088	 100.00	1354.13
    621	400848	     46	    6.0	   11.0	34364.3	 0.0088	 100.00	1354.16
    622	400848	     46	    8.0	    8.0	34309.2	 0.0088	 100.00	1354.26
    623	400848	     46	    8.0	    8.0	34254.2	 0.0088	 100.00	1354.29
    624	400848	     46	    9.0	    8.0	34199.4	 0.0088	 100.00	1354.39
    625	400848	     46	   15.0	   15.0	34144.8	 0.0090	 100.00	1354.41
    626	400848	     46	    9.0	   12.0	34090.4	 0.0091	 100.00	1354.50
    627	400848	     46	    7.0	   11.0	34036.1	 0.0091	 100.00	1354.52
    628	400848	     46	   12.0	   12.0	33982.0	 0.0091	 100.00	1354.60
    629	400848	     46	    9.0	    9.0	33928.1	 0.0090	 100.00	1354.62
    630	400848	     46	   13.0	   13.0	33874.3	 0.0090	 100.00	1354.71
    631	400848	     46	    7.0	   10.0	33820.8	 0.0090	 100.00	1354.72
    632	400848	     46	    9.0	    9.0	33767.3	 0.0090	 100.00	1354.79
    633	400848	     46	    8.0	    9.0	33714.1	 0.0090	 100.00	1354.80
    634	400848	     46	   10.0	   10.0	33661.0	 0.0090	 100.00	1354.89
    635	400848	     46	   14.0	   12.0	33608.1	 0.0090	 100.00	1354.90
    636	400848	     46	   11.0	   11.0	33555.4	 0.0090	 100.00	1354.97
    637	400848	     46	    6.0	    9.0	33502.8	 0.0090	 100.00	1354.98
    638	400848	     46	   12.0	   12.0	33450.4	 0.0090	 100.00	1355.06
    639	400848	     46	    6.0	    6.0	33398.1	 0.0090	 100.00	1355.08
    640	400848	     46	   13.0	   13.0	33346.0	 0.0090	 100.00	1355.19
    641	400848	     46	    7.0	   14.0	33294.1	 0.0090	 100.00	1355.22
    642	400848	     46	    9.0	   10.0	33242.4	 0.0090	 100.00	1355.33
    643	400848	     46	   11.0	    7.0	33190.8	 0.0090	 100.00	1355.34
    644	400848	     46	   10.0	   10.0	33139.3	 0.0089	 100.00	1355.43
    645	400848	     46	    7.0	    9.0	33088.0	 0.0090	 100.00	1355.44
    646	400848	     46	   15.0	   12.0	33036.9	 0.0090	 100.00	1355.53
    647	400848	     46	    9.0	    7.0	32985.9	 0.0090	 100.00	1355.51
    648	400848	     46	   11.0	   12.0	32935.1	 0.0090	 100.00	1355.60
    649	400848	     46	    6.0	   10.0	32884.5	 0.0090	 100.00	1355.61
    650	400848	     46	    8.0	    8.0	32834.0	 0.0090	 100.00	1355.69
    651	400848	     46	   10.0	   10.0	32783.6	 0.0090	 100.00	1355.70
    652	400848	     46	   13.0	   13.0	32733.4	 0.0090	 100.00	1355.77
    653	400848	     46	    8.0	    9.0	32683.4	 0.0090	 100.00	1355.79
    654	400848	     46	    8.0	   10.0	32633.5	 0.0090	 100.00	1355.87
    655	400848	     46	    6.0	    8.0	32583.8	 0.0090	 100.00	1355.88
    656	400848	     46	   27.0	   25.0	32534.2	 0.0095	 100.00	1355.95
    657	400848	     46	    9.0	   24.0	32484.8	 0.0095	 100.00	1355.97
    658	400848	     46	   11.0	   27.0	32435.6	 0.0095	 100.00	1356.07
    659	400848	     46	    7.0	   24.0	32386.5	 0.0095	 100.00	1356.09
    660	400848	     46	   10.0	   10.0	32337.5	 0.0095	 100.00	1356.18
    661	400848	     46	   13.0	   11.0	32288.6	 0.0094	 100.00	1356.20
    662	400848	     46	    9.0	   10.0	32240.0	 0.0094	 100.00	1356.28
    663	400848	     46	    7.0	    7.0	32191.4	 0.0094	 100.00	1356.30
    664	400848	     46	   11.0	   11.0	32143.0	 0.0094	 100.00	1356.36
    665	400848	     46	    6.0	    9.0	32094.8	 0.0094	 100.00	1356.38
    666	400848	     46	   16.0	   10.0	32046.7	 0.0095	 100.00	1355.71
    667	400848	     46	    6.0	    4.0	31998.7	 0.0095	 100.00	1355.83
    668	400848	     46	   11.0	    0.0	31950.9	 0.0094	 +99.85	1356.59
    669	400848	     46	    8.0	    8.0	31903.2	 0.0094	  99.85	1356.14
    670	400848	     46	   10.0	   10.0	31855.7	 0.0094	  99.85	1356.05
    671	400848	     46	   10.0	    8.0	31808.3	 0.0094	  99.85	1355.93
    672	400848	     46	    9.0	    9.0	31761.0	 0.0094	  99.85	1355.85
    673	400848	     46	    7.0	    0.0	31713.9	 0.0094	 +99.70	1357.04
    674	400848	     46	   11.0	   11.0	31666.9	 0.0094	  99.70	1356.53
    675	400848	     46	    9.0	    9.0	31620.1	 0.0094	  99.70	1356.45
    676	400848	     46	   18.0	    0.0	31573.4	 0.0093	 +99.56	1357.14
    677	400848	     46	    7.0	    7.0	31526.8	 0.0093	  99.56	1356.63
    678	400848	     46	    9.0	    9.0	31480.4	 0.0093	  99.56	1356.53
    679	400848	     46	   11.0	    0.0	31434.1	 0.0093	 +99.41	1357.31
    680	400848	     46	    9.0	    9.0	31388.0	 0.0093	  99.41	1356.86
    681	400848	     46	   10.0	   10.0	31342.0	 0.0093	  99.41	1356.83
    682	400848	     46	    8.0	    0.0	31296.1	 0.0093	 +99.27	1358.11
    683	400848	     46	    6.0	    6.0	31250.3	 0.0093	  99.27	1357.62
    684	400848	     46	   15.0	   15.0	31204.7	 0.0092	  99.27	1357.07
    685	400848	     46	    6.0	    0.0	31159.2	 0.0092	 +99.13	1358.21
    686	400848	     46	    8.0	    8.0	31113.9	 0.0093	  99.13	1357.65
    687	400848	     46	   12.0	    8.0	31068.7	 0.0094	  99.13	1357.08
    688	400848	     46	    9.0	    8.0	31023.6	 0.0094	  99.13	1356.81
    689	400848	     46	   11.0	    0.0	30978.6	 0.0093	 +98.99	1358.21
    690	400848	     46	    9.0	    9.0	30933.8	 0.0093	  98.99	1357.70
    691	400848	     46	    7.0	    7.0	30889.1	 0.0093	  98.99	1357.61
    692	400848	     46	   14.0	    4.0	30844.6	 0.0094	  98.99	1357.50
    693	400848	     46	    9.0	    4.0	30800.1	 0.0094	  98.99	1356.94
    694	400848	     46	   11.0	   13.0	30755.8	 0.0095	  98.99	1356.80
    695	400848	     46	    7.0	    5.0	30711.7	 0.0095	  98.99	1356.75
    696	400848	     46	    9.0	    0.0	30667.6	 0.0094	 +98.85	1357.99
    697	400848	     46	   16.0	   16.0	30623.7	 0.0095	  98.85	1357.57
    698	400848	     46	   10.0	   12.0	30579.9	 0.0095	  98.86	1357.36
    699	400848	     46	    8.0	    8.0	30536.2	 0.0095	  98.86	1357.23
    700	400848	     46	   11.0	   11.0	30492.7	 0.0094	  98.86	1357.14
    701	400848	     46	    6.0	    0.0	30449.2	 0.0094	 +98.72	1358.19
    702	400848	     46	   14.0	   14.0	30405.9	 0.0094	  98.72	1357.70
    703	400848	     46	    6.0	    7.0	30362.8	 0.0094	  98.72	1357.61
    704	400848	     46	   11.0	    2.0	30319.7	 0.0095	  98.72	1356.77
    705	400848	     46	    7.0	    9.0	30276.8	 0.0095	  98.73	1356.60
    706	400848	     46	    9.0	    7.0	30233.9	 0.0094	  98.73	1356.51
    707	400848	     46	   15.0	    4.0	30191.2	 0.0095	  98.73	1355.90
    708	400848	     46	   10.0	   14.0	30148.7	 0.0095	  98.73	1355.78
    709	400848	     46	    7.0	   11.0	30106.2	 0.0095	  98.73	1355.66
    710	400848	     46	   11.0	    0.0	30063.9	 0.0095	 +98.59	1356.69
    711	400848	     46	    9.0	    9.0	30021.7	 0.0095	  98.60	1356.22
    712	400848	     46	   13.0	   13.0	29979.6	 0.0095	  98.60	1356.14
    713	400848	     46	    6.0	   11.0	29937.6	 0.0095	  98.60	1355.96
    714	400848	     46	    8.0	    9.0	29895.8	 0.0095	  98.60	1355.88
    715	400848	     46	    8.0	    2.0	29854.0	 0.0095	  98.60	1355.29
    716	400848	     46	   13.0	   13.0	29812.4	 0.0095	  98.61	1355.09
    717	400848	     46	   14.0	   15.0	29770.9	 0.0096	  98.61	1355.01
    718	400848	     46	    8.0	    3.0	29729.5	 0.0096	  98.61	1354.41
    719	400848	     46	    6.0	    9.0	29688.2	 0.0096	  98.61	1354.30
    720	400848	     46	   11.0	   11.0	29647.0	 0.0095	  98.61	1354.17
    721	400848	     46	    9.0	    0.0	29606.0	 0.0095	 +98.48	1355.19
    722	400848	     46	   13.0	   13.0	29565.1	 0.0095	  98.48	1354.74
    723	400848	     46	    7.0	    7.0	29524.2	 0.0095	  98.48	1354.67
    724	400848	     46	   10.0	    9.0	29483.5	 0.0095	  98.48	1354.50
    725	400848	     46	   11.0	   11.0	29442.9	 0.0095	  98.48	1354.44
    726	400848	     46	    9.0	    0.0	29402.4	 0.0095	 +98.35	1355.37
    727	400848	     46	    7.0	    7.0	29362.0	 0.0095	  98.35	1354.91
    728	400848	     46	   15.0	   15.0	29321.8	 0.0095	  98.35	1354.83
    729	400848	     46	    6.0	   13.0	29281.6	 0.0095	  98.36	1354.74
    730	400848	     46	   12.0	   14.0	29241.6	 0.0095	  98.36	1354.64
    731	400848	     46	    6.0	    2.0	29201.7	 0.0095	  98.36	1354.00
    732	400848	     46	   11.0	    9.0	29161.8	 0.0095	  98.36	1353.85
    733	400848	     46	   10.0	    8.0	29122.1	 0.0096	  98.37	1353.75
    734	400848	     46	   10.0	    4.0	29082.5	 0.0096	  98.37	1353.20
    735	400848	     46	    8.0	   12.0	29043.0	 0.0096	  98.37	1353.04
    736	400848	     46	    9.0	   10.0	29003.6	 0.0097	  98.37	1352.96
    737	400848	     46	    7.0	    3.0	28964.3	 0.0097	  98.37	1352.37
    738	400848	     46	   21.0	   18.0	28925.1	 0.0099	  98.38	1352.37
    739	400848	     46	    9.0	   15.0	28886.1	 0.0099	  98.38	1352.47
    740	400848	     46	   12.0	   15.0	28847.1	 0.0099	  98.38	1352.48
    741	400848	     46	    7.0	    8.0	28808.2	 0.0099	  98.38	1352.58
    742	400848	     46	    9.0	    7.0	28769.5	 0.0099	  98.38	1352.57
    743	400848	     46	   13.0	   13.0	28730.8	 0.0099	  98.39	1352.68
    744	400848	     46	    9.0	   12.0	28692.3	 0.0099	  98.39	1352.69
    745	400848	     46	    8.0	    9.0	28653.8	 0.0099	  98.39	1352.80
    746	400848	     46	    8.0	    9.0	28615.5	 0.0099	  98.39	1352.81
    747	400848	     46	    6.0	    6.0	28577.2	 0.0098	  98.40	1352.93
    748	400848	     46	   19.0	   13.0	28539.1	 0.0099	  98.40	1352.85
    749	400848	     46	    6.0	    8.0	28501.1	 0.0099	  98.40	1352.79
    750	400848	     46	    8.0	    0.0	28463.1	 0.0099	 +98.27	1353.65
    751	400848	     46	    8.0	    8.0	28425.3	 0.0098	  98.27	1353.21
    752	400848	     46	    9.0	    9.0	28387.5	 0.0098	  98.27	1353.11
    753	400848	     46	   13.0	   12.0	28349.9	 0.0098	  98.28	1352.97
    754	400848	     46	    9.0	    7.0	28312.4	 0.0098	  98.28	1352.55
    755	400848	     46	    7.0	   12.0	28274.9	 0.0098	  98.28	1352.04
