./asc:main.c:225: warning: auxv random bytes were not cleared
  Round	    PC	Excited	Hamming	   Loss	 Regret	    MSE	Logloss	 Misses	   MIPS
      0	400144	     31	    0.0	42323.0	42323.0	 0.0000	    inf	 100.00	   1.09
      1	400843	     31	    0.0	 1281.0	  640.5	 0.0000	    inf	 100.00	 219.90
      2	400843	     35	    9.0	   15.0	    5.0	 0.2488	27.6901	 100.00	 437.56
      3	400843	     37	   11.0	   12.0	    3.0	 0.2463	28.4344	 100.00	 521.82
      4	400843	     38	   10.0	   18.0	    6.0	 0.2579	30.1069	 100.00	 588.53
      5	400843	     38	    7.0	   13.0	    7.2	 0.2401	22.2589	 100.00	 628.02
      6	400843	     39	   13.0	   14.0	    8.1	 0.2508	27.3939	 100.00	 728.93
      7	400843	     39	    9.0	   15.0	    9.0	 0.2284	17.2742	 100.00	 730.62
      8	400843	     39	   11.0	   12.0	    9.3	 0.2063	10.1693	 100.00	 777.66
      9	400843	     39	    6.0	   14.0	    9.8	 0.1931	16.5833	 100.00	 814.02
     10	400843	     39	    8.0	   14.0	   10.2	 0.1806	13.6210	 100.00	 847.11
     11	400843	     40	   12.0	   10.0	   10.2	 0.2494	29.9894	 100.00	 898.74
     12	400843	     40	   13.0	   15.0	   10.5	 0.2397	24.8145	 100.00	 895.11
     13	400843	     40	    8.0	   15.0	   10.9	 0.2112	11.7066	 100.00	 920.59
     14	400843	     40	    8.0	   15.0	   11.1	 0.1921	10.1383	 100.00	 941.96
     15	400843	     40	    6.0	   17.0	   11.5	 0.1736	 8.6510	 100.00	 961.16
     16	400843	     40	   13.0	   10.0	   11.4	 0.1797	25.6746	 100.00	 978.71
     17	400843	     40	    9.0	   11.0	   11.4	 0.1740	13.3224	 100.00	 994.87
     18	400843	     40	   11.0	   16.0	   11.6	 0.1598	 4.7120	 100.00	1009.56
     19	400843	     40	    7.0	   11.0	   11.6	 0.1592	17.8757	 100.00	1024.25
     20	400843	     40	   10.0	   17.0	   11.9	 0.1552	 9.7145	 100.00	1037.00
     21	400843	     41	   17.0	   10.0	   11.8	 0.2496	30.9613	 100.00	1058.82
     22	400843	     41	    9.0	   19.0	   12.1	 0.2377	22.6559	 100.00	1056.95
     23	400843	     41	    7.0	   12.0	   12.1	 0.2071	10.3430	 100.00	1067.01
     24	400843	     41	   11.0	   11.0	   12.0	 0.2049	12.9950	 100.00	1078.09
     25	400843	     41	    6.0	   13.0	   12.1	 0.1878	13.3522	 100.00	1088.20
     26	400843	     41	   14.0	   13.0	   12.1	 0.1800	16.1706	 100.00	1096.97
     27	400843	     41	    6.0	   15.0	   12.2	 0.1679	 8.0976	 100.00	1104.55
     28	400843	     41	   11.0	   12.0	   12.2	 0.1661	14.4353	 100.00	1112.12
     29	400843	     41	    8.0	   12.0	   12.2	 0.1605	14.8529	 100.00	1119.06
     30	400843	     41	   10.0	   18.0	   12.4	 0.1530	 5.5504	 100.00	1125.95
     31	400843	     41	   12.0	   14.0	   12.4	 0.1538	14.3035	 100.00	1132.25
     32	400843	     41	    9.0	   15.0	   12.5	 0.1551	14.9053	 100.00	1138.42
     33	400843	     41	    7.0	    8.0	   12.4	 0.1529	17.9483	 100.00	1143.81
     34	400843	     41	   11.0	   15.0	   12.5	 0.1519	 7.7533	 100.00	1149.27
     35	400843	     41	    9.0	   14.0	   12.5	 0.1466	 3.3495	 100.00	1154.04
     36	400843	     41	   14.0	   14.0	   12.5	 0.1514	15.9782	 100.00	1158.94
     37	400843	     41	    7.0	    9.0	   12.4	 0.1493	 9.8876	 100.00	1163.69
     38	400843	     41	    9.0	   16.0	   12.5	 0.1442	 3.6120	 100.00	1168.03
     39	400843	     41	   11.0	   15.0	   12.6	 0.1416	 4.8967	 100.00	1171.62
     40	400843	     41	    9.0	   14.0	   12.6	 0.1433	11.9145	 100.00	1175.82
     41	400843	     42	   16.0	   12.0	   12.6	 0.2453	26.6246	 100.00	1181.76
     42	400843	     42	    8.0	   12.0	   12.6	 0.2409	27.5123	 100.00	1177.18
     43	400843	     42	    6.0	   14.0	   12.6	 0.2081	 9.8467	 100.00	1181.61
     44	400843	     42	   15.0	   17.0	   12.7	 0.1960	11.4366	 100.00	1183.49
     45	400843	     42	    6.0	   19.0	   12.9	 0.1821	12.6907	 100.00	1184.89
     46	400843	     42	    8.0	   19.0	   13.0	 0.1677	 8.8791	 100.00	1186.16
     47	400843	     42	   10.0	   15.0	   13.0	 0.1647	 9.5653	 100.00	1187.38
     48	400843	     42	    9.0	   14.0	   13.1	 0.1643	21.3274	 100.00	1188.47
     49	400843	     42	   11.0	   13.0	   13.1	 0.1599	11.2733	 100.00	1189.63
     50	400843	     42	    9.0	   20.0	   13.2	 0.1495	 5.4399	 100.00	1192.18
     51	400843	     42	    7.0	   15.0	   13.2	 0.1459	12.1772	 100.00	1195.11
     52	400843	     42	   16.0	   15.0	   13.3	 0.1519	36.9819	 100.00	1197.81
     53	400843	     42	    9.0	   14.0	   13.3	 0.1525	16.6663	 100.00	1200.57
     54	400843	     42	   11.0	   21.0	   13.4	 0.1442	 2.2372	 100.00	1202.87
     55	400843	     42	    7.0	   14.0	   13.4	 0.1460	13.8687	 100.00	1205.06
     56	400843	     42	    9.0	   15.0	   13.5	 0.1473	11.2136	 100.00	1207.41
     57	400843	     42	   10.0	   11.0	   13.4	 0.1465	 8.8186	 100.00	1209.60
     58	400843	     42	   10.0	   17.0	   13.5	 0.1445	 7.2725	 100.00	1211.73
     59	400843	     42	    8.0	   17.0	   13.5	 0.1405	 5.2512	 100.00	1213.86
     60	400843	     42	   11.0	   14.0	   13.5	 0.1425	13.7314	 100.00	1216.16
     61	400843	     42	    6.0	   16.0	   13.6	 0.1395	 5.2849	 100.00	1218.07
     62	400843	     42	   18.0	   16.0	   13.6	 0.1430	20.6568	 100.00	1220.19
     63	400843	     42	    6.0	   18.0	   13.7	 0.1399	 6.9746	 100.00	1222.27
     64	400843	     42	   11.0	   17.0	   13.7	 0.1406	10.3091	 100.00	1224.30
     65	400843	     42	    7.0	   10.0	   13.7	 0.1405	12.5163	 100.00	1226.23
     66	400843	     42	    9.0	   19.0	   13.8	 0.1373	 5.5503	 100.00	1228.17
     67	400843	     42	   13.0	   12.0	   13.7	 0.1371	12.1200	 100.00	1229.84
     68	400843	     42	   10.0	   18.0	   13.8	 0.1362	12.0533	 100.00	1231.50
     69	400843	     42	    7.0	   13.0	   13.8	 0.1350	 8.4960	 100.00	1233.07
     70	400843	     42	   11.0	   18.0	   13.8	 0.1338	10.7504	 100.00	1234.69
     71	400843	     42	    9.0	   19.0	   13.9	 0.1320	 6.4861	 100.00	1236.07
     72	400843	     42	   15.0	   12.0	   13.9	 0.1348	26.0653	 100.00	1237.63
     73	400843	     42	    6.0	   14.0	   13.9	 0.1327	 4.6066	 100.00	1238.81
     74	400843	     42	    8.0	   14.0	   13.9	 0.1317	11.8686	 100.00	1240.30
     75	400843	     42	    8.0	   14.0	   13.9	 0.1310	 6.8557	 100.00	1241.54
     76	400843	     42	   13.0	   19.0	   14.0	 0.1306	16.4237	 100.00	1242.91
     77	400843	     42	   10.0	   15.0	   14.0	 0.1317	10.8292	 100.00	1244.25
     78	400843	     42	    8.0	   15.0	   14.0	 0.1314	 6.3375	 100.00	1245.61
     79	400843	     42	    6.0	   17.0	   14.0	 0.1297	 2.3360	 100.00	1246.67
     80	400843	     42	   11.0	   14.0	   14.0	 0.1308	21.7577	 100.00	1247.92
     81	400843	     42	    9.0	   15.0	   14.0	 0.1298	 8.0970	 100.00	1249.06
     82	400843	     43	   21.0	   16.0	   14.1	 0.2514	30.2748	 100.00	1251.03
     83	400843	     43	    7.0	   11.0	   14.0	 0.2493	31.8177	 100.00	1248.29
     84	400843	     43	   10.0	   17.0	   14.1	 0.2299	15.0673	 100.00	1249.88
     85	400843	     43	   11.0	   14.0	   14.1	 0.2061	11.4083	 100.00	1249.45
     86	400843	     43	    9.0	   23.0	   14.2	 0.1829	 8.1172	 100.00	1249.40
     87	400843	     43	    7.0	   16.0	   14.2	 0.1703	11.6689	 100.00	1249.34
     88	400843	     43	   13.0	   11.0	   14.1	 0.1765	35.9417	 100.00	1249.34
     89	400843	     43	    6.0	   13.0	   14.1	 0.1708	11.7965	 100.00	1249.38
     90	400843	     43	   12.0	   17.0	   14.2	 0.1620	 5.8044	 100.00	1249.10
     91	400843	     43	    6.0	   19.0	   14.2	 0.1551	 8.5010	 100.00	1249.15
     92	400843	     43	   11.0	   16.0	   14.2	 0.1566	21.0987	 100.00	1249.77
     93	400843	     43	   12.0	   12.0	   14.2	 0.1576	18.7287	 100.00	1251.01
     94	400843	     43	   10.0	   18.0	   14.3	 0.1530	 6.6134	 100.00	1252.10
     95	400843	     43	    8.0	   18.0	   14.3	 0.1469	 5.4660	 100.00	1253.26
     96	400843	     43	    9.0	   19.0	   14.3	 0.1470	25.5139	 100.00	1254.22
     97	400843	     43	    7.0	   12.0	   14.3	 0.1453	15.5061	 100.00	1255.28
     98	400843	     43	   13.0	   15.0	   14.3	 0.1424	 8.6985	 100.00	1256.28
     99	400843	     43	    9.0	   14.0	   14.3	 0.1401	 9.2176	 100.00	1257.32
    100	400843	     43	   12.0	   18.0	   14.4	 0.1395	11.6166	 100.00	1258.27
    101	400843	     43	    7.0	   13.0	   14.3	 0.1377	11.7087	 100.00	1259.27
    102	400843	     43	    9.0	   20.0	   14.4	 0.1338	 3.4408	 100.00	1260.16
    103	400843	     43	   17.0	   15.0	   14.4	 0.1369	1.0e+02	 100.00	1261.12
    104	400843	     43	    9.0	   14.0	   14.4	 0.1463	47.7728	 100.00	1262.00
    105	400843	     43	    8.0	   14.0	   14.4	 0.1423	 1.7476	 100.00	1262.90
    106	400843	     43	    8.0	   14.0	   14.4	 0.1434	18.7516	 100.00	1263.72
    107	400843	     43	    6.0	   16.0	   14.4	 0.1409	 1.3891	 100.00	1264.59
    108	400843	     43	   17.0	   15.0	   14.4	 0.1449	42.6604	 100.00	1265.26
    109	400843	     43	    6.0	   17.0	   14.4	 0.1404	 1.3807	 100.00	1266.08
    110	400843	     43	    8.0	   17.0	   14.5	 0.1402	21.3227	 100.00	1266.88
    111	400843	     43	    8.0	   17.0	   14.5	 0.1375	15.6506	 100.00	1267.71
    112	400843	     43	    9.0	   16.0	   14.5	 0.1380	17.8919	 100.00	1268.48
    113	400843	     43	   15.0	   11.0	   14.5	 0.1412	10.6545	 100.00	1269.39
    114	400843	     43	    9.0	   18.0	   14.5	 0.1391	11.4522	 100.00	1269.97
    115	400843	     43	    7.0	   13.0	   14.5	 0.1378	25.8657	 100.00	1270.72
    116	400843	     43	   12.0	   17.0	   14.5	 0.1382	14.5172	 100.00	1271.47
    117	400843	     43	    9.0	   16.0	   14.5	 0.1362	 9.9269	 100.00	1272.22
    118	400843	     43	   13.0	   19.0	   14.6	 0.1360	15.8282	 100.00	1272.91
    119	400843	     43	    7.0	   12.0	   14.5	 0.1360	14.5496	 100.00	1273.48
    120	400843	     43	    9.0	   13.0	   14.5	 0.1355	12.2671	 100.00	1274.10
    121	400843	     43	    8.0	   13.0	   14.5	 0.1350	14.0480	 100.00	1274.67
    122	400843	     43	   10.0	   19.0	   14.5	 0.1334	 2.8448	 100.00	1275.26
    123	400843	     43	   16.0	   17.0	   14.6	 0.1367	23.3840	 100.00	1275.85
    124	400843	     43	   11.0	   14.0	   14.6	 0.1384	34.6191	 100.00	1276.40
    125	400843	     43	    6.0	   16.0	   14.6	 0.1358	 2.8279	 100.00	1277.28
    126	400843	     43	   12.0	   20.0	   14.6	 0.1353	 9.8945	 100.00	1277.89
    127	400843	     43	    6.0	   22.0	   14.7	 0.1337	 8.4375	 100.00	1278.46
    128	400843	     43	   13.0	   17.0	   14.7	 0.1351	 6.4714	 100.00	1279.02
    129	400843	     43	    7.0	   10.0	   14.7	 0.1360	 5.7153	 100.00	1279.57
    130	400843	     43	    9.0	   19.0	   14.7	 0.1345	 3.3781	 100.00	1280.09
    131	400843	     43	   11.0	   16.0	   14.7	 0.1332	 3.1883	 100.00	1280.63
    132	400843	     43	   10.0	   22.0	   14.8	 0.1338	 7.0414	 100.00	1281.16
    133	400843	     43	    7.0	   17.0	   14.8	 0.1336	 4.9724	 100.00	1281.62
    134	400843	     43	   15.0	   18.0	   14.8	 0.1345	31.6084	 100.00	1282.15
    135	400843	     43	    9.0	   19.0	   14.8	 0.1336	11.1700	 100.00	1282.90
    136	400843	     43	   11.0	   16.0	   14.8	 0.1340	19.4440	 100.00	1283.48
    137	400843	     43	    6.0	   18.0	   14.9	 0.1328	 6.1313	 100.00	1283.87
    138	400843	     43	    8.0	   18.0	   14.9	 0.1322	10.1340	 100.00	1284.41
    139	400843	     43	   10.0	   14.0	   14.9	 0.1321	 7.2008	 100.00	1284.81
    140	400843	     43	   13.0	   19.0	   14.9	 0.1329	22.9435	 100.00	1285.37
    141	400843	     43	    8.0	   19.0	   14.9	 0.1319	 7.9653	 100.00	1285.86
    142	400843	     43	    8.0	   19.0	   15.0	 0.1319	18.4084	 100.00	1286.35
    143	400843	     43	    6.0	   21.0	   15.0	 0.1300	 2.3973	 100.00	1286.77
    144	400843	     43	   17.0	   14.0	   15.0	 0.1327	21.3813	 100.00	1287.27
    145	400843	     43	    9.0	   15.0	   15.0	 0.1320	11.7395	 100.00	1287.73
    146	400843	     43	   11.0	   20.0	   15.0	 0.1313	 5.9353	 100.00	1288.21
    147	400843	     43	    7.0	   15.0	   15.0	 0.1310	 5.3605	 100.00	1288.64
    148	400843	     43	   10.0	   21.0	   15.1	 0.1312	12.8372	 100.00	1289.10
    149	400843	     43	   13.0	   14.0	   15.1	 0.1310	 4.8554	 100.00	1289.48
    150	400843	     43	    9.0	   23.0	   15.1	 0.1299	 1.2488	 100.00	1289.94
    151	400843	     43	    7.0	   16.0	   15.1	 0.1291	 2.4365	 100.00	1290.36
    152	400843	     43	   11.0	   15.0	   15.1	 0.1290	17.6697	 100.00	1290.84
    153	400843	     43	    6.0	   17.0	   15.1	 0.1280	 5.5105	 100.00	1291.21
    154	400843	     43	   16.0	   17.0	   15.1	 0.1290	12.1028	 100.00	1291.96
    155	400843	     43	    6.0	   19.0	   15.2	 0.1275	 2.0014	 100.00	1292.23
    156	400843	     43	   11.0	   16.0	   15.2	 0.1283	22.8072	 100.00	1292.68
    157	400843	     43	    8.0	   16.0	   15.2	 0.1280	18.6946	 100.00	1293.31
    158	400843	     43	   10.0	   22.0	   15.2	 0.1276	11.5729	 100.00	1293.72
    159	400843	     43	   10.0	   18.0	   15.2	 0.1278	37.1232	 100.00	1294.06
    160	400843	     43	    9.0	   19.0	   15.3	 0.1275	 7.8678	 100.00	1294.43
    161	400843	     43	    7.0	   12.0	   15.2	 0.1274	 9.1144	 100.00	1294.71
    162	400843	     43	   11.0	   19.0	   15.3	 0.1275	27.7171	 100.00	1295.06
    163	400843	     43	    9.0	   18.0	   15.3	 0.1267	10.3112	 100.00	1295.37
    164	400843	     44	   24.0	   16.0	   15.3	 0.2471	26.0869	 100.00	1295.84
    165	400843	     44	    7.0	   11.0	   15.3	 0.2562	34.7219	 100.00	1294.26
    166	400843	     44	    9.0	   18.0	   15.3	 0.2307	12.4799	 100.00	1294.30
    167	400843	     44	   11.0	   17.0	   15.3	 0.1973	 6.2653	 100.00	1294.08
    168	400843	     44	    9.0	   16.0	   15.3	 0.1988	17.5606	 100.00	1293.82
    169	400843	     44	   10.0	   12.0	   15.3	 0.1888	12.6782	 100.00	1293.69
    170	400843	     44	    8.0	   12.0	   15.3	 0.1839	20.4847	 100.00	1293.55
    171	400843	     44	    6.0	   14.0	   15.2	 0.1696	 5.6774	 100.00	1293.43
    172	400843	     44	   15.0	   17.0	   15.3	 0.1673	11.8846	 100.00	1293.54
    173	400843	     44	    6.0	   19.0	   15.3	 0.1602	15.5160	 100.00	1294.07
    174	400843	     44	    8.0	   19.0	   15.3	 0.1558	10.3360	 100.00	1294.62
    175	400843	     44	   12.0	   15.0	   15.3	 0.1546	12.5995	 100.00	1295.48
    176	400843	     44	    9.0	   14.0	   15.3	 0.1572	19.6796	 100.00	1295.84
    177	400843	     44	   11.0	   13.0	   15.3	 0.1512	 9.7503	 100.00	1296.17
    178	400843	     44	    9.0	   20.0	   15.3	 0.1460	 9.2180	 100.00	1296.37
    179	400843	     44	    7.0	   15.0	   15.3	 0.1420	12.1166	 100.00	1296.65
    180	400843	     44	   14.0	   15.0	   15.3	 0.1459	16.0736	 100.00	1296.93
    181	400843	     44	    9.0	   14.0	   15.3	 0.1422	 6.8752	 100.00	1297.24
    182	400843	     44	   11.0	   21.0	   15.3	 0.1394	 5.8316	 100.00	1297.56
    183	400843	     44	    7.0	   14.0	   15.3	 0.1378	24.3219	 100.00	1297.92
    184	400843	     44	    9.0	   15.0	   15.3	 0.1373	13.1482	 100.00	1298.18
    185	400843	     44	   14.0	   11.0	   15.3	 0.1396	23.0582	 100.00	1298.54
    186	400843	     44	   10.0	   17.0	   15.3	 0.1376	15.5297	 100.00	1298.88
    187	400843	     44	    8.0	   17.0	   15.3	 0.1370	 5.4604	 100.00	1299.14
    188	400843	     44	   11.0	   14.0	   15.3	 0.1379	10.0529	 100.00	1299.44
    189	400843	     44	    6.0	   16.0	   15.3	 0.1366	 8.1109	 100.00	1299.73
    190	400843	     44	   14.0	   16.0	   15.3	 0.1359	 8.2708	 100.00	1300.00
    191	400843	     44	    6.0	   18.0	   15.3	 0.1340	 4.6621	 100.00	1300.28
    192	400843	     44	   11.0	   17.0	   15.3	 0.1348	13.8720	 100.00	1300.56
    193	400843	     44	    7.0	   10.0	   15.3	 0.1353	10.9778	 100.00	1300.92
    194	400843	     44	    9.0	   19.0	   15.3	 0.1330	 4.4488	 100.00	1301.18
    195	400843	     44	   15.0	   12.0	   15.3	 0.1345	11.9127	 100.00	1301.57
    196	400843	     44	   10.0	   18.0	   15.3	 0.1346	13.2573	 100.00	1301.74
    197	400843	     44	    7.0	   13.0	   15.3	 0.1332	 6.1682	 100.00	1302.03
    198	400843	     44	   11.0	   18.0	   15.3	 0.1322	 7.1696	 100.00	1302.32
    199	400843	     44	    9.0	   19.0	   15.3	 0.1312	13.9377	 100.00	1302.62
    200	400843	     44	   13.0	   12.0	   15.3	 0.1320	12.6066	 100.00	1302.95
    201	400843	     44	    6.0	   14.0	   15.3	 0.1306	 9.8620	 100.00	1303.19
    202	400843	     44	    8.0	   14.0	   15.3	 0.1297	22.5975	 100.00	1303.46
    203	400843	     44	    8.0	   14.0	   15.3	 0.1293	 9.6561	 100.00	1303.74
    204	400843	     44	   13.0	   19.0	   15.3	 0.1283	 4.1518	 100.00	1304.03
    205	400843	     44	   16.0	   17.0	   15.3	 0.1330	35.4911	 100.00	1304.28
    206	400843	     44	    8.0	   17.0	   15.3	 0.1331	15.2178	 100.00	1304.54
    207	400843	     44	    6.0	   19.0	   15.4	 0.1312	 4.9248	 100.00	1304.69
    208	400843	     44	   11.0	   16.0	   15.4	 0.1316	11.6251	 100.00	1304.96
    209	400843	     44	    9.0	   17.0	   15.4	 0.1306	10.0700	 100.00	1305.17
    210	400843	     44	   13.0	   18.0	   15.4	 0.1298	 4.3094	 100.00	1305.42
    211	400843	     44	    7.0	   13.0	   15.4	 0.1299	12.4557	 100.00	1305.68
    212	400843	     44	   10.0	   19.0	   15.4	 0.1290	 4.6940	 100.00	1305.94
    213	400843	     44	   11.0	   16.0	   15.4	 0.1287	 9.9686	 100.00	1306.14
    214	400843	     44	    9.0	   25.0	   15.4	 0.1288	 4.5896	 100.00	1306.38
    215	400843	     44	    7.0	   18.0	   15.4	 0.1283	 6.5119	 100.00	1306.55
    216	400843	     44	   15.0	   13.0	   15.4	 0.1305	18.7399	 100.00	1306.80
    217	400843	     44	    6.0	   15.0	   15.4	 0.1317	17.4514	 100.00	1306.98
    218	400843	     44	   12.0	   19.0	   15.4	 0.1322	12.5417	 100.00	1307.23
    219	400843	     44	    6.0	   21.0	   15.5	 0.1307	 2.7063	 100.00	1307.37
    220	400843	     44	   11.0	   18.0	   15.5	 0.1310	 9.2424	 100.00	1307.63
    221	400843	     44	   10.0	   14.0	   15.5	 0.1319	 5.6920	 100.00	1307.83
    222	400843	     44	   10.0	   20.0	   15.5	 0.1318	 4.6786	 100.00	1308.10
    223	400843	     44	    8.0	   20.0	   15.5	 0.1305	 2.4641	 100.00	1308.31
    224	400843	     44	    9.0	   21.0	   15.5	 0.1305	 7.1352	 100.00	1308.57
    225	400843	     44	    7.0	   14.0	   15.5	 0.1300	 5.2749	 100.00	1308.77
    226	400843	     44	   17.0	   17.0	   15.5	 0.1304	10.9546	 100.00	1309.08
    227	400843	     44	    9.0	   16.0	   15.5	 0.1293	 2.5618	 100.00	1309.32
    228	400843	     44	   12.0	   20.0	   15.6	 0.1289	 4.6797	 100.00	1309.60
    229	400843	     44	    7.0	   15.0	   15.6	 0.1277	 7.4911	 100.00	1309.83
    230	400843	     44	    9.0	   22.0	   15.6	 0.1267	15.8022	 100.00	1310.12
    231	400843	     44	   13.0	   17.0	   15.6	 0.1262	32.6975	 100.00	1310.33
    232	400843	     44	    9.0	   16.0	   15.6	 0.1267	12.5974	 100.00	1310.61
    233	400843	     44	    8.0	   16.0	   15.6	 0.1264	 9.0258	 100.00	1310.85
    234	400843	     44	    8.0	   16.0	   15.6	 0.1260	 9.3391	 100.00	1311.12
    235	400843	     44	    6.0	   18.0	   15.6	 0.1251	 3.9969	 100.00	1311.53
    236	400843	     44	   19.0	   17.0	   15.6	 0.1266	26.4692	 100.00	1311.82
    237	400843	     44	    6.0	   19.0	   15.6	 0.1258	 4.3704	 100.00	1312.00
    238	400843	     44	    8.0	   19.0	   15.6	 0.1249	 1.6255	 100.00	1312.26
    239	400843	     44	    8.0	   19.0	   15.7	 0.1244	10.2948	 100.00	1312.48
    240	400843	     44	    9.0	   18.0	   15.7	 0.1244	 7.7618	 100.00	1312.72
    241	400843	     44	   13.0	   13.0	   15.7	 0.1248	 5.1643	 100.00	1312.92
    242	400843	     44	    9.0	   20.0	   15.7	 0.1245	10.9182	 100.00	1313.14
    243	400843	     44	    7.0	   15.0	   15.7	 0.1235	 5.6722	 100.00	1313.30
    244	400843	     44	   12.0	   19.0	   15.7	 0.1244	21.4042	 100.00	1313.51
    245	400843	     44	    9.0	   18.0	   15.7	 0.1239	15.5647	 100.00	1313.70
    246	400843	     44	   21.0	   21.0	   15.7	 0.1267	25.9728	 100.00	1313.92
    247	400843	     44	    7.0	   14.0	   15.7	 0.1261	 3.4358	 100.00	1314.04
    248	400843	     44	    9.0	   15.0	   15.7	 0.1257	 5.9285	 100.00	1314.21
    249	400843	     44	    8.0	   15.0	   15.7	 0.1256	12.0801	 100.00	1314.31
    250	400843	     44	   10.0	   21.0	   15.7	 0.1248	 6.7757	 100.00	1314.50
    251	400843	     44	   10.0	   17.0	   15.7	 0.1244	20.9707	 100.00	1314.65
    252	400843	     44	   11.0	   14.0	   15.7	 0.1240	 3.8995	 100.00	1314.83
    253	400843	     44	    6.0	   16.0	   15.7	 0.1234	 1.3090	 100.00	1315.12
    254	400843	     44	   12.0	   20.0	   15.7	 0.1230	 2.1995	 100.00	1315.30
    255	400843	     44	    6.0	   22.0	   15.8	 0.1221	 2.1966	 100.00	1315.40
    256	400843	     44	   15.0	   17.0	   15.8	 0.1225	11.7591	 100.00	1315.58
    257	400843	     44	    7.0	   10.0	   15.7	 0.1214	 1.6255	 100.00	1315.71
    258	400843	     44	    9.0	   19.0	   15.8	 0.1205	 2.3594	 100.00	1315.86
    259	400843	     44	   11.0	   16.0	   15.8	 0.1202	 3.5495	 100.00	1316.19
    260	400843	     44	   10.0	   22.0	   15.8	 0.1197	 9.8803	 100.00	1316.36
    261	400843	     44	    7.0	   17.0	   15.8	 0.1191	 1.6317	 100.00	1316.39
    262	400843	     44	   13.0	   18.0	   15.8	 0.1191	27.5800	 100.00	1316.49
    263	400843	     44	    9.0	   19.0	   15.8	 0.1181	 2.9360	 100.00	1316.61
    264	400843	     44	   11.0	   16.0	   15.8	 0.1181	 7.9358	 100.00	1316.77
    265	400843	     44	    6.0	   18.0	   15.8	 0.1179	 5.2380	 100.00	1316.85
    266	400843	     44	    8.0	   18.0	   15.8	 0.1173	12.3137	 100.00	1316.86
    267	400843	     44	   14.0	   14.0	   15.8	 0.1179	25.2234	 100.00	1316.96
    268	400843	     44	   13.0	   19.0	   15.8	 0.1175	 7.9005	 100.00	1317.23
    269	400843	     44	    8.0	   19.0	   15.8	 0.1170	 1.6546	 100.00	1317.38
    270	400843	     44	    8.0	   19.0	   15.9	 0.1162	 7.1556	 100.00	1317.46
    271	400843	     44	    6.0	   21.0	   15.9	 0.1152	 0.5485	 100.00	1317.51
    272	400843	     44	   13.0	   14.0	   15.9	 0.1156	 9.9270	 100.00	1317.51
    273	400843	     44	    9.0	   15.0	   15.9	 0.1149	 4.4052	 100.00	1317.53
    274	400843	     44	   11.0	   20.0	   15.9	 0.1147	11.4433	 100.00	1317.61
    275	400843	     44	    7.0	   15.0	   15.9	 0.1146	 2.1561	 100.00	1317.59
    276	400843	     44	   10.0	   21.0	   15.9	 0.1150	 6.5331	 100.00	1317.52
    277	400843	     44	   15.0	   14.0	   15.9	 0.1155	 9.4862	 100.00	1317.54
    278	400843	     44	    9.0	   23.0	   15.9	 0.1149	 2.9865	 100.00	1317.49
    279	400843	     44	    7.0	   16.0	   15.9	 0.1143	 2.1371	 100.00	1317.52
    280	400843	     44	   11.0	   15.0	   15.9	 0.1143	11.0895	 100.00	1317.54
    281	400843	     44	    6.0	   17.0	   15.9	 0.1135	 0.7822	 100.00	1317.60
    282	400843	     44	   14.0	   17.0	   15.9	 0.1135	 7.2738	 100.00	1317.62
    283	400843	     44	    6.0	   19.0	   15.9	 0.1128	 2.0653	 100.00	1317.69
    284	400843	     44	   11.0	   16.0	   15.9	 0.1133	 7.9771	 100.00	1317.33
    285	400843	     44	    8.0	   16.0	   15.9	 0.1126	 0.9781	 100.00	1316.96
    286	400843	     44	   10.0	   22.0	   16.0	 0.1123	 5.9858	 100.00	1315.92
    287	400843	     44	   16.0	   20.0	   16.0	 0.1128	28.2198	 100.00	1315.56
    288	400843	     44	    9.0	   21.0	   16.0	 0.1126	 4.2053	 100.00	1315.68
    289	400843	     44	    7.0	   14.0	   16.0	 0.1126	 5.8922	 100.00	1315.79
    290	400843	     44	   11.0	   21.0	   16.0	 0.1120	 3.8294	 100.00	1315.92
    291	400843	     44	    9.0	   20.0	   16.0	 0.1111	 2.2838	 100.00	1316.00
    292	400843	     44	   14.0	   20.0	   16.0	 0.1110	16.9866	 100.00	1316.15
    293	400843	     44	    7.0	   15.0	   16.0	 0.1105	 1.3783	 100.00	1316.26
    294	400843	     44	    9.0	   22.0	   16.0	 0.1099	 1.0964	 100.00	1316.39
    295	400843	     44	   11.0	   21.0	   16.1	 0.1096	19.4176	 100.00	1316.45
    296	400843	     44	    9.0	   20.0	   16.1	 0.1091	 9.4987	 100.00	1316.59
    297	400843	     44	   12.0	   16.0	   16.1	 0.1097	13.4964	 100.00	1316.67
    298	400843	     44	    8.0	   16.0	   16.1	 0.1096	16.0425	 100.00	1316.98
    299	400843	     44	    6.0	   18.0	   16.1	 0.1090	 0.6949	 100.00	1317.30
    300	400843	     44	   15.0	   21.0	   16.1	 0.1089	 2.7865	 100.00	1317.64
    301	400843	     44	    6.0	   23.0	   16.1	 0.1084	 0.9437	 100.00	1317.92
    302	400843	     44	    8.0	   23.0	   16.1	 0.1087	12.5872	 100.00	1318.02
    303	400843	     44	   10.0	   19.0	   16.1	 0.1085	 3.7104	 100.00	1316.55
    304	400843	     44	    9.0	   18.0	   16.2	 0.1081	 3.7556	 100.00	1315.45
    305	400843	     44	   11.0	   17.0	   16.2	 0.1077	 3.4039	 100.00	1314.42
    306	400843	     44	    9.0	   24.0	   16.2	 0.1072	11.5835	 100.00	1314.09
    307	400843	     44	    7.0	   19.0	   16.2	 0.1068	 1.1359	 100.00	1314.26
    308	400843	     44	   18.0	   19.0	   16.2	 0.1076	28.5499	 100.00	1314.43
    309	400843	     44	    9.0	   18.0	   16.2	 0.1069	 1.0316	 100.00	1314.61
    310	400843	     44	   11.0	   25.0	   16.2	 0.1062	 0.9268	 100.00	1314.77
    311	400843	     44	    7.0	   18.0	   16.2	 0.1056	 2.0691	 100.00	1314.94
    312	400843	     44	    9.0	   19.0	   16.2	 0.1057	20.5892	 100.00	1315.06
    313	400843	     44	   10.0	   15.0	   16.2	 0.1056	 4.2322	 100.00	1315.23
    314	400843	     44	   10.0	   21.0	   16.3	 0.1055	 4.9113	 100.00	1315.40
    315	400843	     44	    8.0	   21.0	   16.3	 0.1049	 0.9356	 100.00	1315.57
    316	400843	     44	   11.0	   18.0	   16.3	 0.1042	 2.5712	 100.00	1315.71
    317	400843	     44	    6.0	   20.0	   16.3	 0.1037	 0.5965	 100.00	1315.86
    318	400843	     44	   16.0	   20.0	   16.3	 0.1042	 7.3736	 100.00	1315.98
    319	400843	     44	    6.0	   22.0	   16.3	 0.1036	 0.5275	 100.00	1316.15
    320	400843	     44	   11.0	   21.0	   16.3	 0.1043	26.1729	 100.00	1316.29
    321	400843	     44	    7.0	   14.0	   16.3	 0.1043	 5.7638	 100.00	1316.44
    322	400843	     44	    9.0	   23.0	   16.3	 0.1039	 4.5110	 100.00	1316.57
    323	400843	     44	   13.0	   16.0	   16.3	 0.1045	16.5439	 100.00	1316.73
    324	400843	     44	   10.0	   22.0	   16.4	 0.1043	 6.7406	 100.00	1316.82
    325	400843	     44	    7.0	   17.0	   16.4	 0.1039	 0.9022	 100.00	1316.98
    326	400843	     44	   11.0	   22.0	   16.4	 0.1038	 4.2039	 100.00	1317.09
    327	400843	     44	    9.0	   23.0	   16.4	 0.1035	 4.2648	 100.00	1317.26
    328	400843	     45	   25.0	   12.0	   16.4	 0.2489	31.7506	 100.00	1317.32
    329	400843	     45	    6.0	   14.0	   16.4	 0.2529	31.9013	 100.00	1316.20
    330	400843	     45	    8.0	   14.0	   16.4	 0.2282	13.5000	 100.00	1316.03
    331	400843	     45	    8.0	   14.0	   16.4	 0.1984	 8.3398	 100.00	1315.78
    332	400843	     45	   13.0	   19.0	   16.4	 0.1903	15.6610	 100.00	1315.61
    333	400843	     45	   10.0	   15.0	   16.4	 0.1795	12.5946	 100.00	1315.40
    334	400843	     45	    8.0	   15.0	   16.4	 0.1727	17.1546	 100.00	1315.23
    335	400843	     45	    6.0	   17.0	   16.4	 0.1616	 3.4203	 100.00	1315.31
    336	400843	     45	   11.0	   14.0	   16.4	 0.1631	13.0162	 100.00	1315.49
    337	400843	     45	    9.0	   15.0	   16.4	 0.1577	 8.1802	 100.00	1315.67
    338	400843	     45	   15.0	   16.0	   16.4	 0.1568	12.2922	 100.00	1315.85
    339	400843	     45	    7.0	   11.0	   16.3	 0.1557	14.7391	 100.00	1316.00
    340	400843	     45	   10.0	   17.0	   16.3	 0.1506	 9.0291	 100.00	1316.17
    341	400843	     45	   11.0	   14.0	   16.3	 0.1481	11.1413	 100.00	1316.25
    342	400843	     45	    9.0	   23.0	   16.4	 0.1416	 5.0499	 100.00	1316.41
    343	400843	     45	    7.0	   16.0	   16.4	 0.1390	11.2240	 100.00	1316.49
    344	400843	     45	   13.0	   11.0	   16.3	 0.1420	21.9498	 100.00	1316.62
    345	400843	     45	    6.0	   13.0	   16.3	 0.1400	 8.8878	 100.00	1316.75
    346	400843	     45	   12.0	   17.0	   16.3	 0.1372	 5.6606	 100.00	1316.83
    347	400843	     45	    6.0	   19.0	   16.3	 0.1349	 8.5509	 100.00	1316.95
    348	400843	     45	   11.0	   16.0	   16.3	 0.1347	12.5497	 100.00	1317.07
    349	400843	     45	   14.0	   12.0	   16.3	 0.1382	26.5686	 100.00	1317.17
    350	400843	     45	   10.0	   18.0	   16.3	 0.1354	 7.1895	 100.00	1317.27
    351	400843	     45	    8.0	   18.0	   16.3	 0.1326	 4.3368	 100.00	1317.37
    352	400843	     45	    9.0	   19.0	   16.3	 0.1328	17.1080	 100.00	1317.44
    353	400843	     45	    7.0	   12.0	   16.3	 0.1323	13.8356	 100.00	1317.53
    354	400843	     45	   13.0	   15.0	   16.3	 0.1313	 8.2157	 100.00	1317.63
    355	400843	     45	    9.0	   14.0	   16.3	 0.1298	 6.7821	 100.00	1317.72
    356	400843	     45	   12.0	   18.0	   16.3	 0.1299	 8.7068	 100.00	1317.82
    357	400843	     45	    7.0	   13.0	   16.3	 0.1290	26.1950	 100.00	1317.93
    358	400843	     45	    9.0	   20.0	   16.3	 0.1278	 5.2603	 100.00	1317.98
    359	400843	     45	   15.0	   15.0	   16.3	 0.1290	13.7554	 100.00	1318.08
    360	400843	     45	    9.0	   14.0	   16.3	 0.1304	11.0943	 100.00	1318.14
    361	400843	     45	    8.0	   14.0	   16.3	 0.1284	 4.5578	 100.00	1318.24
    362	400843	     45	    8.0	   14.0	   16.3	 0.1280	10.8214	 100.00	1318.31
    363	400843	     45	    6.0	   16.0	   16.3	 0.1263	 3.8523	 100.00	1318.40
    364	400843	     45	   17.0	   15.0	   16.3	 0.1277	14.7853	 100.00	1318.42
    365	400843	     45	    6.0	   17.0	   16.3	 0.1261	 3.7156	 100.00	1318.51
    366	400843	     45	    8.0	   17.0	   16.3	 0.1250	10.3128	 100.00	1318.55
    367	400843	     45	    8.0	   17.0	   16.3	 0.1241	 6.8345	 100.00	1318.65
    368	400843	     45	    9.0	   16.0	   16.3	 0.1237	 8.4945	 100.00	1318.74
    369	400843	     45	   19.0	   13.0	   16.3	 0.1267	59.8520	 100.00	1318.87
    370	400843	     45	    9.0	   20.0	   16.3	 0.1257	 5.2205	 100.00	1318.89
    371	400843	     45	    7.0	   15.0	   16.3	 0.1245	 7.3171	 100.00	1318.98
    372	400843	     45	   12.0	   19.0	   16.3	 0.1246	 5.7724	 100.00	1319.07
    373	400843	     45	    9.0	   18.0	   16.3	 0.1233	10.1797	 100.00	1319.20
    374	400843	     45	   13.0	   21.0	   16.3	 0.1232	10.3683	 100.00	1319.31
    375	400843	     45	    7.0	   14.0	   16.3	 0.1235	 7.5278	 100.00	1319.43
    376	400843	     45	    9.0	   15.0	   16.3	 0.1235	10.6115	 100.00	1319.51
    377	400843	     45	    8.0	   15.0	   16.3	 0.1224	 3.1689	 100.00	1319.63
    378	400843	     45	   10.0	   21.0	   16.3	 0.1213	 9.7502	 100.00	1319.75
    379	400843	     45	   12.0	   17.0	   16.3	 0.1222	11.5916	 100.00	1319.87
    380	400843	     45	   11.0	   14.0	   16.3	 0.1227	12.3761	 100.00	1319.98
    381	400843	     45	    6.0	   16.0	   16.3	 0.1222	 5.6154	 100.00	1320.10
    382	400843	     45	   12.0	   20.0	   16.3	 0.1218	 5.7396	 100.00	1320.18
    383	400843	     45	    6.0	   22.0	   16.3	 0.1202	 0.8921	 100.00	1320.30
    384	400843	     45	   13.0	   17.0	   16.3	 0.1218	22.7467	 100.00	1320.39
    385	400843	     45	    7.0	   10.0	   16.3	 0.1218	 9.2113	 100.00	1320.54
    386	400843	     45	    9.0	   19.0	   16.3	 0.1207	 3.3095	 100.00	1320.63
    387	400843	     45	   11.0	   16.0	   16.3	 0.1202	 5.6055	 100.00	1320.74
    388	400843	     45	   10.0	   22.0	   16.3	 0.1206	 9.8373	 100.00	1320.81
    389	400843	     45	    7.0	   17.0	   16.4	 0.1196	 4.7432	 100.00	1320.92
    390	400843	     45	   17.0	   18.0	   16.4	 0.1215	21.4717	 100.00	1321.04
    391	400843	     45	    9.0	   19.0	   16.4	 0.1201	 3.6316	 100.00	1321.17
    392	400843	     45	   11.0	   16.0	   16.4	 0.1193	 3.0621	 100.00	1321.28
    393	400843	     45	    6.0	   18.0	   16.4	 0.1182	 5.6955	 100.00	1321.40
    394	400843	     45	    8.0	   18.0	   16.4	 0.1173	 9.0761	 100.00	1321.42
    395	400843	     45	   10.0	   14.0	   16.4	 0.1175	 5.4346	 100.00	1321.48
    396	400843	     45	   13.0	   19.0	   16.4	 0.1170	 4.9579	 100.00	1321.56
    397	400843	     45	    8.0	   19.0	   16.4	 0.1163	 3.6615	 100.00	1321.64
    398	400843	     45	    8.0	   19.0	   16.4	 0.1154	 4.5201	 100.00	1321.71
    399	400843	     45	    6.0	   21.0	   16.4	 0.1143	 4.8864	 100.00	1321.75
    400	400843	     45	   15.0	   14.0	   16.4	 0.1151	19.3954	 100.00	1321.82
    401	400843	     45	    9.0	   15.0	   16.4	 0.1160	 6.7029	 100.00	1321.89
    402	400843	     45	   11.0	   20.0	   16.4	 0.1155	 3.4699	 100.00	1321.97
    403	400843	     45	    7.0	   15.0	   16.4	 0.1144	 5.2055	 100.00	1322.05
    404	400843	     45	   10.0	   21.0	   16.4	 0.1138	10.0665	 100.00	1322.12
    405	400843	     45	   13.0	   14.0	   16.4	 0.1139	 3.6456	 100.00	1322.10
    406	400843	     45	    9.0	   23.0	   16.4	 0.1132	12.0605	 100.00	1322.18
    407	400843	     45	    7.0	   16.0	   16.4	 0.1124	 3.4913	 100.00	1322.25
    408	400843	     45	   11.0	   15.0	   16.4	 0.1119	 5.1069	 100.00	1322.32
    409	400843	     45	    6.0	   17.0	   16.4	 0.1112	 8.2510	 100.00	1322.35
    410	400843	     45	   22.0	   17.0	   16.4	 0.1145	41.0244	 100.00	1322.43
    411	400843	     45	    6.0	   19.0	   16.4	 0.1139	 5.3660	 100.00	1322.45
    412	400843	     45	   11.0	   16.0	   16.4	 0.1137	 4.5687	 100.00	1322.52
    413	400843	     45	    8.0	   16.0	   16.4	 0.1127	 1.9030	 100.00	1322.60
    414	400843	     45	   10.0	   22.0	   16.4	 0.1125	 7.8146	 100.00	1322.67
    415	400843	     45	   10.0	   18.0	   16.4	 0.1115	 1.7731	 100.00	1322.69
    416	400843	     45	    9.0	   19.0	   16.4	 0.1119	 8.1156	 100.00	1322.77
    417	400843	     45	    7.0	   12.0	   16.4	 0.1124	 9.0839	 100.00	1322.81
    418	400843	     45	   11.0	   19.0	   16.4	 0.1120	 7.3942	 100.00	1322.88
    419	400843	     45	    9.0	   18.0	   16.4	 0.1108	 2.0973	 100.00	1322.95
    420	400843	     45	   16.0	   18.0	   16.4	 0.1112	14.5736	 100.00	1323.05
    421	400843	     45	    7.0	   13.0	   16.4	 0.1104	 1.6311	 100.00	1323.14
    422	400843	     45	    9.0	   20.0	   16.4	 0.1107	 6.3189	 100.00	1323.25
    423	400843	     45	   11.0	   19.0	   16.4	 0.1104	10.4371	 100.00	1323.30
    424	400843	     45	    9.0	   18.0	   16.5	 0.1098	 5.2179	 100.00	1323.41
    425	400843	     45	   10.0	   14.0	   16.4	 0.1099	 2.9775	 100.00	1323.50
    426	400843	     45	    8.0	   14.0	   16.4	 0.1097	 3.8083	 100.00	1323.61
    427	400843	     45	    6.0	   16.0	   16.4	 0.1090	 3.7903	 100.00	1323.70
    428	400843	     45	   15.0	   19.0	   16.4	 0.1086	18.6747	 100.00	1323.81
    429	400843	     45	    6.0	   21.0	   16.5	 0.1079	 4.6911	 100.00	1323.88
    430	400843	     45	    8.0	   21.0	   16.5	 0.1075	 5.2365	 100.00	1323.99
    431	400843	     45	   14.0	   17.0	   16.5	 0.1081	 9.2586	 100.00	1324.08
    432	400843	     45	    9.0	   16.0	   16.5	 0.1077	 3.2910	 100.00	1324.18
    433	400843	     45	   11.0	   15.0	   16.5	 0.1073	19.0685	 100.00	1324.27
    434	400843	     45	    9.0	   22.0	   16.5	 0.1067	 2.2183	 100.00	1324.37
    435	400843	     45	    7.0	   17.0	   16.5	 0.1072	13.6290	 100.00	1324.43
    436	400843	     45	   14.0	   17.0	   16.5	 0.1079	50.7958	 100.00	1324.52
    437	400843	     45	    9.0	   16.0	   16.5	 0.1079	 2.6689	 100.00	1324.60
    438	400843	     45	   11.0	   23.0	   16.5	 0.1075	 4.7458	 100.00	1324.70
    439	400843	     45	    7.0	   16.0	   16.5	 0.1077	 2.9263	 100.00	1324.78
    440	400843	     45	    9.0	   17.0	   16.5	 0.1075	22.2949	 100.00	1324.88
    441	400843	     45	   12.0	   13.0	   16.5	 0.1079	24.2662	 100.00	1324.93
    442	400843	     45	   10.0	   19.0	   16.5	 0.1075	 7.5613	 100.00	1325.03
    443	400843	     45	    8.0	   19.0	   16.5	 0.1069	 0.4468	 100.00	1325.10
    444	400843	     45	   11.0	   16.0	   16.5	 0.1065	 1.5226	 100.00	1325.20
    445	400843	     45	    6.0	   18.0	   16.5	 0.1061	10.5606	 100.00	1325.26
    446	400843	     45	   14.0	   18.0	   16.5	 0.1060	18.7834	 100.00	1325.35
    447	400843	     45	    6.0	   20.0	   16.5	 0.1057	 7.0903	 100.00	1325.35
    448	400843	     45	   11.0	   19.0	   16.5	 0.1053	 5.6904	 100.00	1325.39
    449	400843	     45	    7.0	   12.0	   16.5	 0.1050	 6.8192	 100.00	1325.44
    450	400843	     45	    9.0	   21.0	   16.5	 0.1047	 9.0402	 100.00	1325.50
    451	400843	     45	   19.0	   16.0	   16.5	 0.1064	36.8794	 100.00	1325.56
    452	400843	     45	   10.0	   22.0	   16.5	 0.1058	 8.2430	 100.00	1325.59
    453	400843	     45	    7.0	   17.0	   16.5	 0.1057	 3.1022	 100.00	1325.68
    454	400843	     45	   11.0	   22.0	   16.5	 0.1054	 1.7744	 100.00	1325.77
    455	400843	     45	    9.0	   23.0	   16.6	 0.1049	 1.5461	 100.00	1325.84
    456	400843	     45	   13.0	   16.0	   16.6	 0.1054	16.9257	 100.00	1325.93
    457	400843	     45	    6.0	   18.0	   16.6	 0.1048	 5.0117	 100.00	1326.01
    458	400843	     45	    8.0	   18.0	   16.6	 0.1044	12.3238	 100.00	1326.03
    459	400843	     45	    8.0	   18.0	   16.6	 0.1038	 0.4860	 100.00	1326.08
    460	400843	     45	   13.0	   23.0	   16.6	 0.1035	 4.3562	 100.00	1326.12
    461	400843	     45	   12.0	   19.0	   16.6	 0.1036	30.0834	 100.00	1326.18
    462	400843	     45	    8.0	   19.0	   16.6	 0.1031	 5.9256	 100.00	1326.22
    463	400843	     45	    6.0	   21.0	   16.6	 0.1027	15.1883	 100.00	1326.28
    464	400843	     45	   11.0	   18.0	   16.6	 0.1026	 3.8770	 100.00	1326.29
    465	400843	     45	    9.0	   19.0	   16.6	 0.1022	 2.0370	 100.00	1326.34
    466	400843	     45	   13.0	   20.0	   16.6	 0.1026	 8.6964	 100.00	1326.36
    467	400843	     45	    7.0	   15.0	   16.6	 0.1019	 2.1451	 100.00	1326.40
    468	400843	     45	   10.0	   21.0	   16.6	 0.1018	 4.2998	 100.00	1326.43
    469	400843	     45	   11.0	   18.0	   16.6	 0.1017	 4.1706	 100.00	1326.46
    470	400843	     45	    9.0	   27.0	   16.6	 0.1012	 2.9761	 100.00	1326.49
    471	400843	     45	    7.0	   20.0	   16.6	 0.1006	 2.9919	 100.00	1326.55
    472	400843	     45	   17.0	   15.0	   16.6	 0.1013	 4.7987	 100.00	1326.60
    473	400843	     45	    6.0	   17.0	   16.6	 0.1009	 8.5713	 100.00	1326.65
    474	400843	     45	   12.0	   21.0	   16.7	 0.1010	 9.1355	 100.00	1326.69
    475	400843	     45	    6.0	   23.0	   16.7	 0.1005	 1.7172	 100.00	1326.74
    476	400843	     45	   11.0	   20.0	   16.7	 0.1004	 2.7993	 100.00	1326.77
    477	400843	     45	   10.0	   16.0	   16.7	 0.1000	10.8229	 100.00	1326.83
    478	400843	     45	   10.0	   22.0	   16.7	 0.0996	 3.0004	 100.00	1326.87
    479	400843	     45	    8.0	   22.0	   16.7	 0.0989	 0.5689	 100.00	1326.93
    480	400843	     45	    9.0	   23.0	   16.7	 0.0993	15.1629	 100.00	1326.97
    481	400843	     45	    7.0	   16.0	   16.7	 0.0987	 2.6408	 100.00	1327.02
    482	400843	     45	   15.0	   19.0	   16.7	 0.0988	 5.0638	 100.00	1327.05
    483	400843	     45	    9.0	   18.0	   16.7	 0.0989	 1.4760	 100.00	1327.11
    484	400843	     45	   12.0	   22.0	   16.7	 0.0991	24.3527	 100.00	1327.15
    485	400843	     45	    7.0	   17.0	   16.7	 0.0987	 1.2211	 100.00	1327.19
    486	400843	     45	    9.0	   24.0	   16.7	 0.0987	 7.4302	 100.00	1327.23
    487	400843	     45	   13.0	   19.0	   16.7	 0.0988	21.2505	 100.00	1327.30
    488	400843	     45	    9.0	   18.0	   16.7	 0.0988	14.5329	 100.00	1327.31
    489	400843	     45	    8.0	   18.0	   16.8	 0.0984	 2.1979	 100.00	1327.40
    490	400843	     45	    8.0	   18.0	   16.8	 0.0982	13.3586	 100.00	1327.46
    491	400843	     45	    6.0	    6.0	   16.7	 0.0979	 4.1497	 100.00	1327.66
    492	400843	     45	   27.0	   21.0	   16.7	 0.0992	 6.1551	 100.00	1327.71
    493	400843	     45	    6.0	   24.0	   16.8	 0.0988	 5.3500	 100.00	1327.88
    494	400843	     45	    8.0	   20.0	   16.8	 0.0995	14.4340	 100.00	1327.87
    495	400843	     45	    8.0	   21.0	   16.8	 0.0989	 0.5762	 100.00	1328.11
    496	400843	     45	    9.0	   18.0	   16.8	 0.0992	 6.3491	 100.00	1328.21
    497	400843	     45	   13.0	    7.0	   16.8	 0.0990	15.9377	 100.00	1328.45
    498	400843	     45	    9.0	   10.0	   16.7	 0.0986	 1.7077	 100.00	1328.56
    499	400843	     45	    7.0	   10.0	   16.7	 0.0983	 1.8687	 100.00	1328.80
    500	400843	     45	   12.0	   10.0	   16.7	 0.0980	 4.8720	 100.00	1328.90
    501	400843	     45	    9.0	   10.0	   16.7	 0.0977	 1.3780	 100.00	1329.13
    502	400843	     45	   15.0	   11.0	   16.7	 0.0977	20.3237	 100.00	1329.24
    503	400843	     45	    7.0	   14.0	   16.7	 0.0972	 1.0692	 100.00	1329.47
    504	400843	     45	    9.0	   15.0	   16.7	 0.0974	 7.9390	 100.00	1329.56
    505	400843	     45	    8.0	    5.0	   16.7	 0.0969	 0.5114	 100.00	1329.79
    506	400843	     45	   10.0	    9.0	   16.6	 0.0966	13.1422	 100.00	1329.88
    507	400843	     45	   10.0	   11.0	   16.6	 0.0965	 3.8027	 100.00	1330.11
    508	400843	     45	   11.0	   10.0	   16.6	 0.0960	 2.8335	 100.00	1330.21
    509	400843	     45	    6.0	    9.0	   16.6	 0.0958	22.5572	 100.00	1330.44
    510	400843	     45	   12.0	    7.0	   16.6	 0.0954	 1.4514	 100.00	1330.54
    511	400843	     45	    6.0	   10.0	   16.6	 0.0953	10.0337	 100.00	1330.77
    512	400843	     45	   17.0	   13.0	   16.6	 0.0965	23.9361	 100.00	1330.85
    513	400843	     45	    7.0	    9.0	   16.5	 0.0961	 0.6326	 100.00	1331.08
    514	400843	     45	    9.0	   10.0	   16.5	 0.0960	12.8883	 100.00	1331.18
    515	400843	     45	   11.0	    7.0	   16.5	 0.0956	 1.1578	 100.00	1331.42
    516	400843	     45	   10.0	    7.0	   16.5	 0.0954	 9.8010	 100.00	1331.55
    517	400843	     45	    7.0	    7.0	   16.5	 0.0949	 0.6542	 100.00	1331.80
    518	400843	     45	   13.0	    8.0	   16.5	 0.0947	12.5086	 100.00	1331.91
    519	400843	     45	    9.0	   11.0	   16.5	 0.0943	 1.2663	 100.00	1332.09
    520	400843	     45	   11.0	   12.0	   16.4	 0.0940	 5.7164	 100.00	1332.15
    521	400843	     45	    6.0	    5.0	   16.4	 0.0938	 4.1507	 100.00	1332.33
    522	400843	     45	    8.0	    7.0	   16.4	 0.0939	12.3433	 100.00	1332.48
    523	400843	     45	   12.0	   12.0	   16.4	 0.0938	 7.8049	 100.00	1332.63
    524	400843	     45	   13.0	   13.0	   16.4	 0.0933	 1.6843	 100.00	1332.64
    525	400843	     45	    8.0	   12.0	   16.4	 0.0930	 5.8389	 100.00	1332.84
    526	400843	     45	    8.0	   12.0	   16.4	 0.0926	 9.0509	 100.00	1332.87
    527	400843	     45	    6.0	    8.0	   16.4	 0.0924	 2.0665	 100.00	1333.10
    528	400843	     45	   13.0	    9.0	   16.3	 0.0926	14.6918	 100.00	1333.19
    529	400843	     45	    9.0	   12.0	   16.3	 0.0924	 4.3959	 100.00	1333.40
    530	400843	     45	   11.0	    7.0	   16.3	 0.0922	15.4346	 100.00	1333.50
    531	400843	     45	    7.0	    5.0	   16.3	 0.0921	 1.1196	 100.00	1333.69
    532	400843	     45	   10.0	    9.0	   16.3	 0.0923	14.6390	 100.00	1333.74
    533	400843	     45	   19.0	   15.0	   16.3	 0.0930	62.3254	 100.00	1333.46
    534	400843	     45	    9.0	   14.0	   16.3	 0.0925	 0.5825	 100.00	1333.36
    535	400843	     45	    7.0	   20.0	   16.3	 0.0921	 0.8392	 100.00	1333.54
    536	400843	     45	   11.0	   15.0	   16.3	 0.0918	 0.8342	 100.00	1333.50
    537	400843	     45	    6.0	    8.0	   16.3	 0.0914	 0.4463	 100.00	1333.71
    538	400843	     45	   14.0	    6.0	   16.2	 0.0915	16.8790	 100.00	1333.81
    539	400843	     45	    6.0	   10.0	   16.2	 0.0913	 0.7130	 100.00	1334.06
    540	400843	     45	   11.0	   11.0	   16.2	 0.0914	 1.7919	 100.00	1334.09
    541	400843	     45	    8.0	    6.0	   16.2	 0.0909	 0.3814	 100.00	1334.34
    542	400843	     45	   10.0	    4.0	   16.2	 0.0907	 2.2005	 100.00	1334.46
    543	400843	     45	   12.0	   14.0	   16.2	 0.0908	12.5264	 100.00	1334.66
    544	400843	     45	    9.0	    9.0	   16.2	 0.0912	16.0552	 100.00	1334.73
    545	400843	     45	    7.0	   12.0	   16.2	 0.0911	 8.4642	 100.00	1334.91
    546	400843	     45	   11.0	   11.0	   16.1	 0.0908	 6.1216	 100.00	1334.98
    547	400843	     45	    9.0	    8.0	   16.1	 0.0905	 0.9410	 100.00	1335.16
    548	400843	     45	   14.0	   12.0	   16.1	 0.0904	 3.5801	 100.00	1335.19
    549	400843	     45	    7.0	   13.0	   16.1	 0.0902	 0.9891	 100.00	1335.40
    550	400843	     45	    9.0	    8.0	   16.1	 0.0900	 5.5221	 100.00	1335.54
    551	400843	     45	   11.0	    7.0	   16.1	 0.0899	17.9484	 100.00	1335.70
    552	400843	     45	    9.0	   10.0	   16.1	 0.0898	 1.4615	 100.00	1335.80
    553	400843	     45	   14.0	   10.0	   16.1	 0.0901	21.9334	 100.00	1335.98
    554	400843	     45	    8.0	   14.0	   16.1	 0.0899	11.7922	 100.00	1336.08
    555	400843	     45	    6.0	   13.0	   16.1	 0.0895	 0.3790	 100.00	1336.24
    556	400843	     45	   15.0	   14.0	   16.1	 0.0895	 9.5421	 100.00	1336.31
    557	400843	     45	    6.0	    8.0	   16.0	 0.0891	 0.5255	 100.00	1336.44
    558	400843	     45	    8.0	    8.0	   16.0	 0.0888	 7.6728	 100.00	1336.50
    559	400843	     45	   10.0	   11.0	   16.0	 0.0886	 3.7287	 100.00	1336.44
    560	400843	     45	    9.0	   10.0	   16.0	 0.0887	23.3223	 100.00	1336.50
    561	400843	     45	   11.0	    9.0	   16.0	 0.0886	 2.4230	 100.00	1336.57
    562	400843	     45	    9.0	    8.0	   16.0	 0.0883	 2.3970	 100.00	1336.60
    563	400843	     45	    7.0	   10.0	   16.0	 0.0882	 3.5025	 100.00	1336.72
    564	400843	     45	   16.0	   12.0	   16.0	 0.0883	 1.8234	 100.00	1336.75
    565	400843	     45	    9.0	   11.0	   16.0	 0.0879	 0.9934	 100.00	1336.85
    566	400843	     45	   11.0	   10.0	   15.9	 0.0878	 0.4731	 100.00	1336.82
    567	400843	     45	    7.0	    9.0	   15.9	 0.0875	 2.9974	 100.00	1336.97
    568	400843	     45	    9.0	   14.0	   15.9	 0.0874	 2.1507	 100.00	1337.06
    569	400843	     45	   10.0	    5.0	   15.9	 0.0874	12.3088	 100.00	1337.23
    570	400843	     45	   10.0	    9.0	   15.9	 0.0873	 9.6476	 100.00	1337.31
    571	400843	     45	    8.0	    8.0	   15.9	 0.0869	 1.2768	 100.00	1337.48
    572	400843	     45	   11.0	   11.0	   15.9	 0.0867	 4.1538	 100.00	1337.58
    573	400843	     45	    6.0	    4.0	   15.9	 0.0865	 0.5162	 100.00	1337.74
    574	400843	     45	   22.0	   18.0	   15.9	 0.0872	33.4857	 100.00	1337.80
    575	400843	     45	    6.0	   19.0	   15.9	 0.0868	 0.4435	 100.00	1337.90
    576	400843	     45	   11.0	   16.0	   15.9	 0.0871	 1.9692	 100.00	1337.97
    577	400843	     45	    7.0	    7.0	   15.8	 0.0868	 1.0729	 100.00	1338.09
    578	400843	     45	    9.0	    6.0	   15.8	 0.0866	 0.7553	 100.00	1338.15
    579	400843	     45	   13.0	   12.0	   15.8	 0.0864	 4.1980	 100.00	1338.27
    580	400843	     45	   10.0	   10.0	   15.8	 0.0864	11.7398	 100.00	1338.37
    581	400843	     45	    7.0	    6.0	   15.8	 0.0861	 2.7219	 100.00	1338.53
    582	400843	     45	   11.0	   13.0	   15.8	 0.0859	 0.8844	 100.00	1338.62
    583	400843	     45	    9.0	    9.0	   15.8	 0.0857	14.0967	 100.00	1338.78
    584	400843	     45	   15.0	   14.0	   15.8	 0.0861	 5.7258	 100.00	1338.87
    585	400843	     45	    6.0	   10.0	   15.8	 0.0858	10.3522	 100.00	1338.96
    586	400843	     45	    8.0	    5.0	   15.7	 0.0860	11.7597	 100.00	1338.23
    587	400843	     45	    8.0	    7.0	   15.7	 0.0858	 3.0638	 100.00	1338.28
    588	400843	     45	   13.0	   14.0	   15.7	 0.0855	 3.6941	 100.00	1338.40
    589	400843	     45	   10.0	    6.0	   15.7	 0.0855	 3.9964	 100.00	1338.44
    590	400843	     45	    8.0	   12.0	   15.7	 0.0852	 2.0374	 100.00	1338.49
    591	400843	     45	    6.0	   10.0	   15.7	 0.0851	11.0234	 100.00	1338.34
    592	400843	     45	   11.0	    8.0	   15.7	 0.0852	15.2246	 100.00	1338.29
    593	400843	     45	    9.0	    7.0	   15.7	 0.0851	 2.4379	 100.00	1337.64
    594	400843	     45	   17.0	   14.0	   15.7	 0.0853	23.3211	 100.00	1337.58
    595	400843	     45	    7.0	   17.0	   15.7	 0.0850	 0.6715	 100.00	1337.55
    596	400843	     45	   10.0	    5.0	   15.7	 0.0848	12.3686	 100.00	1337.04
    597	400843	     45	   11.0	    8.0	   15.6	 0.0846	 0.9951	 100.00	1337.16
    598	400843	     45	    9.0	   10.0	   15.6	 0.0843	 0.3964	 100.00	1337.36
    599	400843	     45	    7.0	    9.0	   15.6	 0.0841	 2.3429	 100.00	1337.42
    600	400843	     45	   13.0	   12.0	   15.6	 0.0840	15.4125	 100.00	1337.56
    601	400843	     45	    6.0	   10.0	   15.6	 0.0838	 0.5520	 100.00	1337.61
    602	400843	     45	   12.0	   10.0	   15.6	 0.0836	 1.9768	 100.00	1337.54
    603	400843	     45	    6.0	   10.0	   15.6	 0.0833	 1.3585	 100.00	1337.53
    604	400843	     45	   11.0	   12.0	   15.6	 0.0833	 6.4279	 100.00	1337.55
    605	400843	     45	   12.0	   10.0	   15.6	 0.0832	 1.7702	 100.00	1336.98
    606	400843	     45	   10.0	   12.0	   15.6	 0.0830	 1.1836	 100.00	1336.88
    607	400843	     45	    8.0	   11.0	   15.6	 0.0829	 4.1837	 100.00	1336.84
    608	400843	     45	    9.0	    7.0	   15.5	 0.0829	 8.5672	 100.00	1336.06
    609	400843	     45	    7.0	    6.0	   15.5	 0.0827	 3.7243	 100.00	1336.11
    610	400843	     45	   13.0	    7.0	   15.5	 0.0827	13.2253	 100.00	1336.26
    611	400843	     45	    9.0	   12.0	   15.5	 0.0824	 0.4285	 100.00	1336.39
    612	400843	     45	   12.0	   14.0	   15.5	 0.0822	 5.8528	 100.00	1336.54
    613	400843	     45	    7.0	   13.0	   15.5	 0.0819	 1.1804	 100.00	1336.67
    614	400843	     45	    9.0	    9.0	   15.5	 0.0818	 0.2137	 100.00	1336.82
    615	400843	     45	   19.0	   14.0	   15.5	 0.0822	19.6159	 100.00	1336.96
    616	400843	     45	    9.0	   17.0	   15.5	 0.0821	 0.4756	 100.00	1337.12
    617	400843	     45	    8.0	   15.0	   15.5	 0.0818	 1.0932	 100.00	1337.26
    618	400843	     45	    8.0	    8.0	   15.5	 0.0816	 5.8168	 100.00	1337.42
    619	400843	     45	    6.0	    8.0	   15.5	 0.0814	 0.8142	 100.00	1337.49
    620	400843	     45	   17.0	   14.0	   15.5	 0.0813	 5.1029	 100.00	1337.62
    621	400843	     45	    6.0	   12.0	   15.5	 0.0810	 0.5623	 100.00	1337.66
    622	400843	     45	    8.0	    9.0	   15.4	 0.0811	 1.5341	 100.00	1337.79
    623	400843	     45	    8.0	   11.0	   15.4	 0.0808	 1.0619	 100.00	1337.84
    624	400843	     45	    9.0	    7.0	   15.4	 0.0809	 0.5662	 100.00	1338.00
    625	400843	     45	   15.0	   16.0	   15.4	 0.0810	 7.3000	 100.00	1337.99
    626	400843	     45	    9.0	   13.0	   15.4	 0.0808	 0.3022	 100.00	1338.19
    627	400843	     45	    7.0	   14.0	   15.4	 0.0805	 2.0247	 100.00	1338.27
    628	400843	     45	   12.0	   12.0	   15.4	 0.0806	 7.1410	 100.00	1338.47
    629	400843	     45	    9.0	   11.0	   15.4	 0.0804	 0.4155	 100.00	1338.55
    630	400843	     45	   13.0	   13.0	   15.4	 0.0804	10.0337	 100.00	1338.76
    631	400843	     45	    7.0	   10.0	   15.4	 0.0801	 0.7336	 100.00	1338.86
    632	400843	     45	    9.0	   11.0	   15.4	 0.0800	 2.0875	 100.00	1339.03
    633	400843	     45	    8.0	   11.0	   15.4	 0.0799	 0.8745	 100.00	1339.10
    634	400843	     45	   10.0	   12.0	   15.4	 0.0797	 5.6049	 100.00	1339.26
    635	400843	     45	   14.0	    6.0	   15.4	 0.0800	11.2147	 100.00	1339.32
    636	400843	     45	   11.0	   19.0	   15.4	 0.0800	 0.8521	 100.00	1339.48
    637	400843	     45	    6.0	   13.0	   15.4	 0.0799	 3.5026	 100.00	1339.52
    638	400843	     45	   12.0	   10.0	   15.4	 0.0798	 1.8121	 100.00	1339.68
    639	400843	     45	    6.0	    8.0	   15.3	 0.0796	 1.7538	 100.00	1339.80
    640	400843	     45	   13.0	   10.0	   15.3	 0.0801	20.6207	 100.00	1339.98
    641	400843	     45	    7.0	    9.0	   15.3	 0.0799	 1.0717	 100.00	1340.08
    642	400843	     45	    9.0	    8.0	   15.3	 0.0798	 7.5032	 100.00	1340.27
    643	400843	     45	   11.0	   11.0	   15.3	 0.0796	 2.8683	 100.00	1340.36
    644	400843	     45	   10.0	    7.0	   15.3	 0.0795	 9.8743	 100.00	1340.53
    645	400843	     45	    7.0	    6.0	   15.3	 0.0795	 1.6845	 100.00	1340.59
    646	400843	     45	   15.0	    7.0	   15.3	 0.0797	42.3026	 100.00	1340.74
    647	400843	     45	    9.0	   10.0	   15.3	 0.0795	 0.4901	 100.00	1340.80
    648	400843	     45	   11.0	   11.0	   15.3	 0.0796	16.3884	 100.00	1340.92
    649	400843	     45	    6.0	    9.0	   15.2	 0.0795	 5.0484	 100.00	1340.98
    650	400843	     45	    8.0	   11.0	   15.2	 0.0794	10.3795	 100.00	1341.12
    651	400843	     45	   10.0	    9.0	   15.2	 0.0793	 1.9114	 100.00	1341.21
    652	400843	     45	   13.0	   14.0	   15.2	 0.0791	 1.5265	 100.00	1341.38
    653	400843	     45	    8.0	   10.0	   15.2	 0.0789	 1.2023	 100.00	1341.46
    654	400843	     45	    8.0	   10.0	   15.2	 0.0788	 8.3157	 100.00	1341.63
    655	400843	     45	    6.0	    8.0	   15.2	 0.0788	 2.5127	 100.00	1341.72
    656	400843	     46	   27.0	   20.0	   15.2	 0.2524	34.0612	 100.00	1342.15
    657	400843	     46	    9.0	   21.0	   15.2	 0.2586	31.8338	 100.00	1341.96
    658	400843	     46	   11.0	   22.0	   15.2	 0.2265	10.3256	 100.00	1342.06
    659	400843	     46	    7.0	   21.0	   15.2	 0.1992	 9.5286	 100.00	1342.14
    660	400843	     46	   10.0	   23.0	   15.2	 0.1893	11.1495	 100.00	1342.21
    661	400843	     46	   13.0	   26.0	   15.3	 0.1802	13.3664	 100.00	1342.29
    662	400843	     46	    9.0	   23.0	   15.3	 0.1695	10.8889	 100.00	1342.37
    663	400843	     46	    7.0	   20.0	   15.3	 0.1577	 9.7238	 100.00	1342.45
    664	400843	     46	   11.0	   27.0	   15.3	 0.1603	24.1990	 100.00	1342.46
    665	400843	     46	    6.0	   21.0	   15.3	 0.1553	 8.0504	 100.00	1342.50
    666	400843	     46	   16.0	   21.0	   15.3	 0.1563	14.7942	 100.00	1342.55
    667	400843	     46	    6.0	   15.0	   15.3	 0.1538	21.4373	 100.00	1342.58
    668	400843	     46	   11.0	   20.0	   15.3	 0.1529	11.6842	 100.00	1342.65
    669	400843	     46	    8.0	   20.0	   15.3	 0.1498	 8.7228	 100.00	1342.69
    670	400843	     46	   10.0	   22.0	   15.3	 0.1444	 6.4640	 100.00	1342.76
    671	400843	     46	   10.0	   20.0	   15.3	 0.1428	13.8666	 100.00	1342.79
    672	400843	     46	    9.0	   21.0	   15.4	 0.1423	24.1538	 100.00	1342.87
    673	400843	     46	    7.0	   18.0	   15.4	 0.1411	14.8957	 100.00	1342.91
    674	400843	     46	   11.0	   21.0	   15.4	 0.1378	 4.2267	 100.00	1342.99
    675	400843	     46	    9.0	   20.0	   15.4	 0.1356	 5.0898	 100.00	1343.03
    676	400843	     46	   18.0	   22.0	   15.4	 0.1411	30.1579	 100.00	1343.13
    677	400843	     46	    7.0	   21.0	   15.4	 0.1402	13.8763	 100.00	1343.17
    678	400843	     46	    9.0	   16.0	   15.4	 0.1368	 6.5261	 100.00	1343.21
    679	400843	     46	   11.0	   23.0	   15.4	 0.1357	11.4814	 100.00	1343.25
    680	400843	     46	    9.0	   22.0	   15.4	 0.1339	 8.1948	 100.00	1343.26
    681	400843	     46	   10.0	   20.0	   15.4	 0.1342	 9.7715	 100.00	1343.30
    682	400843	     46	    8.0	   20.0	   15.4	 0.1340	14.8728	 100.00	1343.40
    683	400843	     46	    6.0	   14.0	   15.4	 0.1309	 7.3997	 100.00	1343.44
    684	400843	     46	   15.0	   29.0	   15.4	 0.1314	14.3409	 100.00	1343.55
    685	400843	     46	    6.0	   23.0	   15.5	 0.1288	 5.1518	 100.00	1343.58
    686	400843	     46	    8.0	   23.0	   15.5	 0.1273	 8.7294	 100.00	1343.65
    687	400843	     46	   12.0	   15.0	   15.5	 0.1283	34.0074	 100.00	1343.67
    688	400843	     46	    9.0	   14.0	   15.5	 0.1309	39.3698	 100.00	1343.76
    689	400843	     46	   11.0	   21.0	   15.5	 0.1292	 5.2741	 100.00	1343.79
    690	400843	     46	    9.0	   16.0	   15.5	 0.1296	23.3375	 100.00	1343.85
    691	400843	     46	    7.0	   15.0	   15.5	 0.1290	 6.2097	 100.00	1343.86
    692	400843	     46	   14.0	   21.0	   15.5	 0.1312	35.2259	 100.00	1343.93
    693	400843	     46	    9.0	   20.0	   15.5	 0.1288	 6.2320	 100.00	1343.95
    694	400843	     46	   11.0	   23.0	   15.5	 0.1279	 6.1587	 100.00	1344.03
    695	400843	     46	    7.0	   20.0	   15.5	 0.1277	24.2171	 100.00	1344.05
    696	400843	     46	    9.0	   21.0	   15.5	 0.1288	10.2329	 100.00	1344.14
    697	400843	     46	   16.0	   17.0	   15.5	 0.1328	29.9893	 100.00	1344.17
    698	400843	     46	   10.0	   19.0	   15.5	 0.1320	12.2817	 100.00	1344.25
    699	400843	     46	    8.0	   19.0	   15.5	 0.1299	 2.9517	 100.00	1344.28
    700	400843	     46	   11.0	   24.0	   15.5	 0.1315	24.8554	 100.00	1344.38
    701	400843	     46	    6.0	   18.0	   15.5	 0.1297	 2.0636	 100.00	1344.42
    702	400843	     46	   14.0	   24.0	   15.6	 0.1300	11.7649	 100.00	1344.50
    703	400843	     46	    6.0	   18.0	   15.6	 0.1284	 6.7888	 100.00	1344.53
    704	400843	     46	   11.0	   25.0	   15.6	 0.1289	11.2948	 100.00	1344.60
    705	400843	     46	    7.0	   22.0	   15.6	 0.1292	 6.2280	 100.00	1344.63
    706	400843	     46	    9.0	   19.0	   15.6	 0.1279	 6.9588	 100.00	1344.71
    707	400843	     46	   15.0	   16.0	   15.6	 0.1286	11.0839	 100.00	1344.73
    708	400843	     46	   10.0	   18.0	   15.6	 0.1284	 9.2881	 100.00	1344.81
    709	400843	     46	    7.0	   17.0	   15.6	 0.1278	 4.1300	 100.00	1344.84
    710	400843	     46	   11.0	   18.0	   15.6	 0.1277	 7.7965	 100.00	1344.91
    711	400843	     46	    9.0	   19.0	   15.6	 0.1262	 4.1873	 100.00	1344.94
    712	400843	     46	   13.0	   22.0	   15.6	 0.1273	21.9456	 100.00	1345.01
    713	400843	     46	    6.0	   16.0	   15.6	 0.1269	 4.0798	 100.00	1345.05
    714	400843	     46	    8.0	   16.0	   15.6	 0.1266	 7.8794	 100.00	1345.11
    715	400843	     46	    8.0	   16.0	   15.6	 0.1259	12.0246	 100.00	1345.14
    716	400843	     46	   13.0	   25.0	   15.6	 0.1254	 4.4423	 100.00	1345.21
    717	400843	     46	   14.0	   19.0	   15.6	 0.1269	 8.6192	 100.00	1345.24
    718	400843	     46	    8.0	   19.0	   15.6	 0.1270	 7.9537	 100.00	1345.31
    719	400843	     46	    6.0	   13.0	   15.6	 0.1265	 3.6411	 100.00	1345.34
    720	400843	     46	   11.0	   18.0	   15.6	 0.1268	17.6912	 100.00	1345.41
    721	400843	     46	    9.0	   19.0	   15.6	 0.1262	 8.0534	 100.00	1345.44
    722	400843	     46	   13.0	   18.0	   15.6	 0.1267	10.4487	 100.00	1345.50
    723	400843	     46	    7.0	   17.0	   15.6	 0.1268	 4.5750	 100.00	1345.54
    724	400843	     46	   10.0	   19.0	   15.6	 0.1259	 1.7932	 100.00	1345.60
    725	400843	     46	   11.0	   24.0	   15.7	 0.1257	 3.2178	 100.00	1345.63
    726	400843	     46	    9.0	   21.0	   15.7	 0.1255	 8.2920	 100.00	1345.71
    727	400843	     46	    7.0	   18.0	   15.7	 0.1248	 3.3598	 100.00	1345.74
    728	400843	     46	   15.0	   17.0	   15.7	 0.1258	10.9902	 100.00	1345.78
    729	400843	     46	    6.0	   11.0	   15.7	 0.1252	 6.2131	 100.00	1345.81
    730	400843	     46	   12.0	   19.0	   15.7	 0.1243	 7.5040	 100.00	1345.90
    731	400843	     46	    6.0	   13.0	   15.7	 0.1237	 5.8217	 100.00	1345.93
    732	400843	     46	   11.0	   18.0	   15.7	 0.1240	21.9377	 100.00	1345.99
    733	400843	     46	   10.0	   16.0	   15.7	 0.1236	 9.5387	 100.00	1346.02
    734	400843	     46	   10.0	   18.0	   15.7	 0.1226	 2.3172	 100.00	1346.08
    735	400843	     46	    8.0	   18.0	   15.7	 0.1220	 7.7538	 100.00	1346.11
    736	400843	     46	    9.0	   19.0	   15.7	 0.1224	 7.7854	 100.00	1346.18
    737	400843	     46	    7.0	   16.0	   15.7	 0.1217	 2.6633	 100.00	1346.21
    738	400843	     46	   21.0	   17.0	   15.7	 0.1237	26.4147	 100.00	1346.28
    739	400843	     46	    9.0	   16.0	   15.7	 0.1224	 1.9390	 100.00	1346.31
    740	400843	     46	   12.0	   24.0	   15.7	 0.1220	 5.6257	 100.00	1346.36
    741	400843	     46	    7.0	   23.0	   15.7	 0.1209	 2.9718	 100.00	1346.39
    742	400843	     46	    9.0	   18.0	   15.7	 0.1204	 2.8776	 100.00	1346.46
    743	400843	     46	   13.0	   23.0	   15.7	 0.1203	10.0826	 100.00	1346.48
    744	400843	     46	    9.0	   22.0	   15.7	 0.1197	 6.4067	 100.00	1346.55
    745	400843	     46	    8.0	   22.0	   15.7	 0.1192	 3.8217	 100.00	1346.58
    746	400843	     46	    8.0	   22.0	   15.7	 0.1194	15.4122	 100.00	1346.64
    747	400843	     46	    6.0	   16.0	   15.7	 0.1184	 0.9560	 100.00	1346.66
    748	400843	     46	   19.0	   23.0	   15.7	 0.1192	27.5781	 100.00	1346.74
    749	400843	     46	    6.0	   17.0	   15.8	 0.1183	 1.3345	 100.00	1346.76
    750	400843	     46	    8.0	   17.0	   15.8	 0.1180	 9.7777	 100.00	1346.77
    751	400843	     46	    8.0	   17.0	   15.8	 0.1173	 3.2888	 100.00	1346.79
    752	400843	     46	    9.0	   16.0	   15.8	 0.1175	20.4708	 100.00	1346.86
    753	400843	     46	   13.0	   21.0	   15.8	 0.1166	 4.3644	 100.00	1346.88
    754	400843	     46	    9.0	   16.0	   15.8	 0.1161	11.4158	 100.00	1346.98
    755	400843	     46	    7.0	   15.0	   15.8	 0.1161	10.7732	 100.00	1346.27
    756	400160	     46	    7.0	   15.0	   15.8	 0.1161	10.7732	 100.00	1344.23
