./asc:main.c:294: warning: auxv random bytes were not cleared
  Round	    PC	Excited	Hamming	   Loss	 Regret	    MSE	  Error	   MIPS
      0	400144	     48	42323.0	42323.0	42323.0	 0.2372	 100.00	  25.31
      1	400800	     48	 1226.0	43541.0	21770.5	 0.1873	 100.00	 390.55
      2	400800	     48	    8.0	43541.0	14513.7	 0.1251	 100.00	 609.49
      3	400800	     48	   10.0	43543.0	10885.8	 0.0942	 100.00	 770.47
      4	400800	     48	    6.0	43541.0	17416.8	 0.0755	 100.00	 891.07
      5	400800	     48	   10.0	43539.0	21770.5	 0.0641	 100.00	 984.10
      6	400800	     48	   12.0	43543.0	24880.9	 0.0550	 100.00	1058.57
      7	400800	     48	    8.0	43543.0	27213.6	 0.0482	 100.00	1119.31
      8	400800	     48	    6.0	43541.0	29027.8	 0.0430	 100.00	1169.31
      9	400800	     48	   14.0	43539.0	30478.9	 0.0402	 100.00	1211.93
     10	400800	     48	    8.0	43539.0	31666.2	 0.0366	 100.00	1248.22
     11	400800	     48	   14.0	43545.0	32656.1	 0.0339	 100.00	1279.39
     12	400800	     48	    6.0	43543.0	33493.5	 0.0313	 100.00	1306.75
     13	400800	     48	   10.0	43541.0	34211.2	 0.0323	 100.00	1330.95
     14	400800	     48	   10.0	43543.0	34833.3	 0.0309	 100.00	1352.21
     15	400800	     48	    8.0	43543.0	35377.7	 0.0300	 100.00	1371.77
     16	400800	     48	    6.0	43541.0	35857.9	 0.0296	 100.00	1389.45
     17	400800	     48	   18.0	43539.0	36284.6	 0.0302	 100.00	1405.73
     18	400800	     48	    8.0	43539.0	36666.4	 0.0286	 100.00	1420.70
     19	400800	     48	   10.0	43541.0	37010.2	 0.0272	 100.00	1434.39
     20	400800	     48	    6.0	43539.0	37321.0	 0.0259	 100.00	1446.64
     21	400800	     48	   10.0	43537.0	37603.6	 0.0247	 100.00	1458.15
     22	400800	     48	   16.0	43545.0	37861.9	 0.0247	 100.00	1468.82
     23	400800	     48	    8.0	43545.0	38098.7	 0.0237	 100.00	1478.71
     24	400800	     48	    6.0	43543.0	38316.5	 0.0227	 100.00	1488.04
     25	400800	     48	   14.0	43541.0	38517.4	 0.0224	 100.00	1495.68
     26	400800	     48	    8.0	43541.0	38703.5	 0.0216	 100.00	1501.89
     27	400800	     48	   12.0	43545.0	38876.4	 0.0215	 100.00	1508.40
     28	400800	     48	    6.0	43543.0	39037.3	 0.0208	 100.00	1514.45
     29	400800	     48	   10.0	43541.0	39187.4	 0.0203	 100.00	1520.03
     30	400800	     48	   10.0	43543.0	39327.9	 0.0205	 100.00	1525.41
     31	400800	     48	    8.0	43543.0	39459.7	 0.0201	 100.00	1530.38
     32	400800	     48	    6.0	43541.0	39583.3	 0.0200	 100.00	1534.98
     33	400800	     48	   22.0	43539.0	39699.7	 0.0219	 100.00	1539.55
     34	400800	     48	    8.0	43539.0	39809.4	 0.0213	 100.00	1543.86
     35	400800	     48	   10.0	43541.0	39913.0	 0.0207	 100.00	1547.81
     36	400800	     48	    6.0	43539.0	40011.0	 0.0202	 100.00	1551.81
     37	400800	     48	   10.0	43537.0	40103.8	 0.0196	 100.00	1555.48
     38	400800	     48	   12.0	43541.0	40191.9	 0.0196	 100.00	1558.82
     39	400800	     48	    8.0	43541.0	40275.7	 0.0191	 100.00	1562.25
     40	400800	     48	    6.0	43539.0	40355.3	 0.0187	 100.00	1565.43
     41	400800	     48	   14.0	43537.0	40431.0	 0.0189	 100.00	1568.61
     42	400800	     48	    8.0	43537.0	40503.3	 0.0185	 100.00	1571.47
     43	400800	     48	   12.0	43549.0	40572.5	 0.0192	 100.00	1574.17
     44	400800	     48	    8.0	43545.0	40638.5	 0.0189	 100.00	1576.90
     45	400800	     48	    6.0	43547.0	40701.8	 0.0198	 100.00	1579.49
     46	400800	     48	   14.0	43545.0	40762.3	 0.0202	 100.00	1581.80
     47	400800	     48	    6.0	43547.0	40820.3	 0.0198	 100.00	1584.16
     48	400800	     48	    8.0	43543.0	40875.8	 0.0210	 100.00	1586.28
     49	400800	     48	   10.0	43549.0	40929.3	 0.0209	 100.00	1588.23
     50	400800	     48	   16.0	43541.0	40980.5	 0.0229	 100.00	1590.27
     51	400800	     48	    8.0	43545.0	41029.8	 0.0230	 100.00	1592.17
     52	400800	     48	    8.0	43541.0	41077.2	 0.0226	 100.00	1594.20
     53	400800	     48	    6.0	43543.0	41122.9	 0.0222	 100.00	1595.93
     54	400800	     48	   18.0	43545.0	41166.9	 0.0231	 100.00	1597.55
     55	400800	     48	    6.0	43547.0	41209.4	 0.0227	 100.00	1599.26
     56	400800	     48	    8.0	43543.0	41250.4	 0.0229	 100.00	1600.81
     57	400800	     48	    8.0	43547.0	41289.9	 0.0229	 100.00	1602.51
     58	400800	     48	   14.0	43541.0	41328.1	 0.0229	 100.00	1604.03
     59	400800	     48	   10.0	43547.0	41365.1	 0.0225	 100.00	1605.60
     60	400800	     48	    8.0	43543.0	41400.8	 0.0222	 100.00	1607.13
     61	400800	     48	    6.0	43545.0	41435.4	 0.0218	 100.00	1608.53
     62	400800	     48	   14.0	43543.0	41468.8	 0.0217	 100.00	1609.92
     63	400800	     48	    6.0	43545.0	41501.3	 0.0214	 100.00	1611.30
     64	400800	     48	    8.0	43541.0	41532.6	 0.0223	 100.00	1612.58
     65	400800	     48	   14.0	43551.0	41563.2	 0.0227	 100.00	1613.86
     66	400800	     48	   20.0	43539.0	41592.7	 0.0240	 100.00	1615.16
     67	400800	     48	    8.0	43543.0	41621.4	 0.0237	 100.00	1616.31
     68	400800	     48	    8.0	43539.0	41649.2	 0.0233	 100.00	1617.51
     69	400800	     48	    6.0	43541.0	41676.2	 0.0230	 100.00	1618.73
     70	400800	     48	   16.0	43541.0	41702.5	 0.0230	 100.00	1619.77
     71	400800	     48	    6.0	43543.0	41728.0	 0.0226	 100.00	1620.85
     72	400800	     48	    8.0	43539.0	41752.8	 0.0224	 100.00	1621.87
     73	400800	     48	    8.0	43543.0	41777.0	 0.0221	 100.00	1622.85
     74	400800	     48	   14.0	43537.0	41800.5	 0.0223	 100.00	1623.81
     75	400800	     48	   12.0	43545.0	41823.5	 0.0225	 100.00	1624.73
     76	400800	     48	    8.0	43541.0	41845.8	 0.0222	 100.00	1625.47
     77	400800	     48	    6.0	43543.0	41867.5	 0.0219	 100.00	1626.45
     78	400800	     48	   14.0	43541.0	41888.7	 0.0222	 100.00	1627.47
     79	400800	     48	    6.0	43543.0	41909.4	 0.0219	 100.00	1628.41
     80	400800	     48	    8.0	43539.0	41929.5	 0.0223	 100.00	1629.41
     81	400800	     48	   10.0	43545.0	41949.2	 0.0225	 100.00	1630.35
     82	400800	     48	   16.0	43537.0	41968.3	 0.0223	 100.00	1631.20
     83	400800	     48	    8.0	43541.0	41987.1	 0.0220	 100.00	1632.11
     84	400800	     48	    8.0	43537.0	42005.3	 0.0218	 100.00	1632.98
     85	400800	     48	    6.0	43539.0	42023.1	 0.0218	 100.00	1633.77
     86	400800	     48	   14.0	43549.0	42040.7	 0.0235	 100.00	1634.59
     87	400800	     48	   10.0	43547.0	42057.8	 0.0237	 100.00	1635.40
     88	400800	     48	    6.0	43545.0	42074.5	 0.0234	 100.00	1636.09
     89	400800	     48	   10.0	43547.0	42090.9	 0.0234	 100.00	1636.81
     90	400800	     48	    8.0	43547.0	42106.9	 0.0232	 100.00	1637.55
     91	400800	     48	   16.0	43547.0	42122.5	 0.0230	 100.00	1638.28
     92	400800	     48	    6.0	43545.0	42137.8	 0.0228	 100.00	1639.02
     93	400800	     48	    8.0	43545.0	42152.8	 0.0226	 100.00	1639.76
     94	400800	     48	   10.0	43547.0	42167.5	 0.0223	 100.00	1640.50
     95	400800	     48	   10.0	43545.0	42181.8	 0.0225	 100.00	1641.28
     96	400800	     48	    6.0	43543.0	42195.8	 0.0225	 100.00	1642.04
     97	400800	     48	   14.0	43549.0	42209.6	 0.0226	 100.00	1642.72
     98	400800	     48	    8.0	43549.0	42223.2	 0.0228	 100.00	1643.39
     99	400800	     48	   18.0	43543.0	42236.4	 0.0238	 100.00	1644.05
    100	400800	     48	    6.0	43541.0	42249.3	 0.0237	 100.00	1644.62
    101	400800	     48	    8.0	43541.0	42262.0	 0.0237	 100.00	1645.23
    102	400800	     48	   12.0	43545.0	42274.4	 0.0236	 100.00	1645.81
    103	400800	     48	   10.0	43543.0	42286.6	 0.0236	 100.00	1646.35
    104	400800	     48	    6.0	43541.0	42298.6	 0.0234	 100.00	1646.90
    105	400800	     48	   10.0	43543.0	42310.3	 0.0232	 100.00	1647.42
    106	400800	     48	    8.0	43543.0	42321.8	 0.0231	 100.00	1647.92
    107	400800	     48	   20.0	43547.0	42333.2	 0.0236	 100.00	1648.48
    108	400800	     48	    6.0	43545.0	42344.3	 0.0233	 100.00	1649.02
    109	400800	     48	    8.0	43545.0	42355.2	 0.0231	 100.00	1649.55
    110	400800	     48	   10.0	43547.0	42365.9	 0.0230	 100.00	1650.07
    111	400800	     48	   10.0	43545.0	42376.5	 0.0229	 100.00	1650.45
    112	400800	     48	    6.0	43543.0	42386.8	 0.0227	 100.00	1650.97
    113	400800	     48	   12.0	43547.0	42397.0	 0.0228	 100.00	1651.46
    114	400800	     48	    8.0	43547.0	42407.0	 0.0226	 100.00	1651.90
    115	400800	     48	   16.0	43543.0	42416.8	 0.0226	 100.00	1652.43
    116	400800	     48	    6.0	43541.0	42426.4	 0.0224	 100.00	1652.89
    117	400800	     48	    8.0	43541.0	42435.8	 0.0223	 100.00	1653.34
    118	400800	     48	   14.0	43547.0	42445.1	 0.0223	 100.00	1653.83
    119	400800	     48	   10.0	43545.0	42454.3	 0.0221	 100.00	1654.30
    120	400800	     48	    6.0	43543.0	42463.3	 0.0219	 100.00	1654.66
    121	400800	     48	   10.0	43545.0	42472.2	 0.0217	 100.00	1655.10
    122	400800	     48	    8.0	43545.0	42480.9	 0.0216	 100.00	1655.53
    123	400800	     48	   16.0	43545.0	42489.5	 0.0216	 100.00	1655.88
    124	400800	     48	    6.0	43543.0	42497.9	 0.0215	 100.00	1656.29
    125	400800	     48	    8.0	43543.0	42506.2	 0.0213	 100.00	1656.69
    126	400800	     48	   10.0	43545.0	42514.4	 0.0212	 100.00	1657.17
    127	400800	     48	   10.0	43543.0	42522.4	 0.0210	 100.00	1657.59
    128	400800	     48	    6.0	43541.0	42530.3	 0.0208	 100.00	1657.85
    129	400800	     48	   12.0	43553.0	42538.2	 0.0216	 100.00	1658.19
    130	400800	     48	   10.0	43551.0	42545.9	 0.0216	 100.00	1658.77
    131	400800	     48	    8.0	43555.0	42553.6	 0.0217	 100.00	1659.15
    132	400800	     48	   20.0	43539.0	42561.0	 0.0227	 100.00	1659.51
    133	400800	     48	    6.0	43541.0	42568.3	 0.0225	 100.00	1659.86
    134	400800	     48	   14.0	43543.0	42575.5	 0.0224	 100.00	1660.18
    135	400800	     48	    6.0	43545.0	42582.6	 0.0222	 100.00	1660.51
    136	400800	     48	   10.0	43539.0	42589.6	 0.0222	 100.00	1660.83
    137	400800	     48	    8.0	43543.0	42596.5	 0.0221	 100.00	1661.15
    138	400800	     48	   10.0	43541.0	42603.3	 0.0219	 100.00	1661.44
    139	400800	     48	   12.0	43549.0	42610.1	 0.0220	 100.00	1661.76
    140	400800	     48	   12.0	43541.0	42616.7	 0.0220	 100.00	1662.08
    141	400800	     48	    6.0	43543.0	42623.2	 0.0219	 100.00	1662.36
    142	400800	     48	   12.0	43543.0	42629.6	 0.0217	 100.00	1662.53
    143	400800	     48	    6.0	43545.0	42636.0	 0.0215	 100.00	1662.73
    144	400800	     48	   10.0	43539.0	42642.2	 0.0215	 100.00	1662.86
    145	400800	     48	   10.0	43545.0	42648.4	 0.0215	 100.00	1663.03
    146	400800	     48	   10.0	43543.0	42654.5	 0.0213	 100.00	1663.23
    147	400800	     48	    8.0	43547.0	42660.5	 0.0212	 100.00	1663.37
    148	400800	     48	   14.0	43537.0	42666.4	 0.0214	 100.00	1663.52
    149	400800	     48	    6.0	43539.0	42672.2	 0.0213	 100.00	1663.61
    150	400800	     48	   18.0	43545.0	42678.0	 0.0213	 100.00	1663.78
    151	400800	     48	    6.0	43547.0	42683.7	 0.0211	 100.00	1664.08
    152	400800	     48	   10.0	43541.0	42689.3	 0.0210	 100.00	1664.37
    153	400800	     48	    8.0	43545.0	42694.9	 0.0209	 100.00	1664.61
    154	400800	     48	   10.0	43543.0	42700.3	 0.0208	 100.00	1664.87
    155	400800	     48	   10.0	43549.0	42705.8	 0.0206	 100.00	1665.13
    156	400800	     48	   12.0	43541.0	42711.1	 0.0208	 100.00	1665.35
    157	400800	     48	    6.0	43543.0	42716.4	 0.0206	 100.00	1665.61
    158	400800	     48	   12.0	43543.0	42721.6	 0.0205	 100.00	1665.86
    159	400800	     48	    6.0	43545.0	42726.7	 0.0204	 100.00	1666.08
    160	400800	     48	   10.0	43539.0	42731.8	 0.0203	 100.00	1666.26
    161	400800	     48	   12.0	43547.0	42736.8	 0.0203	 100.00	1666.49
    162	400800	     48	   10.0	43545.0	42741.7	 0.0203	 100.00	1666.68
    163	400800	     48	    8.0	43549.0	42746.7	 0.0202	 100.00	1666.89
    164	400800	     48	   16.0	43537.0	42751.5	 0.0207	 100.00	1667.10
    165	400800	     48	    6.0	43539.0	42756.2	 0.0206	 100.00	1667.22
    166	400800	     48	   14.0	43541.0	42760.9	 0.0205	 100.00	1667.44
    167	400800	     48	    6.0	43543.0	42765.6	 0.0203	 100.00	1667.61
    168	400800	     48	   10.0	43537.0	42770.1	 0.0202	 100.00	1667.96
    169	400800	     48	    8.0	43541.0	42774.7	 0.0201	 100.00	1668.16
    170	400800	     48	   10.0	43539.0	42779.1	 0.0200	 100.00	1668.34
    171	400800	     48	   12.0	43551.0	42783.6	 0.0203	 100.00	1668.50
    172	400800	     48	    6.0	43549.0	42788.0	 0.0203	 100.00	1668.66
    173	400800	     48	   12.0	43545.0	42792.4	 0.0207	 100.00	1668.83
    174	400800	     48	   10.0	43547.0	42796.7	 0.0209	 100.00	1668.98
    175	400800	     48	    8.0	43547.0	42801.0	 0.0208	 100.00	1669.14
    176	400800	     48	    6.0	43545.0	42805.2	 0.0206	 100.00	1669.35
    177	400800	     48	   14.0	43547.0	42809.3	 0.0206	 100.00	1669.53
    178	400800	     48	    8.0	43547.0	42813.5	 0.0205	 100.00	1669.68
    179	400800	     48	   10.0	43549.0	42817.5	 0.0206	 100.00	1669.75
    180	400800	     48	    6.0	43547.0	42821.6	 0.0204	 100.00	1669.98
    181	400800	     48	   14.0	43541.0	42825.5	 0.0207	 100.00	1670.19
    182	400800	     48	   14.0	43547.0	42829.5	 0.0208	 100.00	1670.37
    183	400800	     48	    8.0	43547.0	42833.4	 0.0206	 100.00	1670.57
    184	400800	     48	    6.0	43545.0	42837.2	 0.0205	 100.00	1670.78
    185	400800	     48	   12.0	43545.0	42841.0	 0.0204	 100.00	1670.95
    186	400800	     48	    8.0	43545.0	42844.8	 0.0203	 100.00	1671.13
    187	400800	     48	   12.0	43549.0	42848.5	 0.0202	 100.00	1671.28
    188	400800	     48	    6.0	43547.0	42852.2	 0.0201	 100.00	1671.40
    189	400800	     48	   12.0	43543.0	42855.9	 0.0200	 100.00	1671.52
    190	400800	     48	   10.0	43545.0	42859.5	 0.0200	 100.00	1671.68
    191	400800	     48	    8.0	43545.0	42863.0	 0.0199	 100.00	1671.91
    192	400800	     48	    6.0	43543.0	42866.6	 0.0200	 100.00	1672.12
    193	400800	     48	   18.0	43549.0	42870.1	 0.0200	 100.00	1672.44
    194	400800	     48	    8.0	43549.0	42873.6	 0.0199	 100.00	1672.54
    195	400800	     48	   10.0	43551.0	42877.0	 0.0199	 100.00	1672.71
    196	400800	     48	    6.0	43549.0	42880.4	 0.0198	 100.00	1672.88
    197	400800	     48	   18.0	43539.0	42883.8	 0.0205	 100.00	1673.00
    198	400800	     48	   12.0	43543.0	42887.1	 0.0204	 100.00	1673.10
    199	400800	     48	    8.0	43543.0	42890.3	 0.0203	 100.00	1673.21
    200	400800	     48	    6.0	43541.0	42893.6	 0.0202	 100.00	1673.34
    201	400800	     48	   12.0	43541.0	42896.8	 0.0201	 100.00	1673.53
    202	400800	     48	    8.0	43541.0	42900.0	 0.0200	 100.00	1673.75
    203	400800	     48	   14.0	43547.0	42903.1	 0.0201	 100.00	1673.94
    204	400800	     48	    6.0	43545.0	42906.3	 0.0200	 100.00	1674.13
    205	400800	     48	   12.0	43541.0	42909.3	 0.0201	 100.00	1674.34
    206	400800	     48	   10.0	43543.0	42912.4	 0.0200	 100.00	1674.51
    207	400800	     48	    8.0	43543.0	42915.4	 0.0199	 100.00	1674.71
    208	400800	     48	    6.0	43541.0	42918.4	 0.0198	 100.00	1674.87
    209	400800	     48	   14.0	43543.0	42921.4	 0.0200	 100.00	1675.01
    210	400800	     48	    8.0	43543.0	42924.4	 0.0200	 100.00	1675.16
    211	400800	     48	   10.0	43545.0	42927.3	 0.0199	 100.00	1675.32
    212	400800	     48	    6.0	43543.0	42930.2	 0.0198	 100.00	1675.45
    213	400800	     48	   14.0	43537.0	42933.0	 0.0198	 100.00	1675.60
    214	400800	     48	   14.0	43547.0	42935.9	 0.0201	 100.00	1675.74
    215	400800	     48	    6.0	43549.0	42938.7	 0.0200	 100.00	1675.87
    216	400800	     48	    8.0	43545.0	42941.5	 0.0199	 100.00	1676.02
    217	400800	     48	    8.0	43549.0	42944.3	 0.0198	 100.00	1676.16
    218	400800	     48	   12.0	43545.0	42947.0	 0.0198	 100.00	1676.28
    219	400800	     48	   10.0	43551.0	42949.8	 0.0199	 100.00	1676.43
    220	400800	     48	    8.0	43547.0	42952.5	 0.0198	 100.00	1676.56
    221	400800	     48	    6.0	43549.0	42955.2	 0.0197	 100.00	1676.67
    222	400800	     48	   16.0	43545.0	42957.8	 0.0199	 100.00	1676.80
    223	400800	     48	    6.0	43547.0	42960.4	 0.0198	 100.00	1676.93
    224	400800	     48	    8.0	43543.0	42963.0	 0.0197	 100.00	1677.04
    225	400800	     48	   12.0	43551.0	42965.6	 0.0198	 100.00	1677.16
    226	400800	     48	   12.0	43547.0	42968.2	 0.0198	 100.00	1677.30
    227	400800	     48	    8.0	43551.0	42970.7	 0.0197	 100.00	1677.41
    228	400800	     48	    8.0	43547.0	42973.3	 0.0196	 100.00	1677.53
    229	400800	     48	    6.0	43549.0	42975.8	 0.0195	 100.00	1677.64
    230	400800	     48	   22.0	43543.0	42978.2	 0.0198	 100.00	1677.73
    231	400800	     48	    6.0	43545.0	42980.7	 0.0197	 100.00	1677.86
    232	400800	     48	    8.0	43541.0	42983.1	 0.0197	 100.00	1677.96
    233	400800	     48	    8.0	43545.0	42985.5	 0.0196	 100.00	1678.06
    234	400800	     48	   12.0	43541.0	42987.8	 0.0195	 100.00	1678.17
    235	400800	     48	   14.0	43551.0	42990.2	 0.0197	 100.00	1678.29
    236	400800	     48	    8.0	43547.0	42992.6	 0.0196	 100.00	1678.39
    237	400800	     48	    6.0	43549.0	42994.9	 0.0195	 100.00	1678.50
    238	400800	     48	   16.0	43545.0	42997.2	 0.0196	 100.00	1678.63
    239	400800	     48	    6.0	43547.0	42999.5	 0.0195	 100.00	1678.71
    240	400800	     48	    8.0	43543.0	43001.8	 0.0195	 100.00	1678.83
    241	400800	     48	   10.0	43549.0	43004.0	 0.0196	 100.00	1678.95
    242	400800	     48	   12.0	43545.0	43006.2	 0.0195	 100.00	1679.03
    243	400800	     48	    8.0	43549.0	43008.5	 0.0196	 100.00	1679.15
    244	400800	     48	    8.0	43545.0	43010.7	 0.0195	 100.00	1679.27
    245	400800	     48	    6.0	43547.0	43012.8	 0.0194	 100.00	1679.37
    246	400800	     48	   22.0	43545.0	43015.0	 0.0196	 100.00	1679.46
    247	400800	     48	    6.0	 1307.0	42846.8	 0.0195	 100.00	1679.53
    248	400800	     48	    8.0	    0.0	42674.7	 0.0194	 +99.60	1684.45
    249	400800	     48	    8.0	    8.0	42504.1	 0.0193	  99.60	1683.59
    250	400800	     48	   12.0	    8.0	42334.8	 0.0193	  99.60	1683.60
    251	400800	     48	   10.0	   10.0	42166.8	 0.0193	  99.60	1683.15
    252	400800	     48	    8.0	    2.0	42000.1	 0.0192	  99.60	1681.75
    253	400800	     48	    6.0	    0.0	41834.8	 0.0191	 +99.21	1686.29
    254	400800	     48	   16.0	   16.0	41670.8	 0.0192	  99.22	1685.24
    255	400800	     48	    6.0	    7.0	41508.0	 0.0191	  99.22	1683.99
    256	400800	     48	    8.0	    1.0	41346.5	 0.0191	  99.22	1683.38
    257	400800	     48	   12.0	    6.0	41186.3	 0.0193	  99.22	1683.22
    258	400800	     48	    8.0	    9.0	41027.3	 0.0193	  99.23	1682.17
    259	400800	     48	   12.0	    9.0	40869.6	 0.0192	  99.23	1682.21
    260	400800	     48	    6.0	    6.0	40713.0	 0.0191	  99.23	1681.67
    261	400800	     48	    8.0	    5.0	40557.6	 0.0194	  99.24	1681.08
    262	400800	     48	   12.0	    5.0	40403.4	 0.0193	  99.24	1680.47
    263	400800	     48	   22.0	   10.0	40250.4	 0.0200	  99.24	1679.57
    264	400800	     48	    6.0	   16.0	40098.6	 0.0199	  99.25	1679.63
    265	400800	     48	   10.0	   20.0	39947.9	 0.0198	  99.25	1679.43
    266	400800	     48	    8.0	    0.0	39798.3	 0.0198	 +98.88	1684.42
    267	400800	     48	   16.0	   16.0	39649.9	 0.0197	  98.88	1683.55
    268	400800	     48	    6.0	    6.0	39502.5	 0.0196	  98.88	1682.96
    269	400800	     48	    8.0	    0.0	39356.2	 0.0196	 +98.52	1687.79
    270	400800	     48	   10.0	   10.0	39211.0	 0.0195	  98.52	1686.91
    271	400800	     48	   12.0	   12.0	39066.9	 0.0196	  98.53	1686.33
    272	400800	     48	    6.0	    3.0	38923.8	 0.0196	  98.53	1685.73
    273	400800	     48	   12.0	    0.0	38781.7	 0.0195	 +98.18	1690.66
    274	400800	     48	    8.0	    8.0	38640.7	 0.0194	  98.18	1689.80
    275	400800	     48	   12.0	   12.0	38500.8	 0.0194	  98.19	1689.27
    276	400800	     48	    6.0	    1.0	38361.8	 0.0193	  98.19	1688.24
    277	400800	     48	    8.0	    1.0	38223.8	 0.0193	  98.20	1686.85
    278	400800	     48	   16.0	    4.0	38086.8	 0.0195	  98.21	1685.33
    279	400800	     48	   14.0	    6.0	37950.8	 0.0196	  98.21	1683.91
    280	400800	     48	    6.0	    3.0	37815.8	 0.0195	  98.22	1682.49
    281	400800	     48	   10.0	    0.0	37681.7	 0.0194	 +97.87	1686.50
    282	400800	     48	    8.0	    8.0	37548.5	 0.0194	  97.88	1685.75
    283	400800	     48	   14.0	   14.0	37416.4	 0.0193	  97.89	1685.24
    284	400800	     48	    6.0	    0.0	37285.1	 0.0192	 +97.54	1689.16
    285	400800	     48	    8.0	    8.0	37154.8	 0.0192	  97.55	1688.25
    286	400800	     48	   10.0	   11.0	37025.3	 0.0192	  97.56	1687.08
    287	400800	     48	   12.0	    2.0	36896.8	 0.0193	  97.57	1685.90
    288	400800	     48	    6.0	    2.0	36769.1	 0.0192	  97.58	1684.48
    289	400800	     48	   14.0	    0.0	36642.3	 0.0191	 +97.24	1688.44
    290	400800	     48	    8.0	    8.0	36516.4	 0.0191	  97.25	1687.64
    291	400800	     48	   12.0	   12.0	36391.4	 0.0190	  97.26	1687.20
    292	400800	     48	    6.0	    1.0	36267.2	 0.0190	  97.27	1686.31
    293	400800	     48	    8.0	    0.0	36143.9	 0.0189	 +96.94	1689.49
    294	400800	     48	   12.0	   12.0	36021.4	 0.0188	  96.95	1688.65
    295	400800	     48	   16.0	   16.0	35899.7	 0.0189	  96.96	1687.53
    296	400800	     48	    6.0	    3.0	35778.9	 0.0189	  96.97	1686.31
    297	400800	     48	   10.0	    0.0	35658.8	 0.0188	 +96.64	1690.12
    298	400800	     48	    8.0	    8.0	35539.6	 0.0188	  96.66	1689.34
    299	400800	     48	   12.0	   12.0	35421.2	 0.0192	  96.67	1688.47
    300	400800	     48	   10.0	    4.0	35303.5	 0.0192	  96.68	1687.37
    301	400800	     48	    6.0	   12.0	35186.6	 0.0192	  96.69	1685.36
    302	400800	     48	   12.0	    7.0	35070.5	 0.0191	  96.70	1683.64
