./asc:main.c:294: warning: auxv random bytes were not cleared
  Round	    PC	Excited	Hamming	   Loss	 Regret	    MSE	  Error	   MIPS
      0	400144	     49	42312.0	42312.0	42312.0	 0.2478	 100.00	  34.59
      1	400848	     49	 1217.0	43523.0	21761.5	 0.1863	 100.00	 413.84
      2	400848	     49	    9.0	43524.0	14508.0	 0.1254	 100.00	 645.93
      3	400848	     49	   11.0	43525.0	10881.2	 0.1078	 100.00	 804.11
      4	400848	     49	    6.0	43523.0	17409.6	 0.0862	 100.00	 920.19
      5	400848	     49	   10.0	43521.0	21761.5	 0.0765	 100.00	1009.17
      6	400848	     49	   13.0	43526.0	24870.7	 0.0669	 100.00	1080.32
      7	400848	     49	    8.0	43526.0	27202.6	 0.0585	 100.00	1136.74
      8	400848	     49	    6.0	43524.0	29016.1	 0.0534	 100.00	1184.00
      9	400848	     49	   15.0	43521.0	30466.6	 0.0518	 100.00	1224.96
     10	400848	     49	    9.0	43522.0	31653.5	 0.0483	 100.00	1259.45
     11	400848	     49	   15.0	43527.0	32642.9	 0.0464	 100.00	1288.56
     12	400848	     49	    6.0	43525.0	33480.0	 0.0437	 100.00	1314.98
     13	400848	     49	   10.0	43523.0	34197.4	 0.0406	 100.00	1338.16
     14	400848	     49	   10.0	43525.0	34819.2	 0.0379	 100.00	1358.81
     15	400848	     49	    8.0	43525.0	35363.3	 0.0362	 100.00	1377.24
     16	400848	     49	    6.0	43523.0	35843.3	 0.0354	 100.00	1393.25
     17	400848	     49	   18.0	43521.0	36269.8	 0.0364	 100.00	1408.36
     18	400848	     49	    9.0	43522.0	36651.5	 0.0354	 100.00	1422.15
     19	400848	     49	   11.0	43523.0	36995.1	 0.0337	 100.00	1434.56
     20	400848	     49	    6.0	43521.0	37305.9	 0.0321	 100.00	1446.01
     21	400848	     49	   10.0	43519.0	37588.3	 0.0310	 100.00	1456.61
     22	400848	     49	   16.0	43527.0	37846.5	 0.0303	 100.00	1466.14
     23	400848	     49	    8.0	43527.0	38083.2	 0.0295	 100.00	1475.21
     24	400848	     49	    6.0	43525.0	38300.8	 0.0286	 100.00	1483.43
     25	400848	     49	   15.0	43524.0	38501.7	 0.0289	 100.00	1491.16
     26	400848	     49	    9.0	43523.0	38687.7	 0.0280	 100.00	1498.44
     27	400848	     49	   12.0	43527.0	38860.5	 0.0279	 100.00	1505.28
     28	400848	     49	    6.0	43525.0	39021.4	 0.0270	 100.00	1511.45
     29	400848	     49	   10.0	43523.0	39171.4	 0.0262	 100.00	1517.41
     30	400848	     49	   10.0	43525.0	39311.9	 0.0266	 100.00	1523.05
     31	400848	     49	    8.0	43525.0	39443.5	 0.0258	 100.00	1528.18
     32	400848	     49	    6.0	43523.0	39567.2	 0.0253	 100.00	1533.20
     33	400848	     49	   23.0	43522.0	39683.5	 0.0262	 100.00	1537.98
     34	400848	     49	    9.0	43521.0	39793.1	 0.0255	 100.00	1542.16
     35	400848	     49	   11.0	43524.0	39896.8	 0.0250	 100.00	1546.46
     36	400848	     49	    6.0	43522.0	39994.7	 0.0243	 100.00	1550.36
     37	400848	     49	   10.0	43520.0	40087.5	 0.0238	 100.00	1554.31
     38	400848	     49	   13.0	43523.0	40175.6	 0.0236	 100.00	1558.10
     39	400848	     49	    8.0	43523.0	40259.3	 0.0230	 100.00	1561.53
     40	400848	     49	    6.0	43521.0	40338.8	 0.0224	 100.00	1564.99
     41	400848	     49	   15.0	43520.0	40414.6	 0.0224	 100.00	1568.19
     42	400848	     49	    9.0	43519.0	40486.8	 0.0219	 100.00	1571.52
     43	400848	     49	   13.0	43532.0	40556.0	 0.0227	 100.00	1574.89
     44	400848	     49	    8.0	43528.0	40622.0	 0.0228	 100.00	1578.49
     45	400848	     49	    6.0	43530.0	40685.2	 0.0236	 100.00	1581.92
     46	400848	     49	   14.0	43528.0	40745.7	 0.0246	 100.00	1585.16
     47	400848	     49	    6.0	43530.0	40803.7	 0.0241	 100.00	1588.40
     48	400848	     49	    8.0	43526.0	40859.3	 0.0246	 100.00	1591.76
     49	400848	     49	   10.0	43532.0	40912.7	 0.0244	 100.00	1594.89
     50	400848	     49	   17.0	43523.0	40963.9	 0.0253	 100.00	1597.72
     51	400848	     49	    9.0	43528.0	41013.2	 0.0254	 100.00	1600.38
     52	400848	     49	    8.0	43524.0	41060.6	 0.0249	 100.00	1602.78
     53	400848	     49	    6.0	43526.0	41106.3	 0.0245	 100.00	1605.21
     54	400848	     49	   18.0	43528.0	41150.3	 0.0249	 100.00	1607.61
     55	400848	     49	    6.0	43530.0	41192.8	 0.0244	 100.00	1610.06
     56	400848	     49	    8.0	43526.0	41233.7	 0.0243	 100.00	1612.49
     57	400848	     49	    9.0	43529.0	41273.3	 0.0244	 100.00	1614.58
     58	400848	     49	   15.0	43524.0	41311.4	 0.0251	 100.00	1616.56
     59	400848	     49	   10.0	43530.0	41348.4	 0.0247	 100.00	1618.66
     60	400848	     49	    8.0	43526.0	41384.1	 0.0243	 100.00	1620.67
     61	400848	     49	    6.0	43528.0	41418.7	 0.0239	 100.00	1622.57
     62	400848	     49	   14.0	43526.0	41452.1	 0.0241	 100.00	1624.50
     63	400848	     49	    6.0	43528.0	41484.6	 0.0237	 100.00	1626.32
     64	400848	     49	    8.0	43524.0	41516.0	 0.0233	 100.00	1627.89
     65	400848	     49	   15.0	43533.0	41546.5	 0.0234	 100.00	1629.40
     66	400848	     49	   21.0	43522.0	41576.0	 0.0250	 100.00	1630.84
     67	400848	     49	    9.0	43525.0	41604.7	 0.0247	 100.00	1632.40
     68	400848	     49	    8.0	43521.0	41632.4	 0.0244	 100.00	1633.97
     69	400848	     49	    6.0	43523.0	41659.4	 0.0241	 100.00	1635.53
     70	400848	     49	   17.0	43524.0	41685.7	 0.0240	 100.00	1636.91
     71	400848	     49	    6.0	43526.0	41711.3	 0.0237	 100.00	1638.45
     72	400848	     49	    8.0	43522.0	41736.1	 0.0236	 100.00	1639.55
     73	400848	     49	    9.0	43525.0	41760.2	 0.0233	 100.00	1640.71
     74	400848	     49	   15.0	43520.0	41783.7	 0.0236	 100.00	1641.98
     75	400848	     49	   13.0	43527.0	41806.6	 0.0234	 100.00	1643.20
     76	400848	     49	    8.0	43523.0	41828.9	 0.0231	 100.00	1644.21
     77	400848	     49	    6.0	43525.0	41850.7	 0.0228	 100.00	1645.32
     78	400848	     49	   14.0	43523.0	41871.8	 0.0231	 100.00	1646.42
     79	400848	     49	    6.0	43525.0	41892.5	 0.0228	 100.00	1647.45
     80	400848	     49	    8.0	43521.0	41912.6	 0.0225	 100.00	1648.51
     81	400848	     49	   10.0	43527.0	41932.3	 0.0222	 100.00	1649.59
     82	400848	     49	   17.0	43520.0	41951.4	 0.0225	 100.00	1650.59
     83	400848	     49	    9.0	43523.0	41970.1	 0.0224	 100.00	1651.64
     84	400848	     49	    8.0	43519.0	41988.4	 0.0221	 100.00	1652.69
     85	400848	     49	    6.0	43521.0	42006.2	 0.0220	 100.00	1653.58
     86	400848	     49	   14.0	43531.0	42023.7	 0.0239	 100.00	1654.52
     87	400848	     49	   10.0	43529.0	42040.8	 0.0241	 100.00	1655.49
     88	400848	     49	    6.0	43527.0	42057.5	 0.0238	 100.00	1656.39
     89	400848	     49	   11.0	43530.0	42073.9	 0.0240	 100.00	1657.34
     90	400848	     49	    9.0	43529.0	42089.9	 0.0240	 100.00	1658.10
     91	400848	     49	   16.0	43529.0	42105.5	 0.0248	 100.00	1658.89
     92	400848	     49	    6.0	43527.0	42120.8	 0.0245	 100.00	1659.69
     93	400848	     49	    8.0	43527.0	42135.8	 0.0242	 100.00	1660.49
     94	400848	     49	   10.0	43529.0	42150.4	 0.0240	 100.00	1661.30
     95	400848	     49	   10.0	43527.0	42164.8	 0.0238	 100.00	1662.15
     96	400848	     49	    6.0	43525.0	42178.8	 0.0235	 100.00	1663.02
     97	400848	     49	   15.0	43532.0	42192.6	 0.0238	 100.00	1663.78
     98	400848	     49	    9.0	43531.0	42206.1	 0.0238	 100.00	1664.64
     99	400848	     49	   19.0	43526.0	42219.3	 0.0246	 100.00	1665.51
    100	400848	     49	    6.0	43524.0	42232.2	 0.0244	 100.00	1666.28
    101	400848	     49	    8.0	43524.0	42244.9	 0.0243	 100.00	1667.09
    102	400848	     49	   13.0	43527.0	42257.3	 0.0247	 100.00	1667.89
    103	400848	     49	   10.0	43525.0	42269.5	 0.0246	 100.00	1668.60
    104	400848	     49	    6.0	43523.0	42281.5	 0.0244	 100.00	1669.32
    105	400848	     49	   11.0	43526.0	42293.2	 0.0255	 100.00	1670.05
    106	400848	     49	    9.0	43525.0	42304.7	 0.0255	 100.00	1670.71
    107	400848	     49	   21.0	43530.0	42316.1	 0.0260	 100.00	1671.40
    108	400848	     49	    6.0	43528.0	42327.2	 0.0257	 100.00	1672.11
    109	400848	     49	    8.0	43528.0	42338.1	 0.0258	 100.00	1672.76
    110	400848	     49	   10.0	43530.0	42348.8	 0.0259	 100.00	1673.38
    111	400848	     49	   10.0	43528.0	42359.4	 0.0257	 100.00	1674.03
    112	400848	     49	    6.0	43526.0	42369.7	 0.0254	 100.00	1674.62
    113	400848	     49	   12.0	43530.0	42379.9	 0.0255	 100.00	1675.23
    114	400848	     49	    9.0	43529.0	42389.9	 0.0255	 100.00	1675.93
    115	400848	     49	   17.0	43526.0	42399.7	 0.0256	 100.00	1676.56
    116	400848	     49	    6.0	43524.0	42409.3	 0.0255	 100.00	1677.25
    117	400848	     49	    8.0	43524.0	42418.7	 0.0253	 100.00	1677.95
    118	400848	     49	   14.0	43530.0	42428.1	 0.0259	 100.00	1678.55
    119	400848	     49	   10.0	43528.0	42437.2	 0.0257	 100.00	1679.25
    120	400848	     49	    6.0	43526.0	42446.2	 0.0255	 100.00	1679.97
    121	400848	     49	   11.0	43527.0	42455.1	 0.0253	 100.00	1680.66
    122	400848	     49	    9.0	43528.0	42463.8	 0.0252	 100.00	1681.34
    123	400848	     49	   16.0	43528.0	42472.4	 0.0254	 100.00	1682.02
    124	400848	     49	    6.0	43526.0	42480.8	 0.0252	 100.00	1682.52
    125	400848	     49	    8.0	43526.0	42489.1	 0.0250	 100.00	1682.99
    126	400848	     49	   10.0	43528.0	42497.3	 0.0248	 100.00	1683.49
    127	400848	     49	   10.0	43526.0	42505.3	 0.0247	 100.00	1683.94
    128	400848	     49	    6.0	43524.0	42513.2	 0.0245	 100.00	1684.42
    129	400848	     49	   13.0	43535.0	42521.1	 0.0255	 100.00	1684.91
    130	400848	     49	   11.0	43534.0	42528.8	 0.0255	 100.00	1685.26
    131	400848	     49	    9.0	43537.0	42536.4	 0.0253	 100.00	1685.61
    132	400848	     49	   20.0	43521.0	42543.8	 0.0265	 100.00	1685.95
    133	400848	     49	    6.0	43523.0	42551.2	 0.0264	 100.00	1686.42
    134	400848	     49	   15.0	43526.0	42558.4	 0.0264	 100.00	1686.66
    135	400848	     49	    6.0	43528.0	42565.5	 0.0262	 100.00	1687.16
    136	400848	     49	   10.0	43522.0	42572.5	 0.0261	 100.00	1687.71
    137	400848	     49	    9.0	43525.0	42579.4	 0.0260	 100.00	1688.16
    138	400848	     49	   11.0	43524.0	42586.2	 0.0260	 100.00	1688.42
    139	400848	     49	   13.0	43531.0	42592.9	 0.0261	 100.00	1688.78
    140	400848	     49	   12.0	43523.0	42599.5	 0.0266	 100.00	1689.21
    141	400848	     49	    6.0	43525.0	42606.0	 0.0264	 100.00	1689.54
    142	400848	     49	   12.0	43525.0	42612.5	 0.0264	 100.00	1689.61
    143	400848	     49	    6.0	43527.0	42618.8	 0.0262	 100.00	1689.62
    144	400848	     49	   10.0	43521.0	42625.0	 0.0265	 100.00	1689.67
    145	400848	     49	   10.0	43527.0	42631.2	 0.0266	 100.00	1689.66
    146	400848	     49	   11.0	43526.0	42637.3	 0.0264	 100.00	1689.68
    147	400848	     49	    9.0	43529.0	42643.3	 0.0265	 100.00	1689.62
    148	400848	     49	   14.0	43519.0	42649.2	 0.0269	 100.00	1689.56
    149	400848	     49	    6.0	43521.0	42655.0	 0.0273	 100.00	1689.56
    150	400848	     49	   18.0	43527.0	42660.8	 0.0278	 100.00	1689.54
    151	400848	     49	    6.0	43529.0	42666.5	 0.0276	 100.00	1689.50
    152	400848	     49	   10.0	43523.0	42672.1	 0.0278	 100.00	1689.51
    153	400848	     49	    9.0	43528.0	42677.7	 0.0276	 100.00	1689.51
    154	400848	     49	   11.0	43525.0	42683.1	 0.0276	 100.00	1689.49
    155	400848	     49	   10.0	43531.0	42688.6	 0.0276	 100.00	1689.50
    156	400848	     49	   12.0	43523.0	42693.9	 0.0276	 100.00	1689.51
    157	400848	     49	    6.0	43525.0	42699.1	 0.0274	 100.00	1689.48
    158	400848	     49	   12.0	43525.0	42704.3	 0.0275	 100.00	1689.48
    159	400848	     49	    6.0	43527.0	42709.5	 0.0275	 100.00	1689.50
    160	400848	     49	   10.0	43521.0	42714.5	 0.0274	 100.00	1689.47
    161	400848	     49	   13.0	43530.0	42719.6	 0.0275	 100.00	1689.45
    162	400848	     49	   11.0	43527.0	42724.5	 0.0274	 100.00	1689.47
    163	400848	     49	    9.0	43532.0	42729.4	 0.0272	 100.00	1689.45
    164	400848	     49	   16.0	43520.0	42734.2	 0.0273	 100.00	1689.45
    165	400848	     49	    6.0	43522.0	42739.0	 0.0273	 100.00	1689.48
    166	400848	     49	   15.0	43523.0	42743.7	 0.0273	 100.00	1689.43
    167	400848	     49	    6.0	43525.0	42748.3	 0.0272	 100.00	1689.42
    168	400848	     49	   10.0	43519.0	42752.9	 0.0271	 100.00	1689.43
    169	400848	     49	    9.0	43524.0	42757.4	 0.0270	 100.00	1689.41
    170	400848	     49	   11.0	43521.0	42761.9	 0.0268	 100.00	1689.42
    171	400848	     49	   13.0	43534.0	42766.4	 0.0268	 100.00	1689.44
    172	400848	     49	    6.0	43532.0	42770.8	 0.0267	 100.00	1689.42
    173	400848	     49	   12.0	43528.0	42775.1	 0.0270	 100.00	1689.43
    174	400848	     49	   10.0	43530.0	42779.5	 0.0272	 100.00	1689.43
    175	400848	     49	    8.0	43530.0	42783.7	 0.0271	 100.00	1689.38
    176	400848	     49	    6.0	43528.0	42787.9	 0.0270	 100.00	1689.37
    177	400848	     49	   14.0	43530.0	42792.1	 0.0269	 100.00	1689.37
    178	400848	     49	    9.0	43529.0	42796.2	 0.0267	 100.00	1689.32
    179	400848	     49	   11.0	43532.0	42800.3	 0.0266	 100.00	1689.32
    180	400848	     49	    6.0	43530.0	42804.3	 0.0265	 100.00	1689.31
    181	400848	     49	   14.0	43524.0	42808.3	 0.0269	 100.00	1689.28
    182	400848	     49	   14.0	43530.0	42812.2	 0.0271	 100.00	1689.19
    183	400848	     49	    8.0	43530.0	42816.1	 0.0270	 100.00	1689.19
    184	400848	     49	    6.0	43528.0	42820.0	 0.0268	 100.00	1689.21
    185	400848	     49	   13.0	43527.0	42823.8	 0.0268	 100.00	1689.26
    186	400848	     49	    9.0	43528.0	42827.5	 0.0266	 100.00	1689.23
    187	400848	     49	   12.0	43532.0	42831.3	 0.0267	 100.00	1689.25
    188	400848	     49	    6.0	43530.0	42835.0	 0.0266	 100.00	1689.25
    189	400848	     49	   12.0	43526.0	42838.6	 0.0267	 100.00	1689.31
    190	400848	     49	   10.0	43528.0	42842.2	 0.0267	 100.00	1689.27
    191	400848	     49	    8.0	43528.0	42845.8	 0.0266	 100.00	1689.27
    192	400848	     49	    6.0	43526.0	42849.3	 0.0264	 100.00	1689.31
    193	400848	     49	   19.0	43531.0	42852.8	 0.0266	 100.00	1689.40
    194	400848	     49	    9.0	43532.0	42856.3	 0.0265	 100.00	1689.48
    195	400848	     49	   11.0	43533.0	42859.8	 0.0264	 100.00	1689.55
    196	400848	     49	    6.0	43531.0	42863.2	 0.0264	 100.00	1689.64
    197	400848	     49	   18.0	43521.0	42866.5	 0.0270	 100.00	1689.74
    198	400848	     49	   13.0	43526.0	42869.8	 0.0268	 100.00	1689.79
    199	400848	     49	    8.0	43526.0	42873.1	 0.0268	 100.00	1689.89
    200	400848	     49	    6.0	43524.0	42876.3	 0.0269	 100.00	1689.97
    201	400848	     49	   13.0	43523.0	42879.5	 0.0268	 100.00	1690.04
    202	400848	     49	    9.0	43524.0	42882.7	 0.0269	 100.00	1690.13
    203	400848	     49	   15.0	43529.0	42885.9	 0.0268	 100.00	1690.22
    204	400848	     49	    6.0	43527.0	42889.0	 0.0267	 100.00	1690.27
    205	400848	     49	   12.0	43523.0	42892.1	 0.0269	 100.00	1690.36
    206	400848	     49	   10.0	43525.0	42895.1	 0.0271	 100.00	1690.44
    207	400848	     49	    8.0	43525.0	42898.2	 0.0270	 100.00	1690.49
    208	400848	     49	    6.0	43523.0	42901.2	 0.0269	 100.00	1690.57
    209	400848	     49	   14.0	43525.0	42904.1	 0.0269	 100.00	1690.65
    210	400848	     49	    9.0	43526.0	42907.1	 0.0267	 100.00	1690.69
    211	400848	     49	   11.0	43527.0	42910.0	 0.0266	 100.00	1690.77
    212	400848	     49	    6.0	43525.0	42912.9	 0.0265	 100.00	1690.83
    213	400848	     49	   14.0	43519.0	42915.7	 0.0268	 100.00	1690.88
    214	400848	     49	   14.0	43529.0	42918.6	 0.0270	 100.00	1690.95
    215	400848	     49	    6.0	43531.0	42921.4	 0.0268	 100.00	1691.02
    216	400848	     49	    8.0	43527.0	42924.2	 0.0267	 100.00	1691.06
    217	400848	     49	    9.0	43532.0	42927.0	 0.0267	 100.00	1691.15
    218	400848	     49	   13.0	43527.0	42929.7	 0.0268	 100.00	1691.22
    219	400848	     49	   10.0	43533.0	42932.5	 0.0269	 100.00	1691.28
    220	400848	     49	    8.0	43529.0	42935.2	 0.0269	 100.00	1691.34
    221	400848	     49	    6.0	43531.0	42937.9	 0.0268	 100.00	1691.41
    222	400848	     49	   16.0	43527.0	42940.5	 0.0269	 100.00	1691.44
    223	400848	     49	    6.0	43529.0	42943.1	 0.0267	 100.00	1691.43
    224	400848	     49	    8.0	43525.0	42945.7	 0.0268	 100.00	1691.43
    225	400848	     49	   13.0	43534.0	42948.3	 0.0269	 100.00	1691.40
    226	400848	     49	   13.0	43529.0	42950.9	 0.0271	 100.00	1691.40
    227	400848	     49	    9.0	43534.0	42953.4	 0.0270	 100.00	1691.40
    228	400848	     49	    8.0	43530.0	42956.0	 0.0271	 100.00	1691.38
    229	400848	     49	    6.0	43532.0	42958.5	 0.0271	 100.00	1691.37
    230	400848	     49	   23.0	43525.0	42960.9	 0.0272	 100.00	1691.36
    231	400848	     49	    6.0	43527.0	42963.3	 0.0271	 100.00	1691.32
    232	400848	     49	    8.0	43523.0	42965.8	 0.0270	 100.00	1691.30
    233	400848	     49	    9.0	43528.0	42968.2	 0.0269	 100.00	1691.30
    234	400848	     49	   13.0	43523.0	42970.5	 0.0269	 100.00	1691.27
    235	400848	     49	   15.0	43534.0	42972.9	 0.0268	 100.00	1691.25
    236	400848	     49	    8.0	43530.0	42975.3	 0.0267	 100.00	1691.25
    237	400848	     49	    6.0	43532.0	42977.6	 0.0266	 100.00	1691.22
    238	400848	     49	   16.0	43528.0	42979.9	 0.0266	 100.00	1691.18
    239	400848	     49	    6.0	43530.0	42982.2	 0.0265	 100.00	1691.13
    240	400848	     49	    8.0	43526.0	42984.4	 0.0264	 100.00	1691.11
    241	400848	     49	   10.0	43532.0	42986.7	 0.0263	 100.00	1691.12
    242	400848	     49	   13.0	43527.0	42988.9	 0.0264	 100.00	1691.21
    243	400848	     49	    9.0	43532.0	42991.2	 0.0265	 100.00	1691.26
    244	400848	     49	    8.0	43528.0	42993.3	 0.0264	 100.00	1691.33
    245	400848	     49	    6.0	43530.0	42995.5	 0.0264	 100.00	1691.36
    246	400848	     49	   22.0	43528.0	42997.7	 0.0270	 100.00	1691.41
    247	400848	     49	    6.0	43530.0	42999.8	 0.0269	 100.00	1691.47
    248	400848	     49	    8.0	43526.0	43001.9	 0.0268	 100.00	1691.58
    249	400848	     49	    9.0	 1286.0	42835.1	 0.0268	 100.00	1691.64
    250	400848	     49	   13.0	    0.0	42664.4	 0.0268	 +99.60	1696.61
    251	400848	     49	   10.0	   10.0	42495.2	 0.0268	  99.60	1695.75
    252	400848	     49	    8.0	   11.0	42327.2	 0.0267	  99.60	1694.11
    253	400848	     49	    6.0	    0.0	42160.6	 0.0266	 +99.21	1697.12
    254	400848	     49	   16.0	   16.0	41995.3	 0.0266	  99.22	1696.04
    255	400848	     49	    6.0	    8.0	41831.3	 0.0265	  99.22	1694.58
    256	400848	     49	    8.0	    8.0	41668.6	 0.0269	  99.22	1693.88
    257	400848	     49	   13.0	    5.0	41507.1	 0.0273	  99.22	1693.19
    258	400848	     49	    9.0	    9.0	41346.9	 0.0273	  99.23	1692.68
    259	400848	     49	   13.0	    8.0	41187.9	 0.0273	  99.23	1692.63
    260	400848	     49	    6.0	    7.0	41030.1	 0.0272	  99.23	1692.55
    261	400848	     49	    8.0	    5.0	40873.5	 0.0274	  99.24	1692.48
    262	400848	     49	   13.0	    7.0	40718.1	 0.0273	  99.24	1692.56
    263	400848	     49	   22.0	   25.0	40564.0	 0.0281	  99.24	1692.58
    264	400848	     49	    6.0	   18.0	40411.0	 0.0280	  99.25	1692.51
    265	400848	     49	   11.0	    1.0	40259.1	 0.0280	  99.25	1692.58
    266	400848	     49	    9.0	    1.0	40108.3	 0.0279	  99.25	1692.77
    267	400848	     49	   17.0	   16.0	39958.7	 0.0280	  99.25	1692.80
    268	400848	     49	    6.0	    9.0	39810.2	 0.0279	  99.26	1692.79
    269	400848	     49	    8.0	    2.0	39662.7	 0.0279	  99.26	1692.75
    270	400848	     49	   10.0	    5.0	39516.4	 0.0278	  99.26	1691.80
    271	400848	     49	   12.0	   17.0	39371.2	 0.0278	  99.26	1691.79
    272	400848	     49	    6.0	    6.0	39227.0	 0.0277	  99.27	1691.38
    273	400848	     49	   12.0	    0.0	39083.8	 0.0276	 +98.91	1696.26
    274	400848	     49	    9.0	    9.0	38941.7	 0.0275	  98.91	1695.37
    275	400848	     49	   13.0	   13.0	38800.7	 0.0276	  98.91	1694.71
    276	400848	     49	    6.0	    3.0	38660.6	 0.0275	  98.92	1694.01
    277	400848	     49	    8.0	    2.0	38521.6	 0.0275	  98.92	1693.44
    278	400848	     49	   16.0	    7.0	38383.5	 0.0277	  98.92	1692.44
    279	400848	     49	   14.0	   19.0	38246.5	 0.0278	  98.93	1692.45
    280	400848	     49	    6.0	   14.0	38110.4	 0.0278	  98.93	1692.43
    281	400848	     49	   11.0	    7.0	37975.3	 0.0278	  98.94	1691.98
    282	400848	     49	    9.0	    0.0	37841.1	 0.0277	 +98.59	1696.66
    283	400848	     49	   14.0	   14.0	37707.9	 0.0277	  98.59	1695.75
    284	400848	     49	    6.0	    9.0	37575.7	 0.0277	  98.60	1695.13
    285	400848	     49	    8.0	    1.0	37444.3	 0.0276	  98.60	1694.57
    286	400848	     49	   10.0	   11.0	37313.8	 0.0277	  98.61	1693.98
    287	400848	     49	   12.0	   13.0	37184.3	 0.0277	  98.61	1693.67
    288	400848	     49	    6.0	    2.0	37055.7	 0.0276	  98.62	1693.63
    289	400848	     49	   15.0	    3.0	36927.9	 0.0277	  98.62	1693.16
    290	400848	     49	    9.0	   10.0	36801.0	 0.0276	  98.63	1692.67
    291	400848	     49	   13.0	   15.0	36675.1	 0.0276	  98.63	1692.09
    292	400848	     49	    6.0	    4.0	36549.9	 0.0276	  98.63	1691.43
    293	400848	     49	    8.0	    5.0	36425.6	 0.0277	  98.64	1691.00
    294	400848	     49	   13.0	    5.0	36302.1	 0.0277	  98.64	1691.08
    295	400848	     49	   16.0	   21.0	36179.6	 0.0281	  98.65	1691.04
    296	400848	     49	    6.0	   15.0	36057.8	 0.0280	  98.65	1691.01
    297	400848	     49	   11.0	    3.0	35936.8	 0.0280	  98.66	1691.00
    298	400848	     49	    9.0	    3.0	35816.6	 0.0279	  98.66	1691.08
    299	400848	     49	   13.0	    9.0	35697.3	 0.0284	  98.67	1690.08
    300	400848	     49	   10.0	    7.0	35578.7	 0.0284	  98.67	1690.10
    301	400848	     49	    6.0	    7.0	35460.9	 0.0283	  98.68	1689.79
    302	400848	     49	   12.0	    4.0	35343.9	 0.0284	  98.68	1688.69
