./asc:main.c:294: warning: auxv random bytes were not cleared
  Round	    PC	Excited	Hamming	   Loss	 Regret	    MSE	  Error	   MIPS
      0	400144	     48	42315.0	42315.0	42315.0	 0.2442	 100.00	  43.70
      1	40081c	     48	 1225.0	43534.0	21767.0	 0.1812	 100.00	 351.26
      2	40081c	     48	    8.0	43534.0	14511.3	 0.1208	 100.00	 529.98
      3	40081c	     48	   10.0	43536.0	10884.0	 0.0940	 100.00	 676.14
      4	40081c	     48	    6.0	43534.0	17414.0	 0.0833	 100.00	 791.45
      5	40081c	     48	   10.0	43532.0	21767.0	 0.0698	 100.00	 883.76
      6	40081c	     48	   12.0	43536.0	24876.9	 0.0612	 100.00	 959.13
      7	40081c	     48	    8.0	43536.0	27209.2	 0.0547	 100.00	1021.17
      8	40081c	     48	    6.0	43534.0	29023.1	 0.0513	 100.00	1073.79
      9	40081c	     48	   14.0	43532.0	30474.0	 0.0519	 100.00	1118.86
     10	40081c	     48	    8.0	43532.0	31661.1	 0.0472	 100.00	1157.80
     11	40081c	     48	   14.0	43538.0	32650.8	 0.0451	 100.00	1192.14
     12	40081c	     48	    6.0	43536.0	33488.2	 0.0417	 100.00	1221.91
     13	40081c	     48	   10.0	43534.0	34205.7	 0.0407	 100.00	1248.34
     14	40081c	     48	   10.0	43536.0	34827.7	 0.0381	 100.00	1272.39
     15	40081c	     48	    8.0	43536.0	35372.0	 0.0359	 100.00	1293.06
     16	40081c	     48	    6.0	43534.0	35852.1	 0.0350	 100.00	1312.06
     17	40081c	     48	   18.0	43532.0	36278.8	 0.0364	 100.00	1326.33
     18	40081c	     48	    8.0	43532.0	36660.5	 0.0345	 100.00	1336.91
     19	40081c	     48	   10.0	43534.0	37004.2	 0.0327	 100.00	1346.81
     20	40081c	     48	    6.0	43532.0	37315.0	 0.0312	 100.00	1357.58
     21	40081c	     48	   10.0	43530.0	37597.5	 0.0314	 100.00	1371.05
     22	40081c	     48	   16.0	43538.0	37855.8	 0.0329	 100.00	1383.50
     23	40081c	     48	    8.0	43538.0	38092.6	 0.0316	 100.00	1394.87
     24	40081c	     48	    6.0	43536.0	38310.3	 0.0304	 100.00	1405.54
     25	40081c	     48	   14.0	43534.0	38511.2	 0.0310	 100.00	1415.62
     26	40081c	     48	    8.0	43534.0	38697.3	 0.0298	 100.00	1424.91
     27	40081c	     48	   12.0	43538.0	38870.1	 0.0294	 100.00	1433.80
     28	40081c	     48	    6.0	43536.0	39031.0	 0.0284	 100.00	1442.14
     29	40081c	     48	   10.0	43534.0	39181.1	 0.0274	 100.00	1449.82
     30	40081c	     48	   10.0	43536.0	39321.6	 0.0265	 100.00	1457.36
     31	40081c	     48	    8.0	43536.0	39453.3	 0.0257	 100.00	1464.33
     32	40081c	     48	    6.0	43534.0	39577.0	 0.0250	 100.00	1470.76
     33	40081c	     48	   22.0	43532.0	39693.3	 0.0284	 100.00	1477.03
     34	40081c	     48	    8.0	43532.0	39803.0	 0.0276	 100.00	1482.95
     35	40081c	     48	   10.0	43534.0	39906.6	 0.0269	 100.00	1488.46
     36	40081c	     48	    6.0	43532.0	40004.6	 0.0261	 100.00	1493.76
     37	40081c	     48	   10.0	43530.0	40097.4	 0.0255	 100.00	1499.02
     38	40081c	     48	   12.0	43534.0	40185.5	 0.0251	 100.00	1503.67
     39	40081c	     48	    8.0	43534.0	40269.2	 0.0250	 100.00	1508.30
     40	40081c	     48	    6.0	43532.0	40348.8	 0.0244	 100.00	1512.65
     41	40081c	     48	   14.0	43530.0	40424.5	 0.0238	 100.00	1516.57
     42	40081c	     48	    8.0	43530.0	40496.7	 0.0233	 100.00	1520.60
     43	40081c	     48	   12.0	43542.0	40566.0	 0.0262	 100.00	1524.46
     44	40081c	     48	    8.0	43538.0	40632.0	 0.0263	 100.00	1527.93
     45	40081c	     48	    6.0	43540.0	40695.2	 0.0266	 100.00	1531.45
     46	40081c	     48	   14.0	43538.0	40755.7	 0.0267	 100.00	1534.84
     47	40081c	     48	    6.0	43540.0	40813.7	 0.0261	 100.00	1537.99
     48	40081c	     48	    8.0	43536.0	40869.3	 0.0266	 100.00	1541.12
     49	40081c	     48	   10.0	43542.0	40922.7	 0.0261	 100.00	1544.16
     50	40081c	     48	   16.0	43534.0	40973.9	 0.0260	 100.00	1546.92
     51	40081c	     48	    8.0	43538.0	41023.2	 0.0259	 100.00	1549.76
     52	40081c	     48	    8.0	43534.0	41070.6	 0.0254	 100.00	1552.49
     53	40081c	     48	    6.0	43536.0	41116.3	 0.0253	 100.00	1554.97
     54	40081c	     48	   18.0	43538.0	41160.3	 0.0252	 100.00	1557.56
     55	40081c	     48	    6.0	43540.0	41202.8	 0.0248	 100.00	1559.98
     56	40081c	     48	    8.0	43536.0	41243.7	 0.0243	 100.00	1562.25
     57	40081c	     48	    8.0	43540.0	41283.3	 0.0239	 100.00	1564.57
     58	40081c	     48	   14.0	43534.0	41321.5	 0.0242	 100.00	1566.78
     59	40081c	     48	   10.0	43540.0	41358.4	 0.0238	 100.00	1568.67
     60	40081c	     48	    8.0	43536.0	41394.1	 0.0234	 100.00	1570.52
     61	40081c	     48	    6.0	43538.0	41428.7	 0.0231	 100.00	1571.96
     62	40081c	     48	   14.0	43536.0	41462.2	 0.0229	 100.00	1570.53
     63	40081c	     48	    6.0	43538.0	41494.6	 0.0226	 100.00	1569.43
     64	40081c	     48	    8.0	43534.0	41526.0	 0.0226	 100.00	1568.97
     65	40081c	     48	   14.0	43544.0	41556.5	 0.0228	 100.00	1570.06
     66	40081c	     48	   20.0	43532.0	41586.0	 0.0236	 100.00	1571.11
     67	40081c	     48	    8.0	43536.0	41614.7	 0.0238	 100.00	1570.90
     68	40081c	     48	    8.0	43532.0	41642.5	 0.0235	 100.00	1569.90
     69	40081c	     48	    6.0	43534.0	41669.5	 0.0233	 100.00	1568.92
     70	40081c	     48	   16.0	43534.0	41695.8	 0.0232	 100.00	1568.03
     71	40081c	     48	    6.0	43536.0	41721.3	 0.0230	 100.00	1567.09
     72	40081c	     48	    8.0	43532.0	41746.1	 0.0227	 100.00	1566.52
     73	40081c	     48	    8.0	43536.0	41770.3	 0.0227	 100.00	1567.57
     74	40081c	     48	   14.0	43530.0	41793.8	 0.0226	 100.00	1568.66
     75	40081c	     48	   12.0	43538.0	41816.7	 0.0229	 100.00	1568.64
     76	40081c	     48	    8.0	43534.0	41839.0	 0.0226	 100.00	1567.68
     77	40081c	     48	    6.0	43536.0	41860.8	 0.0223	 100.00	1566.79
     78	40081c	     48	   14.0	43534.0	41882.0	 0.0220	 100.00	1566.01
     79	40081c	     48	    6.0	43536.0	41902.7	 0.0218	 100.00	1564.96
     80	40081c	     48	    8.0	43532.0	41922.8	 0.0215	 100.00	1564.74
     81	40081c	     48	   10.0	43538.0	41942.5	 0.0212	 100.00	1565.82
     82	40081c	     48	   16.0	43530.0	41961.6	 0.0214	 100.00	1566.60
     83	40081c	     48	    8.0	43534.0	41980.3	 0.0211	 100.00	1566.89
     84	40081c	     48	    8.0	43530.0	41998.5	 0.0209	 100.00	1566.09
     85	40081c	     48	    6.0	43532.0	42016.4	 0.0207	 100.00	1565.23
     86	40081c	     48	   14.0	43542.0	42033.9	 0.0223	 100.00	1564.53
     87	40081c	     48	   10.0	43540.0	42051.0	 0.0225	 100.00	1563.63
     88	40081c	     48	    6.0	43538.0	42067.7	 0.0223	 100.00	1562.83
     89	40081c	     48	   10.0	43540.0	42084.1	 0.0221	 100.00	1562.39
     90	40081c	     48	    8.0	43540.0	42100.1	 0.0218	 100.00	1563.27
     91	40081c	     48	   16.0	43540.0	42115.7	 0.0224	 100.00	1563.43
     92	40081c	     48	    6.0	43538.0	42131.0	 0.0221	 100.00	1562.70
     93	40081c	     48	    8.0	43538.0	42146.0	 0.0219	 100.00	1562.14
     94	40081c	     48	   10.0	43540.0	42160.7	 0.0217	 100.00	1561.79
     95	40081c	     48	   10.0	43538.0	42175.0	 0.0217	 100.00	1561.06
     96	40081c	     48	    6.0	43536.0	42189.1	 0.0215	 100.00	1560.51
     97	40081c	     48	   14.0	43542.0	42202.9	 0.0217	 100.00	1560.21
     98	40081c	     48	    8.0	43542.0	42216.4	 0.0225	 100.00	1561.05
     99	40081c	     48	   18.0	43536.0	42229.6	 0.0235	 100.00	1561.35
    100	40081c	     48	    6.0	43534.0	42242.5	 0.0233	 100.00	1560.86
    101	40081c	     48	    8.0	43534.0	42255.2	 0.0230	 100.00	1560.49
    102	40081c	     48	   12.0	43538.0	42267.6	 0.0229	 100.00	1559.90
    103	40081c	     48	   10.0	43536.0	42279.8	 0.0227	 100.00	1559.32
    104	40081c	     48	    6.0	43534.0	42291.8	 0.0225	 100.00	1558.71
    105	40081c	     48	   10.0	43536.0	42303.5	 0.0224	 100.00	1558.38
    106	40081c	     48	    8.0	43536.0	42315.0	 0.0222	 100.00	1559.27
    107	40081c	     48	   20.0	43540.0	42326.4	 0.0224	 100.00	1559.41
    108	40081c	     48	    6.0	43538.0	42337.5	 0.0222	 100.00	1558.88
    109	40081c	     48	    8.0	43538.0	42348.4	 0.0220	 100.00	1558.45
    110	40081c	     48	   10.0	43540.0	42359.1	 0.0219	 100.00	1557.88
    111	40081c	     48	   10.0	43538.0	42369.6	 0.0217	 100.00	1557.40
    112	40081c	     48	    6.0	43536.0	42380.0	 0.0215	 100.00	1557.32
    113	40081c	     48	   12.0	43540.0	42390.1	 0.0213	 100.00	1557.51
    114	40081c	     48	    8.0	43540.0	42400.1	 0.0211	 100.00	1558.92
    115	40081c	     48	   16.0	43536.0	42409.9	 0.0212	 100.00	1560.06
    116	40081c	     48	    6.0	43534.0	42419.5	 0.0210	 100.00	1561.02
    117	40081c	     48	    8.0	43534.0	42429.0	 0.0209	 100.00	1562.00
    118	40081c	     48	   14.0	43540.0	42438.3	 0.0208	 100.00	1563.05
    119	40081c	     48	   10.0	43538.0	42447.5	 0.0206	 100.00	1564.05
    120	40081c	     48	    6.0	43536.0	42456.5	 0.0204	 100.00	1564.92
    121	40081c	     48	   10.0	43538.0	42465.3	 0.0203	 100.00	1566.01
    122	40081c	     48	    8.0	43538.0	42474.1	 0.0201	 100.00	1567.12
    123	40081c	     48	   16.0	43538.0	42482.6	 0.0209	 100.00	1568.01
    124	40081c	     48	    6.0	43536.0	42491.1	 0.0207	 100.00	1568.85
    125	40081c	     48	    8.0	43536.0	42499.4	 0.0206	 100.00	1569.94
    126	40081c	     48	   10.0	43538.0	42507.5	 0.0204	 100.00	1570.93
    127	40081c	     48	   10.0	43536.0	42515.6	 0.0202	 100.00	1571.84
    128	40081c	     48	    6.0	43534.0	42523.5	 0.0201	 100.00	1573.04
    129	40081c	     48	   12.0	43546.0	42531.3	 0.0209	 100.00	1574.18
    130	40081c	     48	   10.0	43544.0	42539.1	 0.0208	 100.00	1575.31
    131	40081c	     48	    8.0	43548.0	42546.7	 0.0206	 100.00	1576.48
    132	40081c	     48	   20.0	43532.0	42554.1	 0.0221	 100.00	1577.68
    133	40081c	     48	    6.0	43534.0	42561.4	 0.0219	 100.00	1578.77
    134	40081c	     48	   14.0	43536.0	42568.7	 0.0223	 100.00	1579.84
    135	40081c	     48	    6.0	43538.0	42575.8	 0.0221	 100.00	1581.04
    136	40081c	     48	   10.0	43532.0	42582.8	 0.0220	 100.00	1582.17
    137	40081c	     48	    8.0	43536.0	42589.7	 0.0218	 100.00	1583.32
    138	40081c	     48	   10.0	43534.0	42596.5	 0.0217	 100.00	1584.41
    139	40081c	     48	   12.0	43542.0	42603.2	 0.0218	 100.00	1585.46
    140	40081c	     48	   12.0	43534.0	42609.8	 0.0221	 100.00	1586.53
    141	40081c	     48	    6.0	43536.0	42616.3	 0.0219	 100.00	1587.59
    142	40081c	     48	   12.0	43536.0	42622.8	 0.0217	 100.00	1588.61
    143	40081c	     48	    6.0	43538.0	42629.1	 0.0216	 100.00	1589.67
    144	40081c	     48	   10.0	43532.0	42635.4	 0.0216	 100.00	1590.74
    145	40081c	     48	   10.0	43538.0	42641.5	 0.0215	 100.00	1591.76
    146	40081c	     48	   10.0	43536.0	42647.6	 0.0214	 100.00	1592.82
    147	40081c	     48	    8.0	43540.0	42653.6	 0.0213	 100.00	1593.77
    148	40081c	     48	   14.0	43530.0	42659.5	 0.0215	 100.00	1594.70
    149	40081c	     48	    6.0	43532.0	42665.3	 0.0213	 100.00	1595.60
    150	40081c	     48	   18.0	43538.0	42671.1	 0.0215	 100.00	1596.49
    151	40081c	     48	    6.0	43540.0	42676.8	 0.0214	 100.00	1597.43
    152	40081c	     48	   10.0	43534.0	42682.4	 0.0213	 100.00	1598.40
    153	40081c	     48	    8.0	43538.0	42688.0	 0.0211	 100.00	1599.24
    154	40081c	     48	   10.0	43536.0	42693.5	 0.0210	 100.00	1600.09
    155	40081c	     48	   10.0	43542.0	42698.9	 0.0210	 100.00	1600.95
    156	40081c	     48	   12.0	43534.0	42704.2	 0.0210	 100.00	1601.74
    157	40081c	     48	    6.0	43536.0	42709.5	 0.0208	 100.00	1602.50
    158	40081c	     48	   12.0	43536.0	42714.7	 0.0207	 100.00	1603.29
    159	40081c	     48	    6.0	43538.0	42719.8	 0.0207	 100.00	1604.09
    160	40081c	     48	   10.0	43532.0	42724.9	 0.0206	 100.00	1604.83
    161	40081c	     48	   12.0	43540.0	42729.9	 0.0206	 100.00	1605.59
    162	40081c	     48	   10.0	43538.0	42734.9	 0.0205	 100.00	1606.47
    163	40081c	     48	    8.0	43542.0	42739.8	 0.0204	 100.00	1606.79
    164	40081c	     48	   16.0	43530.0	42744.6	 0.0207	 100.00	1607.16
    165	40081c	     48	    6.0	43532.0	42749.3	 0.0206	 100.00	1607.57
    166	40081c	     48	   14.0	43534.0	42754.0	 0.0207	 100.00	1607.95
    167	40081c	     48	    6.0	43536.0	42758.7	 0.0206	 100.00	1608.39
    168	40081c	     48	   10.0	43530.0	42763.2	 0.0204	 100.00	1608.80
    169	40081c	     48	    8.0	43534.0	42767.8	 0.0203	 100.00	1609.18
    170	40081c	     48	   10.0	43532.0	42772.2	 0.0202	 100.00	1609.58
    171	40081c	     48	   12.0	43544.0	42776.7	 0.0205	 100.00	1609.98
    172	40081c	     48	    6.0	43542.0	42781.2	 0.0204	 100.00	1610.36
    173	40081c	     48	   12.0	43538.0	42785.5	 0.0203	 100.00	1610.75
    174	40081c	     48	   10.0	43540.0	42789.8	 0.0202	 100.00	1611.14
    175	40081c	     48	    8.0	43540.0	42794.1	 0.0200	 100.00	1611.47
    176	40081c	     48	    6.0	43538.0	42798.3	 0.0199	 100.00	1611.86
    177	40081c	     48	   14.0	43540.0	42802.4	 0.0198	 100.00	1612.26
    178	40081c	     48	    8.0	43540.0	42806.6	 0.0197	 100.00	1612.61
    179	40081c	     48	   10.0	43542.0	42810.7	 0.0196	 100.00	1612.98
    180	40081c	     48	    6.0	43540.0	42814.7	 0.0195	 100.00	1613.34
    181	40081c	     48	   14.0	43534.0	42818.6	 0.0196	 100.00	1613.68
    182	40081c	     48	   14.0	43540.0	42822.6	 0.0197	 100.00	1614.06
    183	40081c	     48	    8.0	43540.0	42826.5	 0.0195	 100.00	1614.43
    184	40081c	     48	    6.0	43538.0	42830.3	 0.0194	 100.00	1614.71
    185	40081c	     48	   12.0	43538.0	42834.1	 0.0193	 100.00	1615.08
    186	40081c	     48	    8.0	43538.0	42837.9	 0.0192	 100.00	1615.29
    187	40081c	     48	   12.0	43542.0	42841.6	 0.0191	 100.00	1614.99
    188	40081c	     48	    6.0	43540.0	42845.3	 0.0190	 100.00	1614.51
    189	40081c	     48	   12.0	43536.0	42849.0	 0.0190	 100.00	1614.11
    190	40081c	     48	   10.0	43538.0	42852.6	 0.0189	 100.00	1614.44
    191	40081c	     48	    8.0	43538.0	42856.1	 0.0188	 100.00	1614.88
    192	40081c	     48	    6.0	43536.0	42859.7	 0.0187	 100.00	1615.29
    193	40081c	     48	   18.0	43542.0	42863.2	 0.0188	 100.00	1615.71
    194	40081c	     48	    8.0	43542.0	42866.7	 0.0187	 100.00	1616.13
    195	40081c	     48	   10.0	43544.0	42870.1	 0.0186	 100.00	1616.49
    196	40081c	     48	    6.0	43542.0	42873.5	 0.0187	 100.00	1616.90
    197	40081c	     48	   18.0	43532.0	42876.9	 0.0191	 100.00	1617.31
    198	40081c	     48	   12.0	43536.0	42880.2	 0.0191	 100.00	1617.68
    199	40081c	     48	    8.0	43536.0	42883.4	 0.0190	 100.00	1618.10
    200	40081c	     48	    6.0	43534.0	42886.7	 0.0189	 100.00	1618.50
    201	40081c	     48	   12.0	43534.0	42889.9	 0.0190	 100.00	1618.87
    202	40081c	     48	    8.0	43534.0	42893.1	 0.0189	 100.00	1619.25
    203	40081c	     48	   14.0	43540.0	42896.2	 0.0190	 100.00	1619.63
    204	40081c	     48	    6.0	43538.0	42899.4	 0.0189	 100.00	1619.99
    205	40081c	     48	   12.0	43534.0	42902.4	 0.0190	 100.00	1620.38
    206	40081c	     48	   10.0	43536.0	42905.5	 0.0190	 100.00	1620.75
    207	40081c	     48	    8.0	43536.0	42908.5	 0.0189	 100.00	1621.11
    208	40081c	     48	    6.0	43534.0	42911.5	 0.0188	 100.00	1621.49
    209	40081c	     48	   14.0	43536.0	42914.5	 0.0188	 100.00	1621.86
    210	40081c	     48	    8.0	43536.0	42917.5	 0.0187	 100.00	1622.21
    211	40081c	     48	   10.0	43538.0	42920.4	 0.0186	 100.00	1622.58
    212	40081c	     48	    6.0	43536.0	42923.3	 0.0185	 100.00	1622.95
    213	40081c	     48	   14.0	43530.0	42926.1	 0.0185	 100.00	1623.34
    214	40081c	     48	   14.0	43540.0	42929.0	 0.0188	 100.00	1623.74
    215	40081c	     48	    6.0	43542.0	42931.8	 0.0187	 100.00	1624.11
    216	40081c	     48	    8.0	43538.0	42934.6	 0.0187	 100.00	1624.32
    217	40081c	     48	    8.0	43542.0	42937.4	 0.0187	 100.00	1624.56
    218	40081c	     48	   12.0	43538.0	42940.1	 0.0188	 100.00	1624.76
    219	40081c	     48	   10.0	43544.0	42942.9	 0.0189	 100.00	1624.97
    220	40081c	     48	    8.0	43540.0	42945.6	 0.0189	 100.00	1625.19
    221	40081c	     48	    6.0	43542.0	42948.3	 0.0188	 100.00	1625.41
    222	40081c	     48	   16.0	43538.0	42950.9	 0.0189	 100.00	1625.61
    223	40081c	     48	    6.0	43540.0	42953.5	 0.0188	 100.00	1625.86
    224	40081c	     48	    8.0	43536.0	42956.1	 0.0187	 100.00	1626.11
    225	40081c	     48	   12.0	43544.0	42958.7	 0.0189	 100.00	1626.34
    226	40081c	     48	   12.0	43540.0	42961.3	 0.0189	 100.00	1626.61
    227	40081c	     48	    8.0	43544.0	42963.8	 0.0189	 100.00	1626.86
    228	40081c	     48	    8.0	43540.0	42966.3	 0.0188	 100.00	1627.12
    229	40081c	     48	    6.0	43542.0	42968.9	 0.0189	 100.00	1627.34
    230	40081c	     48	   22.0	43536.0	42971.3	 0.0191	 100.00	1627.56
    231	40081c	     48	    6.0	43538.0	42973.8	 0.0190	 100.00	1627.77
    232	40081c	     48	    8.0	43534.0	42976.2	 0.0189	 100.00	1627.97
    233	40081c	     48	    8.0	43538.0	42978.6	 0.0191	 100.00	1628.15
    234	40081c	     48	   12.0	43534.0	42980.9	 0.0191	 100.00	1628.38
    235	40081c	     48	   14.0	43544.0	42983.3	 0.0192	 100.00	1628.56
    236	40081c	     48	    8.0	43540.0	42985.7	 0.0191	 100.00	1628.76
    237	40081c	     48	    6.0	43542.0	42988.0	 0.0191	 100.00	1628.94
    238	40081c	     48	   16.0	43538.0	42990.3	 0.0191	 100.00	1629.16
    239	40081c	     48	    6.0	43540.0	42992.6	 0.0191	 100.00	1629.35
    240	40081c	     48	    8.0	 1292.0	42819.6	 0.0190	 100.00	1629.63
    241	40081c	     48	   10.0	 1298.0	42648.0	 0.0189	 100.00	1629.85
    242	40081c	     48	   12.0	   12.0	42472.5	 0.0188	 100.00	1630.10
    243	40081c	     48	    8.0	    0.0	42298.5	 0.0188	 +99.59	1636.14
    244	40081c	     48	    8.0	    8.0	42125.8	 0.0187	  99.59	1635.33
    245	40081c	     48	    6.0	    6.0	41954.6	 0.0187	  99.59	1635.72
    246	40081c	     48	   22.0	   16.0	41784.8	 0.0190	  99.60	1635.46
    247	40081c	     48	    6.0	    9.0	41616.4	 0.0189	  99.60	1635.04
    248	40081c	     48	    8.0	    0.0	41449.2	 0.0188	 +99.20	1640.35
    249	40081c	     48	    8.0	    8.0	41283.5	 0.0188	  99.20	1639.49
    250	40081c	     48	   12.0	   12.0	41119.0	 0.0187	  99.20	1639.04
    251	40081c	     48	   10.0	    3.0	40955.9	 0.0188	  99.21	1638.61
    252	40081c	     48	    8.0	    3.0	40794.0	 0.0187	  99.21	1638.62
    253	40081c	     48	    6.0	    0.0	40633.4	 0.0187	 +98.82	1643.74
    254	40081c	     48	   16.0	   16.0	40474.1	 0.0186	  98.82	1642.95
    255	40081c	     48	    6.0	    6.0	40316.1	 0.0185	  98.83	1643.14
    256	40081c	     48	    8.0	    3.0	40159.2	 0.0186	  98.83	1640.96
    257	40081c	     48	   12.0	    7.0	40003.6	 0.0190	  98.84	1638.94
    258	40081c	     48	    8.0	   13.0	39849.2	 0.0189	  98.84	1637.45
    259	40081c	     48	   12.0	    3.0	39695.9	 0.0190	  98.85	1636.16
    260	40081c	     48	    6.0	    3.0	39543.8	 0.0190	  98.85	1634.91
    261	40081c	     48	    8.0	    0.0	39392.9	 0.0189	 +98.47	1639.39
    262	40081c	     48	   12.0	   12.0	39243.2	 0.0189	  98.48	1638.51
    263	40081c	     48	   22.0	   24.0	39094.6	 0.0196	  98.48	1638.06
    264	40081c	     48	    6.0	   10.0	38947.1	 0.0196	  98.49	1636.80
    265	40081c	     48	   10.0	    1.0	38800.7	 0.0196	  98.50	1634.81
    266	40081c	     48	    8.0	    1.0	38655.4	 0.0195	  98.50	1633.39
    267	40081c	     48	   16.0	    2.0	38511.1	 0.0196	  98.51	1632.21
    268	40081c	     48	    6.0	    2.0	38368.0	 0.0195	  98.51	1631.01
    269	40081c	     48	    8.0	    0.0	38225.9	 0.0194	 +98.15	1635.30
    270	40081c	     48	   10.0	   10.0	38084.9	 0.0194	  98.15	1634.50
    271	40081c	     48	   12.0	   12.0	37944.9	 0.0193	  98.16	1633.97
    272	40081c	     48	    6.0	    2.0	37805.9	 0.0193	  98.17	1633.05
    273	40081c	     48	   12.0	    7.0	37668.0	 0.0193	  98.18	1632.13
    274	40081c	     48	    8.0	   15.0	37531.0	 0.0193	  98.18	1632.14
    275	40081c	     48	   12.0	   13.0	37395.1	 0.0193	  98.19	1632.32
    276	40081c	     48	    6.0	    1.0	37260.1	 0.0192	  98.19	1632.51
    277	40081c	     48	    8.0	    2.0	37126.1	 0.0192	  98.20	1631.78
    278	40081c	     48	   16.0	   18.0	36993.1	 0.0192	  98.21	1632.00
    279	40081c	     48	   14.0	   13.0	36861.0	 0.0193	  98.21	1632.07
    280	40081c	     48	    6.0	    2.0	36729.8	 0.0192	  98.22	1631.69
    281	40081c	     48	   10.0	    0.0	36599.6	 0.0192	 +97.87	1636.44
    282	40081c	     48	    8.0	    8.0	36470.3	 0.0191	  97.88	1635.67
    283	40081c	     48	   14.0	   14.0	36341.9	 0.0191	  97.89	1635.30
    284	40081c	     48	    6.0	    0.0	36214.4	 0.0190	 +97.54	1639.82
    285	40081c	     48	    8.0	    8.0	36087.8	 0.0189	  97.55	1639.07
    286	40081c	     48	   10.0	   10.0	35962.1	 0.0189	  97.56	1638.29
    287	40081c	     48	   12.0	    2.0	35837.2	 0.0189	  97.57	1635.97
    288	40081c	     48	    6.0	    0.0	35713.2	 0.0188	 +97.23	1639.49
    289	40081c	     48	   14.0	   14.0	35590.1	 0.0188	  97.24	1638.97
    290	40081c	     48	    8.0	    9.0	35467.9	 0.0187	  97.25	1639.28
    291	40081c	     48	   12.0	    0.0	35346.4	 0.0187	 +96.92	1644.72
    292	40081c	     48	    6.0	    6.0	35225.8	 0.0186	  96.93	1644.20
    293	40081c	     48	    8.0	    8.0	35106.0	 0.0185	  96.94	1644.11
    294	40081c	     48	   12.0	    0.0	34987.0	 0.0185	 +96.61	1649.03
    295	40081c	     48	   16.0	   16.0	34868.9	 0.0187	  96.62	1648.54
    296	40081c	     48	    6.0	   10.0	34751.5	 0.0186	  96.63	1648.10
    297	40081c	     48	   10.0	    0.0	34634.9	 0.0186	 +96.31	1652.57
    298	40081c	     48	    8.0	    8.0	34519.1	 0.0185	  96.32	1651.83
    299	40081c	     48	   12.0	   12.0	34404.0	 0.0188	  96.33	1651.45
    300	40081c	     48	   10.0	    5.0	34289.8	 0.0188	  96.35	1650.53
    301	40081c	     48	    6.0	   12.0	34176.2	 0.0188	  96.36	1648.57
    302	40081c	     48	   12.0	    6.0	34063.5	 0.0187	  96.37	1646.88
