./asc:main.c:294: warning: auxv random bytes were not cleared
  Round	    PC	Excited	Hamming	   Loss	 Regret	    MSE	  Error	   MIPS
      0	400144	    112	42316.0	42316.0	42316.0	 0.2360	 100.00	  21.98
      1	4007e8	    112	 1189.0	43501.0	21750.5	 0.2164	 100.00	 188.42
      2	4007e8	    112	   20.0	43501.0	14500.3	 0.1454	 100.00	 322.76
      3	4007e8	    112	   25.0	43506.0	10876.5	 0.1134	 100.00	 436.70
      4	4007e8	    112	   15.0	43501.0	17401.4	 0.1019	 100.00	 533.51
      5	4007e8	    112	   25.0	43496.0	21750.5	 0.0964	 100.00	 616.67
      6	4007e8	    112	   30.0	43506.0	24858.4	 0.0857	 100.00	 689.22
      7	4007e8	    112	   20.0	43506.0	27189.4	 0.0835	 100.00	 752.84
      8	4007e8	    112	   15.0	43501.0	29001.8	 0.0752	 100.00	 809.07
      9	4007e8	    112	   35.0	43496.0	30451.2	 0.0785	 100.00	 859.21
     10	4007e8	    112	   20.0	43496.0	31637.1	 0.0719	 100.00	 904.01
     11	4007e8	    112	   35.0	43511.0	32626.6	 0.0740	 100.00	 944.04
     12	4007e8	    112	   15.0	43506.0	33463.5	 0.0701	 100.00	 981.01
     13	4007e8	    112	   25.0	43501.0	34180.4	 0.0668	 100.00	1014.58
     14	4007e8	    112	   25.0	43506.0	34802.1	 0.0643	 100.00	1045.09
     15	4007e8	    112	   20.0	43506.0	35346.1	 0.0605	 100.00	1073.12
     16	4007e8	    112	   15.0	43501.0	35825.8	 0.0586	 100.00	1098.95
     17	4007e8	    112	   45.0	43496.0	36251.9	 0.0597	 100.00	1122.89
     18	4007e8	    112	   20.0	43496.0	36633.2	 0.0575	 100.00	1145.01
     19	4007e8	    112	   25.0	43501.0	36976.6	 0.0561	 100.00	1165.49
     20	4007e8	    112	   15.0	43496.0	37287.0	 0.0534	 100.00	1184.71
     21	4007e8	    112	   25.0	43491.0	37569.0	 0.0544	 100.00	1202.56
     22	4007e8	    112	   40.0	43511.0	37827.4	 0.0561	 100.00	1219.31
     23	4007e8	    112	   20.0	43511.0	38064.2	 0.0541	 100.00	1234.99
     24	4007e8	    112	   15.0	43506.0	38281.9	 0.0542	 100.00	1249.81
     25	4007e8	    112	   35.0	43501.0	38482.6	 0.0540	 100.00	1263.72
     26	4007e8	    112	   20.0	43501.0	38668.5	 0.0520	 100.00	1276.82
     27	4007e8	    112	   30.0	43511.0	38841.4	 0.0518	 100.00	1289.18
     28	4007e8	    112	   15.0	43506.0	39002.3	 0.0500	 100.00	1300.90
     29	4007e8	    112	   25.0	43501.0	39152.2	 0.0490	 100.00	1311.95
     30	4007e8	    112	   25.0	43506.0	39292.7	 0.0480	 100.00	1322.54
     31	4007e8	    112	   20.0	43506.0	39424.3	 0.0466	 100.00	1332.49
     32	4007e8	    112	   15.0	43501.0	39547.9	 0.0482	 100.00	1341.89
     33	4007e8	    112	   55.0	43496.0	39664.0	 0.0504	 100.00	1350.96
     34	4007e8	    112	   20.0	43496.0	39773.5	 0.0491	 100.00	1359.67
     35	4007e8	    112	   25.0	43501.0	39877.0	 0.0480	 100.00	1367.97
     36	4007e8	    112	   15.0	43496.0	39974.8	 0.0467	 100.00	1375.93
     37	4007e8	    112	   25.0	43491.0	40067.4	 0.0470	 100.00	1383.45
     38	4007e8	    112	   30.0	43501.0	40155.4	 0.0460	 100.00	1390.69
     39	4007e8	    112	   20.0	43501.0	40239.1	 0.0449	 100.00	1397.62
     40	4007e8	    112	   15.0	43496.0	40318.5	 0.0438	 100.00	1404.28
     41	4007e8	    112	   35.0	43491.0	40394.0	 0.0442	 100.00	1410.63
     42	4007e8	    112	   20.0	43491.0	40466.0	 0.0431	 100.00	1416.77
     43	4007e8	    112	   30.0	43521.0	40535.5	 0.0467	 100.00	1422.56
     44	4007e8	    112	   20.0	43511.0	40601.6	 0.0465	 100.00	1427.99
     45	4007e8	    112	   15.0	43516.0	40665.0	 0.0456	 100.00	1433.36
     46	4007e8	    112	   35.0	43511.0	40725.5	 0.0448	 100.00	1438.84
     47	4007e8	    112	   15.0	43516.0	40783.6	 0.0443	 100.00	1444.05
     48	4007e8	    112	   20.0	43506.0	40839.2	 0.0460	 100.00	1449.08
     49	4007e8	    112	   25.0	43521.0	40892.8	 0.0465	 100.00	1453.70
     50	4007e8	    112	   40.0	43501.0	40944.0	 0.0472	 100.00	1458.35
     51	4007e8	    112	   20.0	43511.0	40993.3	 0.0465	 100.00	1462.93
     52	4007e8	    112	   20.0	43501.0	41040.7	 0.0460	 100.00	1467.49
     53	4007e8	    112	   15.0	43506.0	41086.3	 0.0453	 100.00	1471.89
     54	4007e8	    112	   45.0	43511.0	41130.4	 0.0460	 100.00	1475.92
     55	4007e8	    112	   15.0	43516.0	41173.0	 0.0454	 100.00	1479.35
     56	4007e8	    112	   20.0	43506.0	41213.9	 0.0451	 100.00	1482.12
     57	4007e8	    112	   20.0	43516.0	41253.6	 0.0446	 100.00	1483.32
     58	4007e8	    112	   35.0	43501.0	41291.7	 0.0442	 100.00	1484.49
     59	4007e8	    112	   25.0	43516.0	41328.8	 0.0435	 100.00	1485.36
     60	4007e8	    112	   20.0	43506.0	41364.5	 0.0428	 100.00	1487.49
     61	4007e8	    112	   15.0	43511.0	41399.1	 0.0421	 100.00	1490.40
     62	4007e8	    112	   35.0	43506.0	41432.5	 0.0418	 100.00	1493.40
     63	4007e8	    112	   15.0	43511.0	41465.0	 0.0412	 100.00	1496.37
     64	4007e8	    112	   20.0	43501.0	41496.3	 0.0407	 100.00	1499.23
     65	4007e8	    112	   35.0	43526.0	41527.1	 0.0407	 100.00	1501.94
     66	4007e8	    112	   50.0	43496.0	41556.5	 0.0424	 100.00	1504.68
     67	4007e8	    112	   20.0	43506.0	41585.1	 0.0419	 100.00	1507.24
     68	4007e8	    112	   20.0	43496.0	41612.8	 0.0417	 100.00	1509.49
     69	4007e8	    112	   15.0	43501.0	41639.8	 0.0416	 100.00	1511.81
     70	4007e8	    112	   40.0	43501.0	41666.0	 0.0415	 100.00	1514.29
     71	4007e8	    112	   15.0	43506.0	41691.6	 0.0410	 100.00	1516.58
     72	4007e8	    112	   20.0	43496.0	41716.3	 0.0404	 100.00	1518.89
     73	4007e8	    112	   20.0	43506.0	41740.5	 0.0402	 100.00	1521.18
     74	4007e8	    112	   35.0	43491.0	41763.8	 0.0410	 100.00	1523.32
     75	4007e8	    112	   30.0	43511.0	41786.8	 0.0406	 100.00	1525.46
     76	4007e8	    112	   20.0	43501.0	41809.1	 0.0403	 100.00	1527.56
     77	4007e8	    112	   15.0	43506.0	41830.8	 0.0398	 100.00	1529.61
     78	4007e8	    112	   35.0	43501.0	41852.0	 0.0395	 100.00	1531.69
     79	4007e8	    112	   15.0	43506.0	41872.7	 0.0391	 100.00	1533.48
     80	4007e8	    112	   20.0	43496.0	41892.7	 0.0390	 100.00	1535.42
     81	4007e8	    112	   25.0	43511.0	41912.4	 0.0387	 100.00	1537.32
     82	4007e8	    112	   40.0	43491.0	41931.4	 0.0391	 100.00	1539.06
     83	4007e8	    112	   20.0	43501.0	41950.1	 0.0386	 100.00	1540.81
     84	4007e8	    112	   20.0	43491.0	41968.3	 0.0383	 100.00	1542.57
     85	4007e8	    112	   15.0	43496.0	41986.0	 0.0379	 100.00	1544.28
     86	4007e8	    112	   35.0	43521.0	42003.7	 0.0399	 100.00	1545.94
     87	4007e8	    112	   25.0	43516.0	42020.9	 0.0401	 100.00	1547.61
     88	4007e8	    112	   15.0	43511.0	42037.6	 0.0400	 100.00	1549.17
     89	4007e8	    112	   25.0	43516.0	42054.0	 0.0401	 100.00	1550.73
     90	4007e8	    112	   20.0	43516.0	42070.1	 0.0400	 100.00	1552.26
     91	4007e8	    112	   40.0	43516.0	42085.8	 0.0410	 100.00	1553.70
     92	4007e8	    112	   15.0	43511.0	42101.1	 0.0407	 100.00	1555.09
     93	4007e8	    112	   20.0	43511.0	42116.1	 0.0405	 100.00	1556.60
     94	4007e8	    112	   25.0	43516.0	42130.9	 0.0406	 100.00	1558.07
     95	4007e8	    112	   25.0	43511.0	42145.2	 0.0403	 100.00	1559.43
     96	4007e8	    112	   15.0	43506.0	42159.3	 0.0403	 100.00	1560.78
     97	4007e8	    112	   35.0	43521.0	42173.2	 0.0402	 100.00	1562.08
     98	4007e8	    112	   20.0	43521.0	42186.8	 0.0403	 100.00	1563.39
     99	4007e8	    112	   45.0	43506.0	42200.0	 0.0418	 100.00	1564.73
    100	4007e8	    112	   15.0	43501.0	42212.9	 0.0416	 100.00	1565.97
    101	4007e8	    112	   20.0	43501.0	42225.5	 0.0413	 100.00	1567.27
    102	4007e8	    112	   30.0	43511.0	42238.0	 0.0412	 100.00	1568.51
    103	4007e8	    112	   25.0	43506.0	42250.2	 0.0412	 100.00	1569.67
    104	4007e8	    112	   15.0	43501.0	42262.1	 0.0408	 100.00	1570.88
    105	4007e8	    112	   25.0	43506.0	42273.8	 0.0412	 100.00	1572.08
    106	4007e8	    112	   20.0	43506.0	42285.3	 0.0409	 100.00	1573.17
    107	4007e8	    112	   50.0	43516.0	42296.7	 0.0413	 100.00	1574.31
    108	4007e8	    112	   15.0	43511.0	42307.9	 0.0410	 100.00	1575.45
    109	4007e8	    112	   20.0	43511.0	42318.8	 0.0407	 100.00	1576.52
    110	4007e8	    112	   25.0	43516.0	42329.6	 0.0405	 100.00	1577.65
    111	4007e8	    112	   25.0	43511.0	42340.1	 0.0404	 100.00	1578.71
    112	4007e8	    112	   15.0	43506.0	42350.4	 0.0403	 100.00	1579.73
    113	4007e8	    112	   30.0	43516.0	42360.7	 0.0404	 100.00	1580.81
    114	4007e8	    112	   20.0	43516.0	42370.7	 0.0401	 100.00	1581.88
    115	4007e8	    112	   40.0	43506.0	42380.5	 0.0406	 100.00	1582.76
    116	4007e8	    112	   15.0	43501.0	42390.1	 0.0402	 100.00	1583.83
    117	4007e8	    112	   20.0	43501.0	42399.5	 0.0399	 100.00	1584.84
    118	4007e8	    112	   35.0	43516.0	42408.9	 0.0399	 100.00	1585.85
    119	4007e8	    112	   25.0	43511.0	42418.1	 0.0399	 100.00	1586.81
    120	4007e8	    112	   15.0	43506.0	42427.0	 0.0396	 100.00	1587.81
    121	4007e8	    112	   25.0	43511.0	42435.9	 0.0399	 100.00	1588.80
    122	4007e8	    112	   20.0	43511.0	42444.7	 0.0396	 100.00	1589.70
    123	4007e8	    112	   40.0	43511.0	42453.3	 0.0395	 100.00	1590.61
    124	4007e8	    112	   15.0	43506.0	42461.7	 0.0392	 100.00	1591.45
    125	4007e8	    112	   20.0	43506.0	42470.0	 0.0389	 100.00	1592.34
    126	4007e8	    112	   25.0	43511.0	42478.2	 0.0388	 100.00	1593.17
    127	4007e8	    112	   25.0	43506.0	42486.2	 0.0388	 100.00	1593.98
    128	4007e8	    112	   15.0	43501.0	42494.1	 0.0387	 100.00	1594.87
    129	4007e8	    112	   30.0	43531.0	42502.1	 0.0395	 100.00	1595.75
    130	4007e8	    112	   25.0	43526.0	42509.9	 0.0394	 100.00	1596.54
    131	4007e8	    112	   20.0	43536.0	42517.6	 0.0392	 100.00	1597.37
    132	4007e8	    112	   50.0	43496.0	42525.0	 0.0411	 100.00	1598.21
    133	4007e8	    112	   15.0	43501.0	42532.3	 0.0409	 100.00	1598.94
    134	4007e8	    112	   35.0	43506.0	42539.5	 0.0407	 100.00	1599.72
    135	4007e8	    112	   15.0	43511.0	42546.6	 0.0406	 100.00	1600.50
    136	4007e8	    112	   25.0	43496.0	42553.6	 0.0410	 100.00	1601.23
    137	4007e8	    112	   20.0	43506.0	42560.5	 0.0407	 100.00	1601.93
    138	4007e8	    112	   25.0	43501.0	42567.2	 0.0405	 100.00	1602.66
    139	4007e8	    112	   30.0	43521.0	42574.1	 0.0408	 100.00	1603.35
    140	4007e8	    112	   30.0	43501.0	42580.6	 0.0410	 100.00	1604.10
    141	4007e8	    112	   15.0	43506.0	42587.1	 0.0407	 100.00	1604.80
    142	4007e8	    112	   30.0	43506.0	42593.6	 0.0407	 100.00	1605.45
    143	4007e8	    112	   15.0	43511.0	42599.9	 0.0404	 100.00	1606.12
    144	4007e8	    112	   25.0	43496.0	42606.1	 0.0408	 100.00	1606.85
    145	4007e8	    112	   25.0	43511.0	42612.3	 0.0407	 100.00	1607.49
    146	4007e8	    112	   25.0	43506.0	42618.4	 0.0405	 100.00	1608.16
    147	4007e8	    112	   20.0	43516.0	42624.5	 0.0404	 100.00	1608.84
    148	4007e8	    112	   35.0	43491.0	42630.3	 0.0407	 100.00	1609.45
    149	4007e8	    112	   15.0	43496.0	42636.0	 0.0405	 100.00	1610.08
    150	4007e8	    112	   45.0	43511.0	42641.8	 0.0408	 100.00	1610.70
    151	4007e8	    112	   15.0	43516.0	42647.6	 0.0406	 100.00	1611.28
    152	4007e8	    112	   25.0	43501.0	42653.2	 0.0404	 100.00	1611.91
    153	4007e8	    112	   20.0	43511.0	42658.7	 0.0402	 100.00	1612.55
    154	4007e8	    112	   25.0	43506.0	42664.2	 0.0402	 100.00	1613.10
    155	4007e8	    112	   25.0	43521.0	42669.7	 0.0402	 100.00	1613.67
    156	4007e8	    112	   30.0	43501.0	42675.0	 0.0403	 100.00	1614.28
    157	4007e8	    112	   15.0	43506.0	42680.3	 0.0400	 100.00	1614.76
    158	4007e8	    112	   30.0	43506.0	42685.4	 0.0397	 100.00	1615.26
    159	4007e8	    112	   15.0	43511.0	42690.6	 0.0395	 100.00	1615.73
    160	4007e8	    112	   25.0	43496.0	42695.6	 0.0399	 100.00	1616.28
    161	4007e8	    112	   30.0	43516.0	42700.7	 0.0398	 100.00	1616.85
    162	4007e8	    112	   25.0	43511.0	42705.6	 0.0397	 100.00	1617.37
    163	4007e8	    112	   20.0	43521.0	42710.6	 0.0396	 100.00	1617.95
    164	4007e8	    112	   40.0	43491.0	42715.3	 0.0402	 100.00	1618.50
    165	4007e8	    112	   15.0	43496.0	42720.0	 0.0400	 100.00	1618.98
    166	4007e8	    112	   35.0	43501.0	42724.7	 0.0400	 100.00	1619.53
    167	4007e8	    112	   15.0	43506.0	42729.4	 0.0398	 100.00	1620.04
    168	4007e8	    112	   25.0	43491.0	42733.9	 0.0397	 100.00	1620.52
    169	4007e8	    112	   20.0	43501.0	42738.4	 0.0396	 100.00	1621.02
    170	4007e8	    112	   25.0	43496.0	42742.8	 0.0394	 100.00	1621.53
    171	4007e8	    112	   30.0	43526.0	42747.4	 0.0399	 100.00	1621.99
    172	4007e8	    112	   15.0	43521.0	42751.8	 0.0398	 100.00	1622.49
    173	4007e8	    112	   30.0	43511.0	42756.2	 0.0400	 100.00	1622.96
    174	4007e8	    112	   25.0	43516.0	42760.6	 0.0398	 100.00	1623.38
    175	4007e8	    112	   20.0	43516.0	42764.8	 0.0397	 100.00	1623.81
    176	4007e8	    112	   15.0	43511.0	42769.1	 0.0402	 100.00	1624.24
    177	4007e8	    112	   35.0	43516.0	42773.3	 0.0406	 100.00	1624.64
    178	4007e8	    112	   20.0	43516.0	42777.4	 0.0404	 100.00	1625.07
    179	4007e8	    112	   25.0	43521.0	42781.5	 0.0405	 100.00	1625.56
    180	4007e8	    112	   15.0	43516.0	42785.6	 0.0405	 100.00	1625.94
    181	4007e8	    112	   35.0	43501.0	42789.5	 0.0411	 100.00	1626.35
    182	4007e8	    112	   35.0	43516.0	42793.5	 0.0414	 100.00	1626.77
    183	4007e8	    112	   20.0	43516.0	42797.4	 0.0412	 100.00	1627.16
    184	4007e8	    112	   15.0	43511.0	42801.3	 0.0411	 100.00	1627.61
    185	4007e8	    112	   30.0	43511.0	42805.1	 0.0411	 100.00	1628.04
    186	4007e8	    112	   20.0	43511.0	42808.9	 0.0409	 100.00	1628.43
    187	4007e8	    112	   30.0	43521.0	42812.7	 0.0413	 100.00	1628.87
    188	4007e8	    112	   15.0	43516.0	42816.4	 0.0412	 100.00	1629.20
    189	4007e8	    112	   30.0	43506.0	42820.0	 0.0415	 100.00	1629.54
    190	4007e8	    112	   25.0	43511.0	42823.6	 0.0413	 100.00	1629.94
    191	4007e8	    112	   20.0	43511.0	42827.2	 0.0412	 100.00	1630.32
    192	4007e8	    112	   15.0	43506.0	42830.7	 0.0416	 100.00	1630.67
    193	4007e8	    112	   45.0	43521.0	42834.3	 0.0420	 100.00	1631.04
    194	4007e8	    112	   20.0	43521.0	42837.8	 0.0417	 100.00	1631.41
    195	4007e8	    112	   25.0	43526.0	42841.3	 0.0419	 100.00	1631.75
    196	4007e8	    112	   15.0	43521.0	42844.8	 0.0417	 100.00	1632.10
    197	4007e8	    112	   45.0	43496.0	42848.1	 0.0425	 100.00	1632.48
    198	4007e8	    112	   30.0	43506.0	42851.4	 0.0424	 100.00	1632.81
    199	4007e8	    112	   20.0	43506.0	42854.6	 0.0423	 100.00	1633.18
    200	4007e8	    112	   15.0	43501.0	42857.9	 0.0421	 100.00	1633.54
    201	4007e8	    112	   30.0	43501.0	42861.0	 0.0422	 100.00	1633.86
    202	4007e8	    112	   20.0	43501.0	42864.2	 0.0419	 100.00	1634.22
    203	4007e8	    112	   35.0	43516.0	42867.4	 0.0421	 100.00	1634.58
    204	4007e8	    112	   15.0	43511.0	42870.5	 0.0419	 100.00	1634.90
    205	4007e8	    112	   30.0	43501.0	42873.6	 0.0419	 100.00	1635.26
    206	4007e8	    112	   25.0	43506.0	42876.6	 0.0418	 100.00	1635.61
    207	4007e8	    112	   20.0	43506.0	42879.7	 0.0416	 100.00	1635.93
    208	4007e8	    112	   15.0	43501.0	42882.6	 0.0416	 100.00	1636.25
    209	4007e8	    112	   35.0	43506.0	42885.6	 0.0417	 100.00	1636.56
    210	4007e8	    112	   20.0	43506.0	42888.5	 0.0415	 100.00	1636.86
    211	4007e8	    112	   25.0	43511.0	42891.5	 0.0414	 100.00	1637.20
    212	4007e8	    112	   15.0	43506.0	42894.4	 0.0412	 100.00	1637.53
    213	4007e8	    112	   35.0	43491.0	42897.2	 0.0414	 100.00	1637.82
    214	4007e8	    112	   35.0	43516.0	42900.0	 0.0416	 100.00	1638.14
    215	4007e8	    112	   15.0	43521.0	42902.9	 0.0415	 100.00	1638.47
    216	4007e8	    112	   20.0	43511.0	42905.7	 0.0414	 100.00	1638.76
    217	4007e8	    112	   20.0	43521.0	42908.5	 0.0412	 100.00	1639.08
    218	4007e8	    112	   30.0	43511.0	42911.3	 0.0411	 100.00	1639.40
    219	4007e8	    112	   25.0	43526.0	42914.1	 0.0412	 100.00	1639.67
    220	4007e8	    112	   20.0	43516.0	42916.8	 0.0411	 100.00	1639.96
    221	4007e8	    112	   15.0	43521.0	42919.5	 0.0409	 100.00	1640.26
    222	4007e8	    112	   40.0	43511.0	42922.2	 0.0412	 100.00	1640.54
    223	4007e8	    112	   15.0	43516.0	42924.8	 0.0410	 100.00	1640.83
    224	4007e8	    112	   20.0	43506.0	42927.4	 0.0411	 100.00	1641.13
    225	4007e8	    112	   30.0	43526.0	42930.1	 0.0410	 100.00	1641.40
    226	4007e8	    112	   30.0	43516.0	42932.6	 0.0409	 100.00	1641.70
    227	4007e8	    112	   20.0	43526.0	42935.2	 0.0408	 100.00	1641.99
    228	4007e8	    112	   20.0	43516.0	42937.8	 0.0406	 100.00	1642.25
    229	4007e8	    112	   15.0	43521.0	42940.3	 0.0407	 100.00	1642.54
    230	4007e8	    112	   55.0	43506.0	42942.8	 0.0414	 100.00	1642.82
    231	4007e8	    112	   15.0	43511.0	42945.2	 0.0412	 100.00	1643.06
    232	4007e8	    112	   20.0	43501.0	42947.6	 0.0411	 100.00	1643.35
    233	4007e8	    112	   20.0	43511.0	42950.0	 0.0410	 100.00	1643.62
    234	4007e8	    112	   30.0	43501.0	42952.3	 0.0410	 100.00	1643.86
    235	4007e8	    112	   35.0	43526.0	42954.8	 0.0411	 100.00	1644.14
    236	4007e8	    112	   20.0	43516.0	42957.1	 0.0411	 100.00	1644.42
    237	4007e8	    112	   15.0	43521.0	42959.5	 0.0410	 100.00	1644.65
    238	4007e8	    112	   40.0	43511.0	42961.8	 0.0412	 100.00	1644.92
    239	4007e8	    112	   15.0	43516.0	42964.1	 0.0411	 100.00	1645.20
    240	4007e8	    112	   20.0	43506.0	42966.4	 0.0410	 100.00	1645.47
    241	4007e8	    112	   25.0	43521.0	42968.7	 0.0409	 100.00	1645.74
    242	4007e8	    112	   30.0	43511.0	42970.9	 0.0409	 100.00	1646.00
    243	4007e8	    112	   20.0	43521.0	42973.2	 0.0409	 100.00	1646.19
    244	4007e8	    112	   20.0	43511.0	42975.4	 0.0408	 100.00	1646.43
    245	4007e8	    112	   15.0	43516.0	42977.6	 0.0407	 100.00	1646.65
    246	4007e8	    112	   55.0	43511.0	42979.7	 0.0409	 100.00	1646.92
    247	4007e8	    112	   15.0	 1264.0	42811.5	 0.0407	 100.00	1647.29
    248	4007e8	    112	   20.0	 1254.0	42644.6	 0.0407	 100.00	1647.48
    249	4007e8	    112	   20.0	   15.0	42474.1	 0.0406	 100.00	1647.67
    250	4007e8	    112	   30.0	    4.0	42304.9	 0.0405	 100.00	1647.83
    251	4007e8	    112	   25.0	   11.0	42137.1	 0.0403	 100.00	1648.16
    252	4007e8	    112	   20.0	   31.0	41970.6	 0.0402	 100.00	1648.37
    253	4007e8	    112	   15.0	   16.0	41805.4	 0.0401	 100.00	1648.58
    254	4007e8	    112	   40.0	    5.0	41641.5	 0.0400	 100.00	1647.82
    255	4007e8	    112	   15.0	   20.0	41478.9	 0.0399	 100.00	1647.77
    256	4007e8	    112	   20.0	   23.0	41317.6	 0.0398	 100.00	1647.30
    257	4007e8	    112	   30.0	   20.0	41157.6	 0.0402	 100.00	1646.86
    258	4007e8	    112	   20.0	   28.0	40998.8	 0.0401	 100.00	1645.07
    259	4007e8	    112	   30.0	   28.0	40841.2	 0.0401	 100.00	1644.62
    260	4007e8	    112	   15.0	   20.0	40684.8	 0.0399	 100.00	1644.23
    261	4007e8	    112	   20.0	    5.0	40529.5	 0.0399	 100.00	1643.82
    262	4007e8	    112	   30.0	   13.0	40375.5	 0.0400	 100.00	1643.62
    263	4007e8	    112	   55.0	   39.0	40222.7	 0.0412	 100.00	1642.68
    264	4007e8	    112	   15.0	   54.0	40071.1	 0.0410	 100.00	1642.84
    265	4007e8	    112	   25.0	   61.0	39920.7	 0.0410	 100.00	1642.57
    266	4007e8	    112	   20.0	    5.0	39771.2	 0.0408	 100.00	1641.74
    267	4007e8	    112	   40.0	   39.0	39622.9	 0.0410	 100.00	1641.37
    268	4007e8	    112	   15.0	   25.0	39475.7	 0.0409	 100.00	1641.06
    269	4007e8	    112	   20.0	   27.0	39329.6	 0.0408	 100.00	1640.76
    270	4007e8	    112	   25.0	    8.0	39184.5	 0.0408	 100.00	1640.49
    271	4007e8	    112	   30.0	    7.0	39040.5	 0.0407	 100.00	1640.78
    272	4007e8	    112	   15.0	   22.0	38897.6	 0.0406	 100.00	1641.01
    273	4007e8	    112	   30.0	   31.0	38755.7	 0.0407	 100.00	1641.23
    274	4007e8	    112	   20.0	    7.0	38614.8	 0.0405	 100.00	1641.53
    275	4007e8	    112	   30.0	   35.0	38475.0	 0.0404	 100.00	1641.70
    276	4007e8	    112	   15.0	   16.0	38336.2	 0.0403	 100.00	1641.83
    277	4007e8	    112	   20.0	    5.0	38198.3	 0.0403	 100.00	1641.76
    278	4007e8	    112	   40.0	   41.0	38061.5	 0.0403	 100.00	1641.93
    279	4007e8	    112	   35.0	   45.0	37925.8	 0.0405	 100.00	1641.83
    280	4007e8	    112	   15.0	   12.0	37790.8	 0.0404	 100.00	1641.62
    281	4007e8	    112	   25.0	    5.0	37656.8	 0.0403	 100.00	1640.01
    282	4007e8	    112	   20.0	   25.0	37523.9	 0.0402	 100.00	1639.61
    283	4007e8	    112	   35.0	   33.0	37391.9	 0.0401	 100.00	1639.25
    284	4007e8	    112	   15.0	    3.0	37260.7	 0.0400	 100.00	1638.90
    285	4007e8	    112	   20.0	    0.0	37130.4	 0.0398	 +99.65	1642.44
    286	4007e8	    112	   25.0	   25.0	37001.1	 0.0397	  99.65	1641.79
    287	4007e8	    112	   30.0	   28.0	36872.7	 0.0397	  99.65	1641.42
    288	4007e8	    112	   15.0	   10.0	36745.2	 0.0397	  99.65	1639.17
    289	4007e8	    112	   35.0	   10.0	36618.5	 0.0396	  99.66	1636.95
    290	4007e8	    112	   20.0	   30.0	36492.8	 0.0395	  99.66	1637.12
    291	4007e8	    112	   30.0	   32.0	36367.9	 0.0393	  99.66	1637.31
    292	4007e8	    112	   15.0	    1.0	36243.8	 0.0392	  99.66	1637.63
    293	4007e8	    112	   20.0	   21.0	36120.6	 0.0391	  99.66	1637.83
    294	4007e8	    112	   30.0	   30.0	35998.2	 0.0391	  99.66	1638.01
    295	4007e8	    112	   40.0	   19.0	35876.7	 0.0393	  99.66	1638.30
    296	4007e8	    112	   15.0	   34.0	35756.0	 0.0392	  99.66	1638.47
    297	4007e8	    112	   25.0	   38.0	35636.1	 0.0391	  99.66	1638.67
    298	4007e8	    112	   20.0	    0.0	35517.0	 0.0390	 +99.33	1643.38
    299	4007e8	    112	   30.0	   30.0	35398.7	 0.0395	  99.33	1642.76
    300	4007e8	    112	   25.0	   18.0	35281.1	 0.0394	  99.34	1642.40
    301	4007e8	    112	   15.0	   23.0	35164.4	 0.0393	  99.34	1642.06
    302	4007e8	    112	   30.0	   18.0	35048.4	 0.0393	  99.34	1640.94
