./asc:main.c:294: warning: auxv random bytes were not cleared
  Round	    PC	Excited	Hamming	   Loss	 Regret	    MSE	  Error	   MIPS
      0	400144	     48	42319.0	42319.0	42319.0	 0.1842	 100.00	  40.17
      1	4007f2	     48	 1231.0	43546.0	21773.0	 0.2074	 100.00	 439.46
      2	4007f2	     48	    8.0	43546.0	14515.3	 0.1446	 100.00	 653.07
      3	4007f2	     48	   10.0	43548.0	10887.0	 0.1109	 100.00	 817.64
      4	4007f2	     48	    6.0	43546.0	17418.8	 0.0892	 100.00	 938.84
      5	4007f2	     48	   10.0	43544.0	21773.0	 0.0798	 100.00	1031.22
      6	4007f2	     48	   12.0	43548.0	24883.7	 0.0746	 100.00	1105.10
      7	4007f2	     48	    8.0	43548.0	27216.8	 0.0712	 100.00	1164.68
      8	4007f2	     48	    6.0	43546.0	29031.1	 0.0657	 100.00	1213.63
      9	4007f2	     48	   14.0	43544.0	30482.4	 0.0639	 100.00	1255.41
     10	4007f2	     48	    8.0	43544.0	31669.8	 0.0618	 100.00	1290.51
     11	4007f2	     48	   14.0	43550.0	32659.8	 0.0609	 100.00	1319.73
     12	4007f2	     48	    6.0	43548.0	33497.4	 0.0564	 100.00	1345.21
     13	4007f2	     48	   10.0	43546.0	34215.1	 0.0527	 100.00	1367.57
     14	4007f2	     48	   10.0	43548.0	34837.3	 0.0497	 100.00	1387.20
     15	4007f2	     48	    8.0	43548.0	35381.8	 0.0466	 100.00	1404.73
     16	4007f2	     48	    6.0	43546.0	35862.0	 0.0473	 100.00	1420.60
     17	4007f2	     48	   18.0	43544.0	36288.8	 0.0474	 100.00	1434.66
     18	4007f2	     48	    8.0	43544.0	36670.6	 0.0467	 100.00	1447.55
     19	4007f2	     48	   10.0	43546.0	37014.4	 0.0464	 100.00	1459.18
     20	4007f2	     48	    6.0	43544.0	37325.3	 0.0444	 100.00	1469.69
     21	4007f2	     48	   10.0	43542.0	37607.9	 0.0459	 100.00	1479.49
     22	4007f2	     48	   16.0	43550.0	37866.3	 0.0505	 100.00	1488.55
     23	4007f2	     48	    8.0	43550.0	38103.1	 0.0484	 100.00	1496.73
     24	4007f2	     48	    6.0	43548.0	38320.9	 0.0466	 100.00	1504.49
     25	4007f2	     48	   14.0	43546.0	38521.8	 0.0465	 100.00	1511.73
     26	4007f2	     48	    8.0	43546.0	38707.9	 0.0449	 100.00	1518.28
     27	4007f2	     48	   12.0	43550.0	38880.9	 0.0438	 100.00	1524.60
     28	4007f2	     48	    6.0	43548.0	39041.8	 0.0423	 100.00	1530.51
     29	4007f2	     48	   10.0	43546.0	39191.9	 0.0425	 100.00	1535.82
     30	4007f2	     48	   10.0	43548.0	39332.5	 0.0429	 100.00	1541.01
     31	4007f2	     48	    8.0	43548.0	39464.2	 0.0422	 100.00	1545.86
     32	4007f2	     48	    6.0	43546.0	39587.9	 0.0412	 100.00	1550.33
     33	4007f2	     48	   22.0	43544.0	39704.2	 0.0433	 100.00	1554.73
     34	4007f2	     48	    8.0	43544.0	39813.9	 0.0424	 100.00	1558.86
     35	4007f2	     48	   10.0	43546.0	39917.6	 0.0418	 100.00	1562.69
     36	4007f2	     48	    6.0	43544.0	40015.6	 0.0408	 100.00	1566.43
     37	4007f2	     48	   10.0	43542.0	40108.4	 0.0409	 100.00	1570.04
     38	4007f2	     48	   12.0	43546.0	40196.6	 0.0407	 100.00	1573.41
     39	4007f2	     48	    8.0	43546.0	40280.3	 0.0397	 100.00	1576.83
     40	4007f2	     48	    6.0	43544.0	40359.9	 0.0387	 100.00	1580.03
     41	4007f2	     48	   14.0	43542.0	40435.7	 0.0394	 100.00	1583.14
     42	4007f2	     48	    8.0	43542.0	40507.9	 0.0389	 100.00	1586.18
     43	4007f2	     48	   12.0	43554.0	40577.1	 0.0415	 100.00	1589.11
     44	4007f2	     48	    8.0	43550.0	40643.2	 0.0412	 100.00	1591.80
     45	4007f2	     48	    6.0	43552.0	40706.4	 0.0403	 100.00	1594.46
     46	4007f2	     48	   14.0	43550.0	40766.9	 0.0408	 100.00	1597.02
     47	4007f2	     48	    6.0	43552.0	40825.0	 0.0405	 100.00	1599.41
     48	4007f2	     48	    8.0	43548.0	40880.5	 0.0432	 100.00	1601.78
     49	4007f2	     48	   10.0	43554.0	40934.0	 0.0452	 100.00	1604.08
     50	4007f2	     48	   16.0	43546.0	40985.2	 0.0477	 100.00	1606.15
     51	4007f2	     48	    8.0	43550.0	41034.5	 0.0476	 100.00	1608.45
     52	4007f2	     48	    8.0	43546.0	41081.9	 0.0469	 100.00	1610.57
     53	4007f2	     48	    6.0	43548.0	41127.6	 0.0461	 100.00	1613.09
     54	4007f2	     48	   18.0	43550.0	41171.6	 0.0477	 100.00	1615.69
     55	4007f2	     48	    6.0	43552.0	41214.1	 0.0468	 100.00	1618.03
     56	4007f2	     48	    8.0	43548.0	41255.1	 0.0467	 100.00	1619.80
     57	4007f2	     48	    8.0	43552.0	41294.7	 0.0466	 100.00	1622.01
     58	4007f2	     48	   14.0	43546.0	41332.8	 0.0472	 100.00	1624.12
     59	4007f2	     48	   10.0	43552.0	41369.8	 0.0475	 100.00	1626.11
     60	4007f2	     48	    8.0	43548.0	41405.5	 0.0467	 100.00	1627.94
     61	4007f2	     48	    6.0	43550.0	41440.1	 0.0459	 100.00	1629.71
     62	4007f2	     48	   14.0	43548.0	41473.6	 0.0452	 100.00	1631.23
     63	4007f2	     48	    6.0	43550.0	41506.0	 0.0445	 100.00	1633.17
     64	4007f2	     48	    8.0	43546.0	41537.4	 0.0439	 100.00	1635.02
     65	4007f2	     48	   14.0	43556.0	41568.0	 0.0446	 100.00	1636.76
     66	4007f2	     48	   20.0	43544.0	41597.5	 0.0464	 100.00	1638.36
     67	4007f2	     48	    8.0	43548.0	41626.2	 0.0457	 100.00	1639.95
     68	4007f2	     48	    8.0	43544.0	41654.0	 0.0451	 100.00	1641.33
     69	4007f2	     48	    6.0	43546.0	41681.0	 0.0448	 100.00	1642.83
     70	4007f2	     48	   16.0	43546.0	41707.3	 0.0444	 100.00	1644.46
     71	4007f2	     48	    6.0	43548.0	41732.8	 0.0438	 100.00	1645.92
     72	4007f2	     48	    8.0	43544.0	41757.6	 0.0432	 100.00	1647.33
     73	4007f2	     48	    8.0	43548.0	41781.8	 0.0430	 100.00	1648.70
     74	4007f2	     48	   14.0	43542.0	41805.3	 0.0426	 100.00	1649.92
     75	4007f2	     48	   12.0	43550.0	41828.3	 0.0428	 100.00	1651.21
     76	4007f2	     48	    8.0	43546.0	41850.6	 0.0426	 100.00	1652.30
     77	4007f2	     48	    6.0	43548.0	41872.3	 0.0421	 100.00	1653.59
     78	4007f2	     48	   14.0	43546.0	41893.5	 0.0422	 100.00	1654.85
     79	4007f2	     48	    6.0	43548.0	41914.2	 0.0417	 100.00	1656.06
     80	4007f2	     48	    8.0	43544.0	41934.3	 0.0416	 100.00	1657.11
     81	4007f2	     48	   10.0	43550.0	41954.0	 0.0413	 100.00	1658.13
     82	4007f2	     48	   16.0	43542.0	41973.2	 0.0415	 100.00	1659.13
     83	4007f2	     48	    8.0	43546.0	41991.9	 0.0411	 100.00	1660.02
     84	4007f2	     48	    8.0	43542.0	42010.1	 0.0412	 100.00	1661.11
     85	4007f2	     48	    6.0	43544.0	42028.0	 0.0410	 100.00	1662.10
     86	4007f2	     48	   14.0	43554.0	42045.5	 0.0429	 100.00	1662.89
     87	4007f2	     48	   10.0	43552.0	42062.6	 0.0429	 100.00	1663.73
     88	4007f2	     48	    6.0	43550.0	42079.3	 0.0428	 100.00	1664.58
     89	4007f2	     48	   10.0	43552.0	42095.7	 0.0426	 100.00	1665.60
     90	4007f2	     48	    8.0	43552.0	42111.7	 0.0423	 100.00	1666.63
     91	4007f2	     48	   16.0	43552.0	42127.3	 0.0431	 100.00	1667.47
     92	4007f2	     48	    6.0	43550.0	42142.6	 0.0427	 100.00	1668.21
     93	4007f2	     48	    8.0	43550.0	42157.6	 0.0429	 100.00	1668.99
     94	4007f2	     48	   10.0	43552.0	42172.3	 0.0425	 100.00	1669.62
     95	4007f2	     48	   10.0	43550.0	42186.6	 0.0425	 100.00	1670.55
     96	4007f2	     48	    6.0	43548.0	42200.7	 0.0429	 100.00	1671.34
     97	4007f2	     48	   14.0	43554.0	42214.5	 0.0430	 100.00	1672.13
     98	4007f2	     48	    8.0	43554.0	42228.0	 0.0427	 100.00	1672.94
     99	4007f2	     48	   18.0	43548.0	42241.2	 0.0449	 100.00	1673.78
    100	4007f2	     48	    6.0	43546.0	42254.1	 0.0444	 100.00	1674.55
    101	4007f2	     48	    8.0	43546.0	42266.8	 0.0444	 100.00	1675.10
    102	4007f2	     48	   12.0	43550.0	42279.3	 0.0445	 100.00	1675.86
    103	4007f2	     48	   10.0	43548.0	42291.5	 0.0443	 100.00	1676.52
    104	4007f2	     48	    6.0	43546.0	42303.4	 0.0442	 100.00	1676.55
    105	4007f2	     48	   10.0	43548.0	42315.2	 0.0443	 100.00	1677.19
    106	4007f2	     48	    8.0	43548.0	42326.7	 0.0439	 100.00	1677.41
    107	4007f2	     48	   20.0	43552.0	42338.0	 0.0444	 100.00	1677.41
    108	4007f2	     48	    6.0	43550.0	42349.1	 0.0440	 100.00	1677.45
    109	4007f2	     48	    8.0	43550.0	42360.1	 0.0437	 100.00	1677.71
    110	4007f2	     48	   10.0	43552.0	42370.8	 0.0436	 100.00	1677.96
    111	4007f2	     48	   10.0	43550.0	42381.3	 0.0434	 100.00	1678.56
    112	4007f2	     48	    6.0	43548.0	42391.6	 0.0433	 100.00	1678.87
    113	4007f2	     48	   12.0	43552.0	42401.8	 0.0430	 100.00	1679.19
    114	4007f2	     48	    8.0	43552.0	42411.8	 0.0427	 100.00	1679.47
    115	4007f2	     48	   16.0	43548.0	42421.6	 0.0429	 100.00	1679.75
    116	4007f2	     48	    6.0	43546.0	42431.2	 0.0426	 100.00	1679.95
    117	4007f2	     48	    8.0	43546.0	42440.7	 0.0422	 100.00	1680.20
    118	4007f2	     48	   14.0	43552.0	42450.0	 0.0423	 100.00	1680.70
    119	4007f2	     48	   10.0	43550.0	42459.2	 0.0421	 100.00	1680.86
    120	4007f2	     48	    6.0	43548.0	42468.2	 0.0418	 100.00	1681.07
    121	4007f2	     48	   10.0	43550.0	42477.0	 0.0415	 100.00	1681.17
    122	4007f2	     48	    8.0	43550.0	42485.8	 0.0412	 100.00	1681.23
    123	4007f2	     48	   16.0	43550.0	42494.4	 0.0409	 100.00	1681.34
    124	4007f2	     48	    6.0	43548.0	42502.8	 0.0406	 100.00	1681.43
    125	4007f2	     48	    8.0	43548.0	42511.1	 0.0402	 100.00	1681.47
    126	4007f2	     48	   10.0	43550.0	42519.3	 0.0399	 100.00	1681.55
    127	4007f2	     48	   10.0	43548.0	42527.3	 0.0397	 100.00	1681.62
    128	4007f2	     48	    6.0	43546.0	42535.2	 0.0394	 100.00	1681.68
    129	4007f2	     48	   12.0	43558.0	42543.1	 0.0402	 100.00	1681.77
    130	4007f2	     48	   10.0	43556.0	42550.8	 0.0399	 100.00	1681.81
    131	4007f2	     48	    8.0	43560.0	42558.4	 0.0396	 100.00	1681.88
    132	4007f2	     48	   20.0	43544.0	42565.8	 0.0408	 100.00	1682.03
    133	4007f2	     48	    6.0	43546.0	42573.2	 0.0405	 100.00	1682.25
    134	4007f2	     48	   14.0	43548.0	42580.4	 0.0408	 100.00	1682.42
    135	4007f2	     48	    6.0	43550.0	42587.5	 0.0407	 100.00	1682.61
    136	4007f2	     48	   10.0	43544.0	42594.5	 0.0408	 100.00	1682.82
    137	4007f2	     48	    8.0	43548.0	42601.4	 0.0408	 100.00	1682.99
    138	4007f2	     48	   10.0	43546.0	42608.2	 0.0407	 100.00	1683.20
    139	4007f2	     48	   12.0	43554.0	42615.0	 0.0413	 100.00	1683.41
    140	4007f2	     48	   12.0	43546.0	42621.6	 0.0413	 100.00	1683.54
    141	4007f2	     48	    6.0	43548.0	42628.1	 0.0411	 100.00	1683.75
    142	4007f2	     48	   12.0	43548.0	42634.5	 0.0408	 100.00	1683.97
    143	4007f2	     48	    6.0	43550.0	42640.9	 0.0406	 100.00	1684.14
    144	4007f2	     48	   10.0	43544.0	42647.1	 0.0407	 100.00	1684.31
    145	4007f2	     48	   10.0	43550.0	42653.3	 0.0406	 100.00	1684.48
    146	4007f2	     48	   10.0	43548.0	42659.4	 0.0404	 100.00	1684.60
    147	4007f2	     48	    8.0	43552.0	42665.4	 0.0403	 100.00	1684.77
    148	4007f2	     48	   14.0	43542.0	42671.3	 0.0404	 100.00	1684.92
    149	4007f2	     48	    6.0	43544.0	42677.1	 0.0406	 100.00	1685.05
    150	4007f2	     48	   18.0	43550.0	42682.9	 0.0414	 100.00	1685.19
    151	4007f2	     48	    6.0	43552.0	42688.6	 0.0412	 100.00	1685.34
    152	4007f2	     48	   10.0	43546.0	42694.2	 0.0410	 100.00	1685.46
    153	4007f2	     48	    8.0	43550.0	42699.8	 0.0409	 100.00	1685.61
    154	4007f2	     48	   10.0	43548.0	42705.2	 0.0406	 100.00	1685.75
    155	4007f2	     48	   10.0	43554.0	42710.7	 0.0407	 100.00	1685.87
    156	4007f2	     48	   12.0	43546.0	42716.0	 0.0407	 100.00	1686.01
    157	4007f2	     48	    6.0	43548.0	42721.3	 0.0404	 100.00	1686.16
    158	4007f2	     48	   12.0	43548.0	42726.5	 0.0403	 100.00	1686.26
    159	4007f2	     48	    6.0	43550.0	42731.6	 0.0400	 100.00	1686.41
    160	4007f2	     48	   10.0	43544.0	42736.7	 0.0398	 100.00	1686.54
    161	4007f2	     48	   12.0	43552.0	42741.7	 0.0398	 100.00	1686.63
    162	4007f2	     48	   10.0	43550.0	42746.7	 0.0396	 100.00	1686.76
    163	4007f2	     48	    8.0	43554.0	42751.6	 0.0393	 100.00	1686.89
    164	4007f2	     48	   16.0	43542.0	42756.4	 0.0396	 100.00	1687.00
    165	4007f2	     48	    6.0	43544.0	42761.1	 0.0394	 100.00	1687.12
    166	4007f2	     48	   14.0	43546.0	42765.8	 0.0394	 100.00	1687.27
    167	4007f2	     48	    6.0	43548.0	42770.5	 0.0391	 100.00	1687.36
    168	4007f2	     48	   10.0	43542.0	42775.0	 0.0390	 100.00	1687.51
    169	4007f2	     48	    8.0	43546.0	42779.6	 0.0389	 100.00	1687.62
    170	4007f2	     48	   10.0	43544.0	42784.0	 0.0387	 100.00	1687.71
    171	4007f2	     48	   12.0	43556.0	42788.5	 0.0392	 100.00	1687.73
    172	4007f2	     48	    6.0	43554.0	42792.9	 0.0390	 100.00	1687.80
    173	4007f2	     48	   12.0	43550.0	42797.3	 0.0392	 100.00	1687.90
    174	4007f2	     48	   10.0	43552.0	42801.6	 0.0390	 100.00	1688.02
    175	4007f2	     48	    8.0	43552.0	42805.9	 0.0387	 100.00	1688.09
    176	4007f2	     48	    6.0	43550.0	42810.1	 0.0389	 100.00	1688.12
    177	4007f2	     48	   14.0	43552.0	42814.2	 0.0387	 100.00	1688.27
    178	4007f2	     48	    8.0	43552.0	42818.4	 0.0387	 100.00	1688.35
    179	4007f2	     48	   10.0	43554.0	42822.5	 0.0387	 100.00	1688.49
    180	4007f2	     48	    6.0	43552.0	42826.5	 0.0387	 100.00	1688.61
    181	4007f2	     48	   14.0	43546.0	42830.4	 0.0388	 100.00	1688.70
    182	4007f2	     48	   14.0	43552.0	42834.4	 0.0390	 100.00	1688.82
    183	4007f2	     48	    8.0	43552.0	42838.3	 0.0388	 100.00	1688.94
    184	4007f2	     48	    6.0	43550.0	42842.1	 0.0388	 100.00	1689.00
    185	4007f2	     48	   12.0	43550.0	42845.9	 0.0387	 100.00	1689.17
    186	4007f2	     48	    8.0	43550.0	42849.7	 0.0385	 100.00	1689.25
    187	4007f2	     48	   12.0	43554.0	42853.4	 0.0385	 100.00	1689.35
    188	4007f2	     48	    6.0	43552.0	42857.1	 0.0383	 100.00	1689.45
    189	4007f2	     48	   12.0	43548.0	42860.8	 0.0383	 100.00	1689.57
    190	4007f2	     48	   10.0	43550.0	42864.4	 0.0381	 100.00	1689.65
    191	4007f2	     48	    8.0	43550.0	42868.0	 0.0380	 100.00	1689.77
    192	4007f2	     48	    6.0	43548.0	42871.5	 0.0378	 100.00	1689.88
    193	4007f2	     48	   18.0	43554.0	42875.0	 0.0379	 100.00	1689.99
    194	4007f2	     48	    8.0	43554.0	42878.5	 0.0377	 100.00	1690.11
    195	4007f2	     48	   10.0	43556.0	42881.9	 0.0376	 100.00	1690.22
    196	4007f2	     48	    6.0	43554.0	42885.4	 0.0374	 100.00	1690.30
    197	4007f2	     48	   18.0	43544.0	42888.7	 0.0384	 100.00	1690.41
    198	4007f2	     48	   12.0	43548.0	42892.0	 0.0384	 100.00	1690.50
    199	4007f2	     48	    8.0	43548.0	42895.3	 0.0382	 100.00	1690.58
    200	4007f2	     48	    6.0	43546.0	42898.5	 0.0381	 100.00	1690.70
    201	4007f2	     48	   12.0	43546.0	42901.7	 0.0384	 100.00	1690.80
    202	4007f2	     48	    8.0	43546.0	42904.9	 0.0382	 100.00	1690.89
    203	4007f2	     48	   14.0	43552.0	42908.1	 0.0383	 100.00	1691.00
    204	4007f2	     48	    6.0	43550.0	42911.2	 0.0381	 100.00	1691.10
    205	4007f2	     48	   12.0	43546.0	42914.3	 0.0380	 100.00	1691.19
    206	4007f2	     48	   10.0	43548.0	42917.3	 0.0378	 100.00	1691.28
    207	4007f2	     48	    8.0	43548.0	42920.4	 0.0377	 100.00	1691.39
    208	4007f2	     48	    6.0	43546.0	42923.4	 0.0375	 100.00	1691.46
    209	4007f2	     48	   14.0	43548.0	42926.3	 0.0379	 100.00	1691.57
    210	4007f2	     48	    8.0	43548.0	42929.3	 0.0377	 100.00	1691.66
    211	4007f2	     48	   10.0	43550.0	42932.2	 0.0375	 100.00	1691.74
    212	4007f2	     48	    6.0	43548.0	42935.1	 0.0373	 100.00	1691.82
    213	4007f2	     48	   14.0	43542.0	42937.9	 0.0373	 100.00	1691.93
    214	4007f2	     48	   14.0	43552.0	42940.8	 0.0376	 100.00	1692.01
    215	4007f2	     48	    6.0	43554.0	42943.6	 0.0375	 100.00	1692.09
    216	4007f2	     48	    8.0	43550.0	42946.4	 0.0376	 100.00	1692.20
    217	4007f2	     48	    8.0	43554.0	42949.2	 0.0376	 100.00	1692.21
    218	4007f2	     48	   12.0	43550.0	42952.0	 0.0377	 100.00	1692.28
    219	4007f2	     48	   10.0	43556.0	42954.7	 0.0377	 100.00	1692.28
    220	4007f2	     48	    8.0	43552.0	42957.4	 0.0377	 100.00	1692.23
    221	4007f2	     48	    6.0	43554.0	42960.1	 0.0377	 100.00	1692.22
    222	4007f2	     48	   16.0	43550.0	42962.7	 0.0378	 100.00	1692.20
    223	4007f2	     48	    6.0	43552.0	42965.4	 0.0376	 100.00	1692.17
    224	4007f2	     48	    8.0	43548.0	42968.0	 0.0378	 100.00	1692.16
    225	4007f2	     48	   12.0	43556.0	42970.6	 0.0378	 100.00	1692.16
    226	4007f2	     48	   12.0	43552.0	42973.1	 0.0378	 100.00	1692.13
    227	4007f2	     48	    8.0	43556.0	42975.7	 0.0377	 100.00	1692.16
    228	4007f2	     48	    8.0	43552.0	42978.2	 0.0375	 100.00	1692.28
    229	4007f2	     48	    6.0	43554.0	42980.7	 0.0373	 100.00	1692.39
    230	4007f2	     48	   22.0	43548.0	42983.2	 0.0379	 100.00	1692.50
    231	4007f2	     48	    6.0	43550.0	42985.6	 0.0377	 100.00	1692.61
    232	4007f2	     48	    8.0	43546.0	42988.0	 0.0376	 100.00	1692.67
    233	4007f2	     48	    8.0	43550.0	42990.4	 0.0374	 100.00	1692.77
    234	4007f2	     48	   12.0	43546.0	42992.8	 0.0373	 100.00	1692.85
    235	4007f2	     48	   14.0	43556.0	42995.2	 0.0374	 100.00	1692.92
    236	4007f2	     48	    8.0	43552.0	42997.5	 0.0372	 100.00	1693.00
    237	4007f2	     48	    6.0	43554.0	42999.8	 0.0372	 100.00	1693.09
    238	4007f2	     48	   16.0	43550.0	43002.1	 0.0373	 100.00	1693.15
    239	4007f2	     48	    6.0	43552.0	43004.4	 0.0371	 100.00	1693.24
    240	4007f2	     48	    8.0	43548.0	43006.7	 0.0370	 100.00	1693.32
    241	4007f2	     48	   10.0	43554.0	43009.0	 0.0369	 100.00	1693.38
    242	4007f2	     48	   12.0	43550.0	43011.2	 0.0367	 100.00	1693.45
    243	4007f2	     48	    8.0	43554.0	43013.4	 0.0367	 100.00	1693.53
    244	4007f2	     48	    8.0	43550.0	43015.6	 0.0366	 100.00	1693.56
    245	4007f2	     48	    6.0	43552.0	43017.8	 0.0365	 100.00	1693.65
    246	4007f2	     48	   22.0	43550.0	43019.9	 0.0368	 100.00	1693.72
    247	4007f2	     48	    6.0	43552.0	43022.1	 0.0366	 100.00	1693.77
    248	4007f2	     48	    8.0	43548.0	43024.2	 0.0365	 100.00	1693.98
    249	4007f2	     48	    8.0	 1299.0	42857.3	 0.0365	 100.00	1694.02
    250	4007f2	     48	   12.0	    3.0	42686.5	 0.0363	 100.00	1694.02
    251	4007f2	     48	   10.0	    9.0	42517.2	 0.0364	 100.00	1694.06
    252	4007f2	     48	    8.0	   11.0	42349.2	 0.0362	 100.00	1694.08
    253	4007f2	     48	    6.0	    0.0	42182.5	 0.0361	 +99.61	1699.25
    254	4007f2	     48	   16.0	   16.0	42017.1	 0.0360	  99.61	1698.33
    255	4007f2	     48	    6.0	    6.0	41853.0	 0.0361	  99.61	1697.75
    256	4007f2	     48	    8.0	    9.0	41690.2	 0.0362	  99.61	1696.35
    257	4007f2	     48	   12.0	    8.0	41528.6	 0.0365	  99.61	1694.78
    258	4007f2	     48	    8.0	   11.0	41368.3	 0.0364	  99.61	1693.16
    259	4007f2	     48	   12.0	    4.0	41209.2	 0.0365	  99.62	1691.62
    260	4007f2	     48	    6.0	    8.0	41051.4	 0.0368	  99.62	1690.11
    261	4007f2	     48	    8.0	    6.0	40894.7	 0.0372	  99.62	1687.97
    262	4007f2	     48	   12.0	    6.0	40739.2	 0.0375	  99.62	1685.74
    263	4007f2	     48	   22.0	   14.0	40585.0	 0.0386	  99.62	1683.81
    264	4007f2	     48	    6.0	   21.0	40431.9	 0.0384	  99.62	1682.32
    265	4007f2	     48	   10.0	    2.0	40279.9	 0.0384	  99.62	1680.85
    266	4007f2	     48	    8.0	    2.0	40129.1	 0.0383	  99.63	1679.43
    267	4007f2	     48	   16.0	    3.0	39979.3	 0.0384	  99.63	1677.96
    268	4007f2	     48	    6.0	    3.0	39830.7	 0.0383	  99.63	1675.88
    269	4007f2	     48	    8.0	    3.0	39683.2	 0.0382	  99.63	1673.77
    270	4007f2	     48	   10.0	    0.0	39536.8	 0.0381	 +99.26	1677.64
    271	4007f2	     48	   12.0	   12.0	39391.5	 0.0381	  99.26	1676.72
    272	4007f2	     48	    6.0	    8.0	39247.2	 0.0380	  99.27	1676.31
    273	4007f2	     48	   12.0	    0.0	39104.0	 0.0379	 +98.91	1680.91
    274	4007f2	     48	    8.0	    8.0	38961.8	 0.0378	  98.91	1680.09
    275	4007f2	     48	   12.0	   11.0	38820.7	 0.0377	  98.91	1679.67
    276	4007f2	     48	    6.0	    2.0	38680.5	 0.0377	  98.92	1678.74
    277	4007f2	     48	    8.0	    8.0	38541.4	 0.0376	  98.92	1676.62
    278	4007f2	     48	   16.0	    2.0	38403.3	 0.0376	  98.92	1674.57
    279	4007f2	     48	   14.0	    5.0	38266.2	 0.0377	  98.93	1672.97
    280	4007f2	     48	    6.0	    2.0	38130.0	 0.0375	  98.93	1671.65
    281	4007f2	     48	   10.0	    0.0	37994.8	 0.0374	 +98.58	1675.71
    282	4007f2	     48	    8.0	    8.0	37860.5	 0.0373	  98.59	1674.91
    283	4007f2	     48	   14.0	   14.0	37727.3	 0.0373	  98.59	1674.48
    284	4007f2	     48	    6.0	    2.0	37594.9	 0.0371	  98.60	1673.61
    285	4007f2	     48	    8.0	    0.0	37463.5	 0.0370	 +98.25	1676.92
    286	4007f2	     48	   10.0	   10.0	37333.0	 0.0370	  98.26	1676.08
    287	4007f2	     48	   12.0	   14.0	37203.4	 0.0369	  98.26	1674.99
    288	4007f2	     48	    6.0	    0.0	37074.6	 0.0368	 +97.92	1679.23
    289	4007f2	     48	   14.0	   14.0	36946.8	 0.0368	  97.93	1678.44
    290	4007f2	     48	    8.0	   10.0	36819.9	 0.0367	  97.94	1678.01
    291	4007f2	     48	   12.0	    1.0	36693.8	 0.0366	  97.95	1677.27
    292	4007f2	     48	    6.0	    1.0	36568.6	 0.0365	  97.95	1675.90
    293	4007f2	     48	    8.0	    0.0	36444.2	 0.0364	 +97.62	1679.71
    294	4007f2	     48	   12.0	   12.0	36320.7	 0.0363	  97.63	1678.93
    295	4007f2	     48	   16.0	   17.0	36198.1	 0.0365	  97.64	1678.13
    296	4007f2	     48	    6.0	    5.0	36076.2	 0.0364	  97.64	1677.07
    297	4007f2	     48	   10.0	    0.0	35955.1	 0.0363	 +97.32	1680.96
    298	4007f2	     48	    8.0	    8.0	35834.9	 0.0362	  97.32	1680.24
    299	4007f2	     48	   12.0	   12.0	35715.5	 0.0368	  97.33	1679.65
    300	4007f2	     48	   10.0	   18.0	35596.9	 0.0367	  97.34	1679.06
    301	4007f2	     48	    6.0	   12.0	35479.1	 0.0366	  97.35	1677.57
    302	4007f2	     48	   12.0	    0.0	35362.0	 0.0365	 +97.03	1675.78
    303	400160	    482	  443.0	  443.0	35247.1	 0.2683	  97.04	1645.05
./asc:main.c:349: panic: pid `7074' SIGSEGV: stack smashed?
PANIC: run aborted: Success
