./asc:main.c:294: warning: auxv random bytes were not cleared
  Round	    PC	Excited	Hamming	   Loss	 Regret	    MSE	  Error	   MIPS
      0	400144	     48	42305.0	42305.0	42305.0	 0.2529	 100.00	  39.03
      1	400804	     48	 1225.0	43524.0	21762.0	 0.2136	 100.00	 410.39
      2	400804	     48	    8.0	43524.0	14508.0	 0.1498	 100.00	 642.17
      3	400804	     48	   10.0	43526.0	10881.5	 0.1123	 100.00	 800.74
      4	400804	     48	    6.0	43524.0	17410.0	 0.0899	 100.00	 916.78
      5	400804	     48	   10.0	43522.0	21762.0	 0.0765	 100.00	1008.58
      6	400804	     48	   12.0	43526.0	24871.1	 0.0656	 100.00	1078.28
      7	400804	     48	    8.0	43526.0	27203.0	 0.0575	 100.00	1135.08
      8	400804	     48	    6.0	43524.0	29016.4	 0.0512	 100.00	1182.45
      9	400804	     48	   14.0	43522.0	30467.0	 0.0502	 100.00	1222.53
     10	400804	     48	    8.0	43522.0	31653.8	 0.0457	 100.00	1256.28
     11	400804	     48	   14.0	43528.0	32643.3	 0.0468	 100.00	1285.51
     12	400804	     48	    6.0	43526.0	33480.5	 0.0432	 100.00	1311.25
     13	400804	     48	   10.0	43524.0	34197.9	 0.0415	 100.00	1333.37
     14	400804	     48	   10.0	43526.0	34819.7	 0.0388	 100.00	1353.60
     15	400804	     48	    8.0	43526.0	35363.9	 0.0364	 100.00	1371.62
     16	400804	     48	    6.0	43524.0	35843.9	 0.0355	 100.00	1387.70
     17	400804	     48	   18.0	43522.0	36270.4	 0.0376	 100.00	1402.70
     18	400804	     48	    8.0	43522.0	36652.1	 0.0357	 100.00	1416.28
     19	400804	     48	   10.0	43524.0	36995.7	 0.0340	 100.00	1428.41
     20	400804	     48	    6.0	43522.0	37306.5	 0.0324	 100.00	1439.65
     21	400804	     48	   10.0	43520.0	37588.9	 0.0315	 100.00	1449.97
     22	400804	     48	   16.0	43528.0	37847.1	 0.0329	 100.00	1459.49
     23	400804	     48	    8.0	43528.0	38083.8	 0.0316	 100.00	1468.29
     24	400804	     48	    6.0	43526.0	38301.5	 0.0303	 100.00	1476.31
     25	400804	     48	   14.0	43524.0	38502.4	 0.0300	 100.00	1483.47
     26	400804	     48	    8.0	43524.0	38688.4	 0.0295	 100.00	1490.68
     27	400804	     48	   12.0	43528.0	38861.2	 0.0285	 100.00	1497.03
     28	400804	     48	    6.0	43526.0	39022.1	 0.0275	 100.00	1502.73
     29	400804	     48	   10.0	43524.0	39172.1	 0.0269	 100.00	1508.37
     30	400804	     48	   10.0	43526.0	39312.6	 0.0260	 100.00	1513.42
     31	400804	     48	    8.0	43526.0	39444.2	 0.0252	 100.00	1518.25
     32	400804	     48	    6.0	43524.0	39567.9	 0.0250	 100.00	1522.78
     33	400804	     48	   22.0	43522.0	39684.2	 0.0266	 100.00	1527.31
     34	400804	     48	    8.0	43522.0	39793.8	 0.0258	 100.00	1531.30
     35	400804	     48	   10.0	43524.0	39897.4	 0.0251	 100.00	1535.23
     36	400804	     48	    6.0	43522.0	39995.4	 0.0245	 100.00	1538.87
     37	400804	     48	   10.0	43520.0	40088.2	 0.0243	 100.00	1542.57
     38	400804	     48	   12.0	43524.0	40176.3	 0.0241	 100.00	1546.09
     39	400804	     48	    8.0	43524.0	40259.9	 0.0235	 100.00	1549.17
     40	400804	     48	    6.0	43522.0	40339.5	 0.0230	 100.00	1552.41
     41	400804	     48	   14.0	43520.0	40415.2	 0.0231	 100.00	1555.65
     42	400804	     48	    8.0	43520.0	40487.4	 0.0226	 100.00	1558.59
     43	400804	     48	   12.0	43532.0	40556.6	 0.0248	 100.00	1561.52
     44	400804	     48	    8.0	43528.0	40622.7	 0.0252	 100.00	1564.32
     45	400804	     48	    6.0	43530.0	40685.9	 0.0250	 100.00	1566.84
     46	400804	     48	   14.0	43528.0	40746.3	 0.0270	 100.00	1569.40
     47	400804	     48	    6.0	43530.0	40804.3	 0.0273	 100.00	1571.87
     48	400804	     48	    8.0	43526.0	40859.9	 0.0268	 100.00	1574.02
     49	400804	     48	   10.0	43532.0	40913.3	 0.0288	 100.00	1576.41
     50	400804	     48	   16.0	43524.0	40964.5	 0.0305	 100.00	1578.74
     51	400804	     48	    8.0	43528.0	41013.8	 0.0311	 100.00	1580.67
     52	400804	     48	    8.0	43524.0	41061.2	 0.0306	 100.00	1582.55
     53	400804	     48	    6.0	43526.0	41106.8	 0.0301	 100.00	1584.39
     54	400804	     48	   18.0	43528.0	41150.8	 0.0305	 100.00	1586.11
     55	400804	     48	    6.0	43530.0	41193.3	 0.0302	 100.00	1587.92
     56	400804	     48	    8.0	43526.0	41234.2	 0.0311	 100.00	1589.67
     57	400804	     48	    8.0	43530.0	41273.8	 0.0309	 100.00	1591.19
     58	400804	     48	   14.0	43524.0	41312.0	 0.0311	 100.00	1592.83
     59	400804	     48	   10.0	43530.0	41348.9	 0.0311	 100.00	1594.34
     60	400804	     48	    8.0	43526.0	41384.6	 0.0306	 100.00	1595.75
     61	400804	     48	    6.0	43528.0	41419.2	 0.0301	 100.00	1597.24
     62	400804	     48	   14.0	43526.0	41452.6	 0.0298	 100.00	1598.63
     63	400804	     48	    6.0	43528.0	41485.1	 0.0296	 100.00	1599.83
     64	400804	     48	    8.0	43524.0	41516.4	 0.0296	 100.00	1601.17
     65	400804	     48	   14.0	43534.0	41547.0	 0.0304	 100.00	1602.15
     66	400804	     48	   20.0	43522.0	41576.5	 0.0324	 100.00	1603.22
     67	400804	     48	    8.0	43526.0	41605.1	 0.0320	 100.00	1604.53
     68	400804	     48	    8.0	43522.0	41632.9	 0.0315	 100.00	1605.71
     69	400804	     48	    6.0	43524.0	41659.9	 0.0311	 100.00	1606.69
     70	400804	     48	   16.0	43524.0	41686.2	 0.0312	 100.00	1607.85
     71	400804	     48	    6.0	43526.0	41711.8	 0.0308	 100.00	1609.08
     72	400804	     48	    8.0	43522.0	41736.5	 0.0304	 100.00	1609.99
     73	400804	     48	    8.0	43526.0	41760.7	 0.0302	 100.00	1610.91
     74	400804	     48	   14.0	43520.0	41784.2	 0.0300	 100.00	1611.75
     75	400804	     48	   12.0	43528.0	41807.1	 0.0302	 100.00	1612.81
     76	400804	     48	    8.0	43524.0	41829.4	 0.0298	 100.00	1613.69
     77	400804	     48	    6.0	43526.0	41851.2	 0.0294	 100.00	1614.57
     78	400804	     48	   14.0	43524.0	41872.4	 0.0293	 100.00	1615.43
     79	400804	     48	    6.0	43526.0	41893.0	 0.0289	 100.00	1616.56
     80	400804	     48	    8.0	43522.0	41913.1	 0.0286	 100.00	1617.53
     81	400804	     48	   10.0	43528.0	41932.8	 0.0282	 100.00	1618.60
     82	400804	     48	   16.0	43520.0	41952.0	 0.0284	 100.00	1619.62
     83	400804	     48	    8.0	43524.0	41970.7	 0.0281	 100.00	1620.51
     84	400804	     48	    8.0	43520.0	41988.9	 0.0278	 100.00	1621.43
     85	400804	     48	    6.0	43522.0	42006.7	 0.0275	 100.00	1622.38
     86	400804	     48	   14.0	43532.0	42024.3	 0.0293	 100.00	1623.21
     87	400804	     48	   10.0	43530.0	42041.4	 0.0292	 100.00	1624.11
     88	400804	     48	    6.0	43528.0	42058.1	 0.0289	 100.00	1625.05
     89	400804	     48	   10.0	43530.0	42074.4	 0.0289	 100.00	1625.88
     90	400804	     48	    8.0	43530.0	42090.4	 0.0286	 100.00	1626.76
     91	400804	     48	   16.0	43530.0	42106.1	 0.0290	 100.00	1627.38
     92	400804	     48	    6.0	43528.0	42121.4	 0.0286	 100.00	1627.93
     93	400804	     48	    8.0	43528.0	42136.3	 0.0288	 100.00	1628.59
     94	400804	     48	   10.0	43530.0	42151.0	 0.0286	 100.00	1629.23
     95	400804	     48	   10.0	43528.0	42165.3	 0.0283	 100.00	1629.75
     96	400804	     48	    6.0	43526.0	42179.4	 0.0281	 100.00	1630.36
     97	400804	     48	   14.0	43532.0	42193.2	 0.0281	 100.00	1630.94
     98	400804	     48	    8.0	43532.0	42206.7	 0.0280	 100.00	1631.46
     99	400804	     48	   18.0	43526.0	42219.9	 0.0290	 100.00	1632.05
    100	400804	     48	    6.0	43524.0	42232.8	 0.0287	 100.00	1632.61
    101	400804	     48	    8.0	43524.0	42245.5	 0.0285	 100.00	1633.11
    102	400804	     48	   12.0	43528.0	42257.9	 0.0285	 100.00	1633.65
    103	400804	     48	   10.0	43526.0	42270.1	 0.0282	 100.00	1634.19
    104	400804	     48	    6.0	43524.0	42282.0	 0.0280	 100.00	1634.62
    105	400804	     48	   10.0	43526.0	42293.8	 0.0277	 100.00	1635.11
    106	400804	     48	    8.0	43526.0	42305.3	 0.0275	 100.00	1635.60
    107	400804	     48	   20.0	43530.0	42316.6	 0.0278	 100.00	1636.09
    108	400804	     48	    6.0	43528.0	42327.7	 0.0276	 100.00	1636.52
    109	400804	     48	    8.0	43528.0	42338.7	 0.0273	 100.00	1637.03
    110	400804	     48	   10.0	43530.0	42349.4	 0.0271	 100.00	1637.53
    111	400804	     48	   10.0	43528.0	42359.9	 0.0273	 100.00	1638.11
    112	400804	     48	    6.0	43526.0	42370.2	 0.0271	 100.00	1638.55
    113	400804	     48	   12.0	43530.0	42380.4	 0.0270	 100.00	1639.07
    114	400804	     48	    8.0	43530.0	42390.4	 0.0268	 100.00	1639.48
    115	400804	     48	   16.0	43526.0	42400.2	 0.0272	 100.00	1640.01
    116	400804	     48	    6.0	43524.0	42409.8	 0.0270	 100.00	1640.46
    117	400804	     48	    8.0	43524.0	42419.2	 0.0272	 100.00	1640.85
    118	400804	     48	   14.0	43530.0	42428.6	 0.0276	 100.00	1641.27
    119	400804	     48	   10.0	43528.0	42437.7	 0.0277	 100.00	1641.74
    120	400804	     48	    6.0	43526.0	42446.7	 0.0274	 100.00	1642.21
    121	400804	     48	   10.0	43528.0	42455.6	 0.0272	 100.00	1642.61
    122	400804	     48	    8.0	43528.0	42464.3	 0.0270	 100.00	1642.98
    123	400804	     48	   16.0	43528.0	42472.9	 0.0270	 100.00	1643.37
    124	400804	     48	    6.0	43526.0	42481.3	 0.0268	 100.00	1643.67
    125	400804	     48	    8.0	43526.0	42489.6	 0.0266	 100.00	1644.04
    126	400804	     48	   10.0	43528.0	42497.8	 0.0266	 100.00	1644.36
    127	400804	     48	   10.0	43526.0	42505.8	 0.0265	 100.00	1644.43
    128	400804	     48	    6.0	43524.0	42513.7	 0.0263	 100.00	1643.59
    129	400804	     48	   12.0	43536.0	42521.6	 0.0278	 100.00	1642.78
    130	400804	     48	   10.0	43534.0	42529.3	 0.0276	 100.00	1642.51
    131	400804	     48	    8.0	43538.0	42536.9	 0.0274	 100.00	1642.90
    132	400804	     48	   20.0	43522.0	42544.3	 0.0287	 100.00	1643.25
    133	400804	     48	    6.0	43524.0	42551.7	 0.0285	 100.00	1643.53
    134	400804	     48	   14.0	43526.0	42558.9	 0.0284	 100.00	1643.93
    135	400804	     48	    6.0	43528.0	42566.0	 0.0282	 100.00	1644.31
    136	400804	     48	   10.0	43522.0	42573.0	 0.0280	 100.00	1644.62
    137	400804	     48	    8.0	43526.0	42579.9	 0.0279	 100.00	1645.00
    138	400804	     48	   10.0	43524.0	42586.7	 0.0277	 100.00	1645.33
    139	400804	     48	   12.0	43532.0	42593.4	 0.0278	 100.00	1645.62
    140	400804	     48	   12.0	43524.0	42600.0	 0.0281	 100.00	1645.96
    141	400804	     48	    6.0	43526.0	42606.5	 0.0279	 100.00	1646.31
    142	400804	     48	   12.0	43526.0	42613.0	 0.0277	 100.00	1646.62
    143	400804	     48	    6.0	43528.0	42619.3	 0.0275	 100.00	1646.98
    144	400804	     48	   10.0	43522.0	42625.6	 0.0274	 100.00	1647.32
    145	400804	     48	   10.0	43528.0	42631.7	 0.0273	 100.00	1647.66
    146	400804	     48	   10.0	43526.0	42637.8	 0.0271	 100.00	1647.94
    147	400804	     48	    8.0	43530.0	42643.9	 0.0269	 100.00	1648.28
    148	400804	     48	   14.0	43520.0	42649.7	 0.0272	 100.00	1648.57
    149	400804	     48	    6.0	43522.0	42655.5	 0.0270	 100.00	1648.91
    150	400804	     48	   18.0	43528.0	42661.3	 0.0270	 100.00	1649.25
    151	400804	     48	    6.0	43530.0	42667.0	 0.0268	 100.00	1649.53
    152	400804	     48	   10.0	43524.0	42672.6	 0.0267	 100.00	1649.93
    153	400804	     48	    8.0	43528.0	42678.2	 0.0265	 100.00	1650.12
    154	400804	     48	   10.0	43526.0	42683.7	 0.0263	 100.00	1650.44
    155	400804	     48	   10.0	43532.0	42689.1	 0.0262	 100.00	1650.75
    156	400804	     48	   12.0	43524.0	42694.4	 0.0262	 100.00	1651.01
    157	400804	     48	    6.0	43526.0	42699.7	 0.0260	 100.00	1651.28
    158	400804	     48	   12.0	43526.0	42704.9	 0.0258	 100.00	1651.58
    159	400804	     48	    6.0	43528.0	42710.0	 0.0257	 100.00	1651.79
    160	400804	     48	   10.0	43522.0	42715.1	 0.0255	 100.00	1652.05
    161	400804	     48	   12.0	43530.0	42720.1	 0.0255	 100.00	1652.30
    162	400804	     48	   10.0	43528.0	42725.1	 0.0253	 100.00	1652.61
    163	400804	     48	    8.0	43532.0	42730.0	 0.0252	 100.00	1652.84
    164	400804	     48	   16.0	43520.0	42734.8	 0.0254	 100.00	1653.12
    165	400804	     48	    6.0	43522.0	42739.5	 0.0252	 100.00	1653.39
    166	400804	     48	   14.0	43524.0	42744.2	 0.0251	 100.00	1653.71
    167	400804	     48	    6.0	43526.0	42748.9	 0.0249	 100.00	1654.09
    168	400804	     48	   10.0	43520.0	42753.4	 0.0249	 100.00	1654.42
    169	400804	     48	    8.0	43524.0	42758.0	 0.0248	 100.00	1654.79
    170	400804	     48	   10.0	43522.0	42762.4	 0.0246	 100.00	1655.13
    171	400804	     48	   12.0	43534.0	42766.9	 0.0250	 100.00	1655.46
    172	400804	     48	    6.0	43532.0	42771.3	 0.0249	 100.00	1655.85
    173	400804	     48	   12.0	43528.0	42775.7	 0.0252	 100.00	1656.22
    174	400804	     48	   10.0	43530.0	42780.0	 0.0252	 100.00	1656.56
    175	400804	     48	    8.0	43530.0	42784.2	 0.0255	 100.00	1656.93
    176	400804	     48	    6.0	43528.0	42788.5	 0.0255	 100.00	1657.28
    177	400804	     48	   14.0	43530.0	42792.6	 0.0254	 100.00	1657.62
    178	400804	     48	    8.0	43530.0	42796.7	 0.0255	 100.00	1657.97
    179	400804	     48	   10.0	43532.0	42800.8	 0.0256	 100.00	1658.33
    180	400804	     48	    6.0	43530.0	42804.9	 0.0255	 100.00	1658.65
    181	400804	     48	   14.0	43524.0	42808.8	 0.0256	 100.00	1658.98
    182	400804	     48	   14.0	43530.0	42812.7	 0.0256	 100.00	1659.28
    183	400804	     48	    8.0	43530.0	42816.6	 0.0257	 100.00	1659.57
    184	400804	     48	    6.0	43528.0	42820.5	 0.0256	 100.00	1659.90
    185	400804	     48	   12.0	43528.0	42824.3	 0.0254	 100.00	1660.26
    186	400804	     48	    8.0	43528.0	42828.1	 0.0253	 100.00	1660.53
    187	400804	     48	   12.0	43532.0	42831.8	 0.0252	 100.00	1660.77
    188	400804	     48	    6.0	43530.0	42835.5	 0.0250	 100.00	1661.01
    189	400804	     48	   12.0	43526.0	42839.1	 0.0251	 100.00	1661.20
    190	400804	     48	   10.0	43528.0	42842.7	 0.0250	 100.00	1661.43
    191	400804	     48	    8.0	43528.0	42846.3	 0.0249	 100.00	1661.66
    192	400804	     48	    6.0	43526.0	42849.8	 0.0248	 100.00	1661.83
    193	400804	     48	   18.0	43532.0	42853.3	 0.0250	 100.00	1662.04
    194	400804	     48	    8.0	43532.0	42856.8	 0.0249	 100.00	1662.25
    195	400804	     48	   10.0	43534.0	42860.3	 0.0248	 100.00	1662.41
    196	400804	     48	    6.0	43532.0	42863.7	 0.0249	 100.00	1662.60
    197	400804	     48	   18.0	43522.0	42867.0	 0.0251	 100.00	1662.80
    198	400804	     48	   12.0	43526.0	42870.3	 0.0250	 100.00	1662.94
    199	400804	     48	    8.0	43526.0	42873.6	 0.0249	 100.00	1663.14
    200	400804	     48	    6.0	43524.0	42876.8	 0.0248	 100.00	1663.34
    201	400804	     48	   12.0	43524.0	42880.0	 0.0250	 100.00	1663.49
    202	400804	     48	    8.0	43524.0	42883.2	 0.0250	 100.00	1663.66
    203	400804	     48	   14.0	43530.0	42886.4	 0.0251	 100.00	1663.85
    204	400804	     48	    6.0	43528.0	42889.5	 0.0250	 100.00	1663.98
    205	400804	     48	   12.0	43524.0	42892.6	 0.0251	 100.00	1664.15
    206	400804	     48	   10.0	43526.0	42895.7	 0.0250	 100.00	1664.33
    207	400804	     48	    8.0	43526.0	42898.7	 0.0249	 100.00	1664.46
    208	400804	     48	    6.0	43524.0	42901.7	 0.0248	 100.00	1664.63
    209	400804	     48	   14.0	43526.0	42904.6	 0.0248	 100.00	1664.80
    210	400804	     48	    8.0	43526.0	42907.6	 0.0247	 100.00	1664.92
    211	400804	     48	   10.0	43528.0	42910.5	 0.0245	 100.00	1665.11
    212	400804	     48	    6.0	43526.0	42913.4	 0.0244	 100.00	1665.25
    213	400804	     48	   14.0	43520.0	42916.2	 0.0244	 100.00	1665.39
    214	400804	     48	   14.0	43530.0	42919.1	 0.0248	 100.00	1665.55
    215	400804	     48	    6.0	43532.0	42921.9	 0.0247	 100.00	1665.70
    216	400804	     48	    8.0	43528.0	42924.7	 0.0248	 100.00	1665.83
    217	400804	     48	    8.0	43532.0	42927.5	 0.0248	 100.00	1665.99
    218	400804	     48	   12.0	43528.0	42930.3	 0.0248	 100.00	1666.13
    219	400804	     48	   10.0	43534.0	42933.0	 0.0248	 100.00	1666.22
    220	400804	     48	    8.0	43530.0	42935.7	 0.0249	 100.00	1666.34
    221	400804	     48	    6.0	43532.0	42938.4	 0.0249	 100.00	1666.48
    222	400804	     48	   16.0	43528.0	42941.0	 0.0252	 100.00	1666.58
    223	400804	     48	    6.0	43530.0	42943.7	 0.0251	 100.00	1666.72
    224	400804	     48	    8.0	43526.0	42946.2	 0.0253	 100.00	1666.88
    225	400804	     48	   12.0	43534.0	42948.8	 0.0253	 100.00	1666.93
    226	400804	     48	   12.0	43530.0	42951.4	 0.0252	 100.00	1667.03
    227	400804	     48	    8.0	43534.0	42954.0	 0.0251	 100.00	1667.12
    228	400804	     48	    8.0	43530.0	42956.5	 0.0251	 100.00	1667.26
    229	400804	     48	    6.0	43532.0	42959.0	 0.0250	 100.00	1667.36
    230	400804	     48	   22.0	43526.0	42961.4	 0.0255	 100.00	1667.42
    231	400804	     48	    6.0	43528.0	42963.9	 0.0254	 100.00	1667.51
    232	400804	     48	    8.0	43524.0	42966.3	 0.0253	 100.00	1667.59
    233	400804	     48	    8.0	43528.0	42968.7	 0.0253	 100.00	1667.66
    234	400804	     48	   12.0	43524.0	42971.0	 0.0253	 100.00	1667.79
    235	400804	     48	   14.0	43534.0	42973.4	 0.0253	 100.00	1667.87
    236	400804	     48	    8.0	43530.0	42975.8	 0.0252	 100.00	1667.95
    237	400804	     48	    6.0	43532.0	42978.1	 0.0251	 100.00	1668.07
    238	400804	     48	   16.0	43528.0	42980.4	 0.0252	 100.00	1668.19
    239	400804	     48	    6.0	43530.0	42982.7	 0.0251	 100.00	1668.28
    240	400804	     48	    8.0	43526.0	42985.0	 0.0252	 100.00	1668.39
    241	400804	     48	   10.0	43532.0	42987.2	 0.0253	 100.00	1668.54
    242	400804	     48	   12.0	43528.0	42989.4	 0.0252	 100.00	1668.64
    243	400804	     48	    8.0	43532.0	42991.7	 0.0251	 100.00	1668.75
    244	400804	     48	    8.0	43528.0	42993.9	 0.0252	 100.00	1668.87
    245	400804	     48	    6.0	 1284.0	42824.3	 0.0251	 100.00	1667.98
    246	400804	     48	   22.0	 1282.0	42656.1	 0.0256	 100.00	1668.09
    247	400804	     48	    6.0	   13.0	42484.2	 0.0254	 100.00	1668.17
    248	400804	     48	    8.0	    0.0	42313.6	 0.0254	 +99.60	1673.64
    249	400804	     48	    8.0	    8.0	42144.3	 0.0253	  99.60	1672.73
    250	400804	     48	   12.0	   12.0	41976.5	 0.0254	  99.60	1672.28
    251	400804	     48	   10.0	    3.0	41809.9	 0.0253	  99.60	1671.51
    252	400804	     48	    8.0	    0.0	41644.7	 0.0252	 +99.21	1675.95
    253	400804	     48	    6.0	    6.0	41480.7	 0.0251	  99.21	1675.06
    254	400804	     48	   16.0	   16.0	41318.1	 0.0252	  99.22	1674.62
    255	400804	     48	    6.0	    3.0	41156.7	 0.0251	  99.22	1673.05
    256	400804	     48	    8.0	    2.0	40996.6	 0.0252	  99.22	1670.87
    257	400804	     48	   12.0	    2.0	40837.7	 0.0253	  99.22	1668.99
    258	400804	     48	    8.0	    9.0	40680.1	 0.0253	  99.23	1667.52
    259	400804	     48	   12.0	    6.0	40523.6	 0.0255	  99.23	1666.08
    260	400804	     48	    6.0	    7.0	40368.4	 0.0254	  99.23	1664.66
    261	400804	     48	    8.0	    3.0	40214.3	 0.0254	  99.24	1663.30
    262	400804	     48	   12.0	    6.0	40061.4	 0.0257	  99.24	1661.17
    263	400804	     48	   22.0	   19.0	39909.8	 0.0267	  99.24	1659.12
    264	400804	     48	    6.0	   14.0	39759.2	 0.0266	  99.25	1657.46
    265	400804	     48	   10.0	    0.0	39609.7	 0.0265	 +98.87	1661.77
    266	400804	     48	    8.0	    8.0	39461.4	 0.0264	  98.88	1660.93
    267	400804	     48	   16.0	   16.0	39314.2	 0.0266	  98.88	1660.15
    268	400804	     48	    6.0	    5.0	39168.1	 0.0265	  98.88	1659.10
    269	400804	     48	    8.0	    1.0	39023.0	 0.0264	  98.89	1658.09
    270	400804	     48	   10.0	   11.0	38879.1	 0.0263	  98.89	1658.16
    271	400804	     48	   12.0	   11.0	38736.2	 0.0265	  98.90	1658.25
    272	400804	     48	    6.0	    4.0	38594.3	 0.0264	  98.90	1658.33
    273	400804	     48	   12.0	    1.0	38453.5	 0.0264	  98.91	1657.58
    274	400804	     48	    8.0	    9.0	38313.7	 0.0264	  98.91	1657.70
    275	400804	     48	   12.0	   11.0	38174.9	 0.0264	  98.91	1657.54
    276	400804	     48	    6.0	    1.0	38037.1	 0.0263	  98.92	1657.07
    277	400804	     48	    8.0	    0.0	37900.2	 0.0262	 +98.56	1661.87
    278	400804	     48	   16.0	   16.0	37764.5	 0.0263	  98.57	1661.06
    279	400804	     48	   14.0	   16.0	37629.6	 0.0264	  98.57	1660.56
    280	400804	     48	    6.0	    4.0	37495.7	 0.0264	  98.58	1660.17
    281	400804	     48	   10.0	    0.0	37362.8	 0.0263	 +98.23	1665.05
    282	400804	     48	    8.0	    8.0	37230.8	 0.0262	  98.23	1664.32
    283	400804	     48	   14.0	   14.0	37099.7	 0.0261	  98.24	1664.51
    284	400804	     48	    6.0	    0.0	36969.6	 0.0260	 +97.89	1669.16
    285	400804	     48	    8.0	    8.0	36840.3	 0.0259	  97.90	1668.42
    286	400804	     48	   10.0	   10.0	36712.0	 0.0258	  97.91	1667.37
    287	400804	     48	   12.0	    1.0	36584.5	 0.0258	  97.92	1666.16
    288	400804	     48	    6.0	    7.0	36458.0	 0.0257	  97.92	1665.56
    289	400804	     48	   14.0	   14.0	36332.3	 0.0257	  97.93	1665.63
    290	400804	     48	    8.0	    1.0	36207.5	 0.0256	  97.94	1665.72
    291	400804	     48	   12.0	    0.0	36083.5	 0.0255	 +97.60	1670.87
    292	400804	     48	    6.0	    6.0	35960.3	 0.0254	  97.61	1670.14
    293	400804	     48	    8.0	    8.0	35838.0	 0.0253	  97.62	1669.97
    294	400804	     48	   12.0	    8.0	35716.6	 0.0252	  97.63	1670.02
    295	400804	     48	   16.0	   16.0	35596.0	 0.0254	  97.64	1669.49
    296	400804	     48	    6.0	    4.0	35476.1	 0.0253	  97.64	1669.07
    297	400804	     48	   10.0	    0.0	35357.1	 0.0252	 +97.32	1673.74
    298	400804	     48	    8.0	    8.0	35238.9	 0.0252	  97.32	1673.03
    299	400804	     48	   12.0	   12.0	35121.4	 0.0255	  97.33	1673.20
    300	400804	     48	   10.0	   18.0	35004.8	 0.0256	  97.34	1673.24
    301	400804	     48	    6.0	   12.0	34888.9	 0.0255	  97.35	1672.94
    302	400804	     48	   12.0	    9.0	34773.8	 0.0255	  97.36	1671.91
