./asc:main.c:294: warning: auxv random bytes were not cleared
  Round	    PC	Excited	Hamming	   Loss	 Regret	    MSE	  Error	   MIPS
      0	400144	     48	42312.0	42312.0	42312.0	 0.2557	 100.00	  46.63
      1	400800	     48	 1226.0	43530.0	21765.0	 0.1868	 100.00	 373.41
      2	400800	     48	    8.0	43530.0	14510.0	 0.1378	 100.00	 555.41
      3	400800	     48	   10.0	43532.0	10883.0	 0.1102	 100.00	 710.45
      4	400800	     48	    6.0	43530.0	17412.4	 0.0943	 100.00	 827.23
      5	400800	     48	   10.0	43528.0	21765.0	 0.0947	 100.00	 920.13
      6	400800	     48	   12.0	43532.0	24874.6	 0.0888	 100.00	 995.65
      7	400800	     48	    8.0	43532.0	27206.8	 0.0779	 100.00	1055.34
      8	400800	     48	    6.0	43530.0	29020.4	 0.0778	 100.00	1106.49
      9	400800	     48	   14.0	43528.0	30471.2	 0.0709	 100.00	1149.45
     10	400800	     48	    8.0	43528.0	31658.2	 0.0652	 100.00	1186.98
     11	400800	     48	   14.0	43534.0	32647.8	 0.0601	 100.00	1218.73
     12	400800	     48	    6.0	43532.0	33485.1	 0.0557	 100.00	1247.32
     13	400800	     48	   10.0	43530.0	34202.6	 0.0544	 100.00	1272.70
     14	400800	     48	   10.0	43532.0	34824.5	 0.0508	 100.00	1295.65
     15	400800	     48	    8.0	43532.0	35368.8	 0.0483	 100.00	1316.21
     16	400800	     48	    6.0	43530.0	35848.8	 0.0477	 100.00	1334.61
     17	400800	     48	   18.0	43528.0	36275.4	 0.0495	 100.00	1351.36
     18	400800	     48	    8.0	43528.0	36657.2	 0.0469	 100.00	1366.99
     19	400800	     48	   10.0	43530.0	37000.8	 0.0459	 100.00	1381.32
     20	400800	     48	    6.0	43528.0	37311.6	 0.0442	 100.00	1394.10
     21	400800	     48	   10.0	43526.0	37594.1	 0.0430	 100.00	1406.09
     22	400800	     48	   16.0	43534.0	37852.3	 0.0480	 100.00	1417.19
     23	400800	     48	    8.0	43534.0	38089.1	 0.0473	 100.00	1427.07
     24	400800	     48	    6.0	43532.0	38306.8	 0.0457	 100.00	1436.70
     25	400800	     48	   14.0	43530.0	38507.7	 0.0443	 100.00	1445.58
     26	400800	     48	    8.0	43530.0	38693.7	 0.0427	 100.00	1453.63
     27	400800	     48	   12.0	43534.0	38866.6	 0.0412	 100.00	1461.57
     28	400800	     48	    6.0	43532.0	39027.4	 0.0398	 100.00	1468.93
     29	400800	     48	   10.0	43530.0	39177.5	 0.0386	 100.00	1475.58
     30	400800	     48	   10.0	43532.0	39318.0	 0.0374	 100.00	1481.66
     31	400800	     48	    8.0	43532.0	39449.7	 0.0363	 100.00	1487.52
     32	400800	     48	    6.0	43530.0	39573.3	 0.0352	 100.00	1492.75
     33	400800	     48	   22.0	43528.0	39689.6	 0.0370	 100.00	1497.94
     34	400800	     48	    8.0	43528.0	39799.3	 0.0360	 100.00	1502.87
     35	400800	     48	   10.0	43530.0	39902.9	 0.0350	 100.00	1507.29
     36	400800	     48	    6.0	43528.0	40000.9	 0.0340	 100.00	1511.69
     37	400800	     48	   10.0	43526.0	40093.7	 0.0334	 100.00	1515.71
     38	400800	     48	   12.0	43530.0	40181.8	 0.0335	 100.00	1519.41
     39	400800	     48	    8.0	43530.0	40265.5	 0.0329	 100.00	1523.08
     40	400800	     48	    6.0	43528.0	40345.1	 0.0321	 100.00	1526.52
     41	400800	     48	   14.0	43526.0	40420.8	 0.0315	 100.00	1529.70
     42	400800	     48	    8.0	43526.0	40493.0	 0.0308	 100.00	1532.86
     43	400800	     48	   12.0	43538.0	40562.2	 0.0315	 100.00	1535.91
     44	400800	     48	    8.0	43534.0	40628.3	 0.0318	 100.00	1538.71
     45	400800	     48	    6.0	43536.0	40691.5	 0.0312	 100.00	1541.55
     46	400800	     48	   14.0	43534.0	40752.0	 0.0311	 100.00	1544.20
     47	400800	     48	    6.0	43536.0	40810.0	 0.0309	 100.00	1546.95
     48	400800	     48	    8.0	43532.0	40865.5	 0.0317	 100.00	1549.42
     49	400800	     48	   10.0	43538.0	40919.0	 0.0320	 100.00	1551.84
     50	400800	     48	   16.0	43530.0	40970.2	 0.0337	 100.00	1554.30
     51	400800	     48	    8.0	43534.0	41019.5	 0.0336	 100.00	1556.68
     52	400800	     48	    8.0	43530.0	41066.8	 0.0330	 100.00	1558.68
     53	400800	     48	    6.0	43532.0	41112.5	 0.0324	 100.00	1560.76
     54	400800	     48	   18.0	43534.0	41156.5	 0.0327	 100.00	1562.91
     55	400800	     48	    6.0	43536.0	41199.0	 0.0321	 100.00	1564.88
     56	400800	     48	    8.0	43532.0	41239.9	 0.0316	 100.00	1566.82
     57	400800	     48	    8.0	43536.0	41279.5	 0.0318	 100.00	1569.07
     58	400800	     48	   14.0	43530.0	41317.7	 0.0317	 100.00	1571.08
     59	400800	     48	   10.0	43536.0	41354.6	 0.0316	 100.00	1573.11
     60	400800	     48	    8.0	43532.0	41390.3	 0.0311	 100.00	1575.12
     61	400800	     48	    6.0	43534.0	41424.9	 0.0307	 100.00	1576.95
     62	400800	     48	   14.0	43532.0	41458.3	 0.0302	 100.00	1578.78
     63	400800	     48	    6.0	43534.0	41490.8	 0.0298	 100.00	1580.41
     64	400800	     48	    8.0	43530.0	41522.2	 0.0321	 100.00	1581.84
     65	400800	     48	   14.0	43540.0	41552.7	 0.0329	 100.00	1583.29
     66	400800	     48	   20.0	43528.0	41582.2	 0.0343	 100.00	1584.67
     67	400800	     48	    8.0	43532.0	41610.9	 0.0338	 100.00	1586.00
     68	400800	     48	    8.0	43528.0	41638.7	 0.0334	 100.00	1587.41
     69	400800	     48	    6.0	43530.0	41665.7	 0.0329	 100.00	1588.81
     70	400800	     48	   16.0	43530.0	41691.9	 0.0331	 100.00	1590.03
     71	400800	     48	    6.0	43532.0	41717.5	 0.0327	 100.00	1591.25
     72	400800	     48	    8.0	43528.0	41742.3	 0.0324	 100.00	1592.54
     73	400800	     48	    8.0	43532.0	41766.5	 0.0322	 100.00	1593.70
     74	400800	     48	   14.0	43526.0	41789.9	 0.0321	 100.00	1594.86
     75	400800	     48	   12.0	43534.0	41812.9	 0.0327	 100.00	1595.98
     76	400800	     48	    8.0	43530.0	41835.2	 0.0323	 100.00	1597.01
     77	400800	     48	    6.0	43532.0	41856.9	 0.0319	 100.00	1598.16
     78	400800	     48	   14.0	43530.0	41878.1	 0.0320	 100.00	1599.26
     79	400800	     48	    6.0	43532.0	41898.8	 0.0316	 100.00	1600.24
     80	400800	     48	    8.0	43528.0	41918.9	 0.0312	 100.00	1601.30
     81	400800	     48	   10.0	43534.0	41938.6	 0.0312	 100.00	1602.26
     82	400800	     48	   16.0	43526.0	41957.7	 0.0309	 100.00	1603.14
     83	400800	     48	    8.0	43530.0	41976.5	 0.0305	 100.00	1604.11
     84	400800	     48	    8.0	43526.0	41994.7	 0.0302	 100.00	1605.02
     85	400800	     48	    6.0	43528.0	42012.5	 0.0298	 100.00	1605.85
     86	400800	     48	   14.0	43538.0	42030.0	 0.0317	 100.00	1606.70
     87	400800	     48	   10.0	43536.0	42047.2	 0.0315	 100.00	1607.66
     88	400800	     48	    6.0	43534.0	42063.9	 0.0312	 100.00	1608.31
     89	400800	     48	   10.0	43536.0	42080.2	 0.0309	 100.00	1609.18
     90	400800	     48	    8.0	43536.0	42096.2	 0.0306	 100.00	1609.92
     91	400800	     48	   16.0	43536.0	42111.9	 0.0310	 100.00	1610.76
     92	400800	     48	    6.0	43534.0	42127.2	 0.0307	 100.00	1611.50
     93	400800	     48	    8.0	43534.0	42142.1	 0.0305	 100.00	1612.16
     94	400800	     48	   10.0	43536.0	42156.8	 0.0306	 100.00	1612.85
     95	400800	     48	   10.0	43534.0	42171.1	 0.0314	 100.00	1613.51
     96	400800	     48	    6.0	43532.0	42185.2	 0.0311	 100.00	1614.14
     97	400800	     48	   14.0	43538.0	42199.0	 0.0312	 100.00	1614.90
     98	400800	     48	    8.0	43538.0	42212.5	 0.0311	 100.00	1615.64
     99	400800	     48	   18.0	43532.0	42225.7	 0.0321	 100.00	1616.41
    100	400800	     48	    6.0	43530.0	42238.6	 0.0318	 100.00	1617.25
    101	400800	     48	    8.0	43530.0	42251.3	 0.0315	 100.00	1618.08
    102	400800	     48	   12.0	43534.0	42263.7	 0.0316	 100.00	1618.81
    103	400800	     48	   10.0	43532.0	42275.9	 0.0313	 100.00	1619.63
    104	400800	     48	    6.0	43530.0	42287.9	 0.0310	 100.00	1620.42
    105	400800	     48	   10.0	43532.0	42299.6	 0.0309	 100.00	1621.12
    106	400800	     48	    8.0	43532.0	42311.1	 0.0306	 100.00	1621.88
    107	400800	     48	   20.0	43536.0	42322.5	 0.0314	 100.00	1622.65
    108	400800	     48	    6.0	43534.0	42333.6	 0.0311	 100.00	1623.31
    109	400800	     48	    8.0	43534.0	42344.5	 0.0310	 100.00	1624.00
    110	400800	     48	   10.0	43536.0	42355.2	 0.0311	 100.00	1624.72
    111	400800	     48	   10.0	43534.0	42365.8	 0.0311	 100.00	1625.35
    112	400800	     48	    6.0	43532.0	42376.1	 0.0308	 100.00	1626.03
    113	400800	     48	   12.0	43536.0	42386.2	 0.0307	 100.00	1626.70
    114	400800	     48	    8.0	43536.0	42396.2	 0.0305	 100.00	1627.28
    115	400800	     48	   16.0	43532.0	42406.0	 0.0307	 100.00	1627.94
    116	400800	     48	    6.0	43530.0	42415.6	 0.0305	 100.00	1628.57
    117	400800	     48	    8.0	43530.0	42425.1	 0.0302	 100.00	1629.10
    118	400800	     48	   14.0	43536.0	42434.4	 0.0301	 100.00	1629.69
    119	400800	     48	   10.0	43534.0	42443.6	 0.0300	 100.00	1630.30
    120	400800	     48	    6.0	43532.0	42452.6	 0.0297	 100.00	1630.84
    121	400800	     48	   10.0	43534.0	42461.4	 0.0295	 100.00	1631.42
    122	400800	     48	    8.0	43534.0	42470.2	 0.0292	 100.00	1632.00
    123	400800	     48	   16.0	43534.0	42478.7	 0.0294	 100.00	1632.50
    124	400800	     48	    6.0	43532.0	42487.2	 0.0292	 100.00	1633.01
    125	400800	     48	    8.0	43532.0	42495.5	 0.0289	 100.00	1633.44
    126	400800	     48	   10.0	43534.0	42503.6	 0.0287	 100.00	1633.82
    127	400800	     48	   10.0	43532.0	42511.7	 0.0285	 100.00	1634.21
    128	400800	     48	    6.0	43530.0	42519.6	 0.0283	 100.00	1634.65
    129	400800	     48	   12.0	43542.0	42527.4	 0.0293	 100.00	1635.01
    130	400800	     48	   10.0	43540.0	42535.2	 0.0291	 100.00	1635.39
    131	400800	     48	    8.0	43544.0	42542.8	 0.0297	 100.00	1635.76
    132	400800	     48	   20.0	43528.0	42550.2	 0.0310	 100.00	1636.08
    133	400800	     48	    6.0	43530.0	42557.5	 0.0308	 100.00	1636.45
    134	400800	     48	   14.0	43532.0	42564.7	 0.0312	 100.00	1636.80
    135	400800	     48	    6.0	43534.0	42571.9	 0.0311	 100.00	1637.11
    136	400800	     48	   10.0	43528.0	42578.8	 0.0313	 100.00	1637.46
    137	400800	     48	    8.0	43532.0	42585.8	 0.0313	 100.00	1637.90
    138	400800	     48	   10.0	43530.0	42592.5	 0.0314	 100.00	1638.13
    139	400800	     48	   12.0	43538.0	42599.3	 0.0315	 100.00	1638.50
    140	400800	     48	   12.0	43530.0	42605.9	 0.0318	 100.00	1638.79
    141	400800	     48	    6.0	43532.0	42612.4	 0.0315	 100.00	1639.12
    142	400800	     48	   12.0	43532.0	42618.9	 0.0315	 100.00	1639.43
    143	400800	     48	    6.0	43534.0	42625.2	 0.0313	 100.00	1639.70
    144	400800	     48	   10.0	43528.0	42631.4	 0.0320	 100.00	1639.98
    145	400800	     48	   10.0	43534.0	42637.6	 0.0320	 100.00	1640.25
    146	400800	     48	   10.0	43532.0	42643.7	 0.0324	 100.00	1640.31
    147	400800	     48	    8.0	43536.0	42649.7	 0.0324	 100.00	1639.58
    148	400800	     48	   14.0	43526.0	42655.6	 0.0334	 100.00	1638.83
    149	400800	     48	    6.0	43528.0	42661.4	 0.0331	 100.00	1638.59
    150	400800	     48	   18.0	43534.0	42667.2	 0.0333	 100.00	1638.92
    151	400800	     48	    6.0	43536.0	42672.9	 0.0331	 100.00	1639.23
    152	400800	     48	   10.0	43530.0	42678.5	 0.0331	 100.00	1639.52
    153	400800	     48	    8.0	43534.0	42684.1	 0.0329	 100.00	1639.86
    154	400800	     48	   10.0	43532.0	42689.5	 0.0327	 100.00	1640.16
    155	400800	     48	   10.0	43538.0	42695.0	 0.0326	 100.00	1640.43
    156	400800	     48	   12.0	43530.0	42700.3	 0.0324	 100.00	1640.75
    157	400800	     48	    6.0	43532.0	42705.6	 0.0322	 100.00	1641.06
    158	400800	     48	   12.0	43532.0	42710.8	 0.0321	 100.00	1641.31
    159	400800	     48	    6.0	43534.0	42715.9	 0.0319	 100.00	1641.62
    160	400800	     48	   10.0	43528.0	42721.0	 0.0321	 100.00	1641.91
    161	400800	     48	   12.0	43536.0	42726.0	 0.0323	 100.00	1642.14
    162	400800	     48	   10.0	43534.0	42730.9	 0.0322	 100.00	1642.43
    163	400800	     48	    8.0	43538.0	42735.9	 0.0321	 100.00	1642.71
    164	400800	     48	   16.0	43526.0	42740.7	 0.0323	 100.00	1643.00
    165	400800	     48	    6.0	43528.0	42745.4	 0.0323	 100.00	1643.24
    166	400800	     48	   14.0	43530.0	42750.1	 0.0321	 100.00	1643.52
    167	400800	     48	    6.0	43532.0	42754.8	 0.0319	 100.00	1643.79
    168	400800	     48	   10.0	43526.0	42759.3	 0.0319	 100.00	1644.01
    169	400800	     48	    8.0	43530.0	42763.8	 0.0317	 100.00	1644.23
    170	400800	     48	   10.0	43528.0	42768.3	 0.0315	 100.00	1644.52
    171	400800	     48	   12.0	43540.0	42772.8	 0.0321	 100.00	1644.79
    172	400800	     48	    6.0	43538.0	42777.2	 0.0319	 100.00	1644.96
    173	400800	     48	   12.0	43534.0	42781.6	 0.0318	 100.00	1645.13
    174	400800	     48	   10.0	43536.0	42785.9	 0.0317	 100.00	1645.36
    175	400800	     48	    8.0	43536.0	42790.1	 0.0315	 100.00	1645.56
    176	400800	     48	    6.0	43534.0	42794.4	 0.0314	 100.00	1645.76
    177	400800	     48	   14.0	43536.0	42798.5	 0.0313	 100.00	1646.07
    178	400800	     48	    8.0	43536.0	42802.6	 0.0312	 100.00	1646.31
    179	400800	     48	   10.0	43538.0	42806.7	 0.0312	 100.00	1646.62
    180	400800	     48	    6.0	43536.0	42810.8	 0.0310	 100.00	1646.93
    181	400800	     48	   14.0	43530.0	42814.7	 0.0309	 100.00	1647.19
    182	400800	     48	   14.0	43536.0	42818.6	 0.0307	 100.00	1647.48
    183	400800	     48	    8.0	43536.0	42822.5	 0.0306	 100.00	1647.77
    184	400800	     48	    6.0	43534.0	42826.4	 0.0305	 100.00	1648.00
    185	400800	     48	   12.0	43534.0	42830.2	 0.0306	 100.00	1648.27
    186	400800	     48	    8.0	43534.0	42834.0	 0.0304	 100.00	1648.52
    187	400800	     48	   12.0	43538.0	42837.7	 0.0304	 100.00	1648.68
    188	400800	     48	    6.0	43536.0	42841.4	 0.0302	 100.00	1648.90
    189	400800	     48	   12.0	43532.0	42845.0	 0.0301	 100.00	1649.10
    190	400800	     48	   10.0	43534.0	42848.6	 0.0300	 100.00	1649.30
    191	400800	     48	    8.0	43534.0	42852.2	 0.0298	 100.00	1649.51
    192	400800	     48	    6.0	43532.0	42855.7	 0.0301	 100.00	1649.70
    193	400800	     48	   18.0	43538.0	42859.2	 0.0303	 100.00	1649.86
    194	400800	     48	    8.0	43538.0	42862.7	 0.0302	 100.00	1650.07
    195	400800	     48	   10.0	43540.0	42866.2	 0.0301	 100.00	1650.28
    196	400800	     48	    6.0	43538.0	42869.6	 0.0299	 100.00	1650.44
    197	400800	     48	   18.0	43528.0	42872.9	 0.0301	 100.00	1650.63
    198	400800	     48	   12.0	43532.0	42876.2	 0.0300	 100.00	1650.81
    199	400800	     48	    8.0	43532.0	42879.5	 0.0298	 100.00	1650.95
    200	400800	     48	    6.0	43530.0	42882.7	 0.0297	 100.00	1651.13
    201	400800	     48	   12.0	43530.0	42886.0	 0.0298	 100.00	1651.31
    202	400800	     48	    8.0	43530.0	42889.1	 0.0296	 100.00	1651.45
    203	400800	     48	   14.0	43536.0	42892.3	 0.0298	 100.00	1651.63
    204	400800	     48	    6.0	43534.0	42895.4	 0.0296	 100.00	1651.77
    205	400800	     48	   12.0	43530.0	42898.5	 0.0296	 100.00	1651.90
    206	400800	     48	   10.0	43532.0	42901.6	 0.0296	 100.00	1652.05
    207	400800	     48	    8.0	43532.0	42904.6	 0.0294	 100.00	1652.20
    208	400800	     48	    6.0	43530.0	42907.6	 0.0295	 100.00	1652.32
    209	400800	     48	   14.0	43532.0	42910.6	 0.0294	 100.00	1652.49
    210	400800	     48	    8.0	43532.0	42913.5	 0.0293	 100.00	1652.70
    211	400800	     48	   10.0	43534.0	42916.4	 0.0292	 100.00	1652.81
    212	400800	     48	    6.0	43532.0	42919.3	 0.0290	 100.00	1653.00
    213	400800	     48	   14.0	43526.0	42922.2	 0.0289	 100.00	1653.15
    214	400800	     48	   14.0	43536.0	42925.0	 0.0291	 100.00	1653.32
    215	400800	     48	    6.0	43538.0	42927.9	 0.0290	 100.00	1653.47
    216	400800	     48	    8.0	43534.0	42930.6	 0.0290	 100.00	1653.59
    217	400800	     48	    8.0	43538.0	42933.4	 0.0290	 100.00	1653.74
    218	400800	     48	   12.0	43534.0	42936.2	 0.0290	 100.00	1653.92
    219	400800	     48	   10.0	43540.0	42938.9	 0.0288	 100.00	1654.05
    220	400800	     48	    8.0	43536.0	42941.6	 0.0288	 100.00	1654.20
    221	400800	     48	    6.0	43538.0	42944.3	 0.0288	 100.00	1654.36
    222	400800	     48	   16.0	43534.0	42947.0	 0.0292	 100.00	1654.48
    223	400800	     48	    6.0	43536.0	42949.6	 0.0291	 100.00	1654.61
    224	400800	     48	    8.0	43532.0	42952.2	 0.0292	 100.00	1654.75
    225	400800	     48	   12.0	43540.0	42954.8	 0.0293	 100.00	1654.85
    226	400800	     48	   12.0	43536.0	42957.3	 0.0294	 100.00	1654.98
    227	400800	     48	    8.0	43540.0	42959.9	 0.0293	 100.00	1655.12
    228	400800	     48	    8.0	43536.0	42962.4	 0.0292	 100.00	1655.20
    229	400800	     48	    6.0	43538.0	42964.9	 0.0291	 100.00	1655.33
    230	400800	     48	   22.0	43532.0	42967.4	 0.0296	 100.00	1655.45
    231	400800	     48	    6.0	43534.0	42969.8	 0.0294	 100.00	1655.55
    232	400800	     48	    8.0	43530.0	42972.2	 0.0293	 100.00	1655.66
    233	400800	     48	    8.0	43534.0	42974.6	 0.0292	 100.00	1655.80
    234	400800	     48	   12.0	43530.0	42977.0	 0.0291	 100.00	1655.90
    235	400800	     48	   14.0	43540.0	42979.4	 0.0292	 100.00	1656.05
    236	400800	     48	    8.0	43536.0	42981.7	 0.0291	 100.00	1656.18
    237	400800	     48	    6.0	43538.0	42984.0	 0.0290	 100.00	1656.30
    238	400800	     48	   16.0	43534.0	42986.3	 0.0291	 100.00	1656.45
    239	400800	     48	    6.0	43536.0	42988.6	 0.0290	 100.00	1656.59
    240	400800	     48	    8.0	43532.0	42990.9	 0.0289	 100.00	1656.70
    241	400800	     48	   10.0	43538.0	42993.1	 0.0288	 100.00	1656.84
    242	400800	     48	   12.0	43534.0	42995.4	 0.0287	 100.00	1656.97
    243	400800	     48	    8.0	43538.0	42997.6	 0.0286	 100.00	1657.06
    244	400800	     48	    8.0	 1301.0	42827.4	 0.0285	 100.00	1657.16
    245	400800	     48	    6.0	    3.0	42653.3	 0.0285	 100.00	1656.08
    246	400800	     48	   22.0	   19.0	42480.7	 0.0287	 100.00	1655.56
    247	400800	     48	    6.0	   10.0	42309.5	 0.0286	 100.00	1655.09
    248	400800	     48	    8.0	    0.0	42139.5	 0.0285	 +99.60	1660.40
    249	400800	     48	    8.0	    8.0	41971.0	 0.0284	  99.60	1659.55
    250	400800	     48	   12.0	   12.0	41803.9	 0.0282	  99.60	1659.69
    251	400800	     48	   10.0	    1.0	41638.0	 0.0282	  99.60	1659.58
    252	400800	     48	    8.0	    1.0	41473.4	 0.0281	  99.60	1657.56
    253	400800	     48	    6.0	    0.0	41310.1	 0.0280	 +99.21	1662.16
    254	400800	     48	   16.0	   16.0	41148.2	 0.0280	  99.22	1661.23
    255	400800	     48	    6.0	    8.0	40987.5	 0.0279	  99.22	1659.89
    256	400800	     48	    8.0	    0.0	40828.0	 0.0278	 +98.83	1664.38
    257	400800	     48	   12.0	   12.0	40669.8	 0.0280	  98.84	1663.42
    258	400800	     48	    8.0	    8.0	40512.8	 0.0279	  98.84	1662.43
    259	400800	     48	   12.0	    1.0	40357.0	 0.0278	  98.85	1662.10
    260	400800	     48	    6.0	    0.0	40202.4	 0.0277	 +98.47	1666.41
    261	400800	     48	    8.0	    8.0	40048.9	 0.0277	  98.47	1665.46
    262	400800	     48	   12.0	   12.0	39896.7	 0.0278	  98.48	1665.04
    263	400800	     48	   22.0	   14.0	39745.6	 0.0286	  98.48	1664.02
    264	400800	     48	    6.0	   13.0	39595.7	 0.0286	  98.49	1662.61
    265	400800	     48	   10.0	    5.0	39446.9	 0.0285	  98.50	1661.21
    266	400800	     48	    8.0	    0.0	39299.1	 0.0284	 +98.13	1665.53
    267	400800	     48	   16.0	   16.0	39152.5	 0.0283	  98.13	1664.68
    268	400800	     48	    6.0	    7.0	39007.0	 0.0283	  98.14	1663.79
    269	400800	     48	    8.0	    5.0	38862.6	 0.0282	  98.15	1662.71
    270	400800	     48	   10.0	   15.0	38719.2	 0.0281	  98.15	1662.85
    271	400800	     48	   12.0	   12.0	38576.9	 0.0281	  98.16	1662.92
    272	400800	     48	    6.0	    2.0	38435.6	 0.0280	  98.17	1662.99
    273	400800	     48	   12.0	    0.0	38295.3	 0.0279	 +97.81	1667.49
    274	400800	     48	    8.0	    8.0	38156.1	 0.0278	  97.82	1666.71
    275	400800	     48	   12.0	   12.0	38017.9	 0.0278	  97.83	1666.06
    276	400800	     48	    6.0	   10.0	37880.7	 0.0277	  97.83	1665.35
    277	400800	     48	    8.0	    9.0	37744.5	 0.0276	  97.84	1664.21
    278	400800	     48	   16.0	    4.0	37609.2	 0.0278	  97.85	1663.13
    279	400800	     48	   14.0	    4.0	37474.9	 0.0277	  97.86	1662.68
    280	400800	     48	    6.0	   10.0	37341.6	 0.0276	  97.86	1662.66
    281	400800	     48	   10.0	   11.0	37209.2	 0.0276	  97.87	1662.49
    282	400800	     48	    8.0	    0.0	37077.7	 0.0275	 +97.53	1667.09
    283	400800	     48	   14.0	   14.0	36947.2	 0.0274	  97.54	1666.27
    284	400800	     48	    6.0	    6.0	36817.6	 0.0273	  97.54	1665.82
    285	400800	     48	    8.0	    0.0	36688.8	 0.0272	 +97.20	1670.35
    286	400800	     48	   10.0	   10.0	36561.0	 0.0271	  97.21	1669.55
    287	400800	     48	   12.0	   12.0	36434.1	 0.0270	  97.22	1669.03
    288	400800	     48	    6.0	    3.0	36308.1	 0.0270	  97.23	1668.48
    289	400800	     48	   14.0	    3.0	36182.9	 0.0269	  97.24	1667.53
    290	400800	     48	    8.0	    0.0	36058.6	 0.0268	 +96.91	1671.54
    291	400800	     48	   12.0	   12.0	35935.1	 0.0268	  96.92	1670.73
    292	400800	     48	    6.0	    6.0	35812.5	 0.0267	  96.93	1670.29
    293	400800	     48	    8.0	    6.0	35690.7	 0.0266	  96.94	1669.72
    294	400800	     48	   12.0	   12.0	35569.7	 0.0265	  96.95	1669.23
    295	400800	     48	   16.0	    3.0	35449.6	 0.0266	  96.96	1668.71
    296	400800	     48	    6.0	    4.0	35330.2	 0.0265	  96.97	1668.16
    297	400800	     48	   10.0	    0.0	35211.7	 0.0265	 +96.64	1672.10
    298	400800	     48	    8.0	    8.0	35093.9	 0.0264	  96.66	1671.32
    299	400800	     48	   12.0	   12.0	34977.0	 0.0268	  96.67	1670.77
    300	400800	     48	   10.0	    4.0	34860.8	 0.0268	  96.68	1670.28
    301	400800	     48	    6.0	    1.0	34745.4	 0.0267	  96.69	1669.09
    302	400800	     48	   12.0	    7.0	34630.7	 0.0266	  96.70	1667.65
