./asc:main.c:294: warning: auxv random bytes were not cleared
  Round	    PC	Excited	Hamming	   Loss	 Regret	    MSE	  Error	   MIPS
      0	40010c	     34	12740.0	12740.0	12740.0	 0.2014	 100.00	0.12602
      1	40013d	     34	  307.0	13043.0	 6521.5	 0.1725	 100.00	0.26603
      2	40013d	     34	   11.0	13044.0	 4348.0	 0.1881	 100.00	0.36157
      3	40013d	     34	   12.0	13044.0	 3261.0	 0.2140	 100.00	0.46798
      4	40013d	     34	   11.0	13043.0	 5217.4	 0.2297	 100.00	0.57045
      5	40013d	     34	   10.0	13049.0	 6522.7	 0.2308	 100.00	0.65664
      6	40013d	     34	   11.0	13046.0	 7454.6	 0.2381	 100.00	0.74852
      7	40013d	     34	    8.0	13048.0	 8153.8	 0.2458	 100.00	0.83316
      8	40013d	     34	   13.0	13045.0	 8697.2	 0.2322	 100.00	0.91071
      9	40013d	     34	    6.0	13047.0	 9132.2	 0.2294	 100.00	0.98408
     10	40013d	     34	   11.0	13050.0	 9488.4	 0.2231	 100.00	   1.05
     11	40013d	     34	   14.0	13046.0	 9784.8	 0.2197	 100.00	   1.12
     12	40013d	     34	   15.0	13045.0	10035.6	 0.2089	 100.00	   1.18
     13	40013d	     34	   12.0	13043.0	10250.4	 0.2030	 100.00	   1.24
     14	40013d	     34	    8.0	13047.0	10436.9	 0.2061	 100.00	   1.29
     15	40013d	     34	    7.0	13046.0	10599.9	 0.1959	 100.00	   1.35
     16	40013d	     34	   11.0	13045.0	10743.8	 0.1986	 100.00	   1.36
     17	40013d	     34	   11.0	13048.0	10871.8	 0.1959	 100.00	   1.41
     18	40013d	     34	   10.0	13048.0	10986.3	 0.1942	 100.00	   1.45
     19	40013d	     34	   13.0	13047.0	11089.4	 0.1948	 100.00	   1.49
     20	40013d	     34	   11.0	13046.0	11182.5	 0.1922	 100.00	   1.52
     21	40013d	     34	   11.0	13045.0	11267.2	 0.1896	 100.00	   1.56
     22	40013d	     34	   12.0	13047.0	11344.6	 0.1892	 100.00	   1.59
     23	40013d	     34	   15.0	13050.0	11415.6	 0.1888	 100.00	   1.62
     24	40013d	     34	   12.0	13048.0	11480.9	 0.1885	 100.00	   1.65
     25	40013d	     34	    6.0	13046.0	11541.1	 0.1902	 100.00	   1.68
     26	40013d	     34	   15.0	13045.0	11596.8	 0.1918	 100.00	   1.70
     27	40013d	     34	    8.0	13047.0	11648.6	 0.1896	 100.00	   1.73
     28	40013d	     34	   13.0	13048.0	11696.9	 0.1871	 100.00	   1.75
     29	40013d	     34	   11.0	13053.0	11742.1	 0.1866	 100.00	   1.77
     30	40013d	     34	    8.0	13053.0	11784.4	 0.1849	 100.00	   1.80
     31	40013d	     34	   17.0	13046.0	11823.8	 0.1867	 100.00	   1.82
     32	40013d	     34	   10.0	13046.0	11860.8	 0.1858	 100.00	   1.84
     33	40013d	     34	    9.0	13053.0	11895.9	 0.1839	 100.00	   1.86
     34	40013d	     34	   13.0	13048.0	11928.8	 0.1818	 100.00	   1.88
     35	40013d	     34	   13.0	13051.0	11960.0	 0.1815	 100.00	   1.89
     36	40013d	     34	   13.0	13050.0	11989.4	 0.1824	 100.00	   1.91
     37	40013d	     34	    8.0	13050.0	12017.3	 0.1831	 100.00	   1.93
     38	40013d	     34	    8.0	13048.0	12043.8	 0.1816	 100.00	   1.94
     39	40013d	     34	   14.0	13054.0	12069.0	 0.1814	 100.00	   1.96
     40	40013d	     34	   10.0	13046.0	12092.9	 0.1812	 100.00	   1.98
     41	40013d	     34	   14.0	13044.0	12115.5	 0.1824	 100.00	   1.99
     42	40013d	     34	    8.0	13046.0	12137.1	 0.1813	 100.00	   2.01
     43	40013d	     34	   11.0	13047.0	12157.8	 0.1816	 100.00	   2.03
     44	40013d	     34	   18.0	13049.0	12177.6	 0.1802	 100.00	   2.04
     45	40013d	     34	    8.0	13049.0	12196.6	 0.1801	 100.00	   2.05
     46	40013d	     34	   12.0	13049.0	12214.7	 0.1808	 100.00	   2.07
     47	40013d	     34	   13.0	13050.0	12232.1	 0.1807	 100.00	   2.08
     48	40013d	     34	   11.0	13047.0	12248.7	 0.1816	 100.00	   2.09
     49	40013d	     34	   10.0	13045.0	12264.7	 0.1829	 100.00	   2.11
     50	40013d	     34	   12.0	13047.0	12280.0	 0.1823	 100.00	   2.12
     51	40013d	     34	   10.0	13051.0	12294.8	 0.1810	 100.00	   2.13
     52	40013d	     34	   16.0	13043.0	12308.9	 0.1797	 100.00	   2.14
     53	40013d	     34	   11.0	13048.0	12322.6	 0.1808	 100.00	   2.15
     54	40013d	     34	   10.0	13048.0	12335.8	 0.1814	 100.00	   2.16
     55	40013d	     34	   10.0	13050.0	12348.6	 0.1815	 100.00	   2.17
     56	40013d	     34	   12.0	13050.0	12360.9	 0.1818	 100.00	   2.18
     57	40013d	     34	   13.0	13047.0	12372.7	 0.1827	 100.00	   2.19
     58	40013d	     34	   14.0	13051.0	12384.2	 0.1816	 100.00	   2.20
     59	40013d	     34	   12.0	13051.0	12395.3	 0.1806	 100.00	   2.21
     60	40013d	     34	   14.0	13049.0	12406.0	 0.1813	 100.00	   2.22
     61	40013d	     34	   11.0	13052.0	12416.5	 0.1814	 100.00	   2.22
     62	40013d	     34	   14.0	13048.0	12426.5	 0.1809	 100.00	   2.23
     63	40013d	     34	   14.0	13050.0	12436.2	 0.1813	 100.00	   2.24
     64	40013d	     34	   14.0	13048.0	12445.6	 0.1810	 100.00	   2.24
     65	40013d	     34	    9.0	13047.0	12454.7	 0.1815	 100.00	   2.25
     66	40013d	     34	   10.0	13049.0	12463.6	 0.1817	 100.00	   2.26
     67	40013d	     34	   13.0	13050.0	12472.2	 0.1816	 100.00	   2.27
     68	40013d	     34	   13.0	13051.0	12480.6	 0.1821	 100.00	   2.27
     69	40013d	     34	   10.0	13051.0	12488.8	 0.1807	 100.00	   2.28
     70	40013d	     34	   14.0	13051.0	12496.7	 0.1812	 100.00	   2.29
     71	40013d	     34	    9.0	13056.0	12504.5	 0.1809	 100.00	   2.29
     72	40013d	     34	   13.0	13047.0	12511.9	 0.1816	 100.00	   2.30
     73	40013d	     34	    7.0	13052.0	12519.2	 0.1820	 100.00	   2.31
     74	40013d	     34	   15.0	13051.0	12526.3	 0.1819	 100.00	   2.31
     75	40013d	     34	   11.0	13050.0	12533.2	 0.1812	 100.00	   2.32
     76	40013d	     34	   14.0	13050.0	12539.9	 0.1824	 100.00	   2.32
     77	40013d	     34	   12.0	13048.0	12546.4	 0.1819	 100.00	   2.33
     78	40013d	     34	    9.0	13051.0	12552.8	 0.1814	 100.00	   2.33
     79	40013d	     34	    8.0	13051.0	12559.0	 0.1813	 100.00	   2.34
     80	40013d	     34	   13.0	13052.0	12565.1	 0.1817	 100.00	   2.35
     81	40013d	     34	    9.0	13051.0	12571.0	 0.1810	 100.00	   2.35
     82	40013d	     34	   20.0	13045.0	12576.7	 0.1818	 100.00	   2.36
     83	40013d	     34	   13.0	13046.0	12582.3	 0.1826	 100.00	   2.36
     84	40013d	     34	   13.0	13045.0	12587.8	 0.1830	 100.00	   2.36
     85	40013d	     34	   13.0	13050.0	12593.1	 0.1822	 100.00	   2.37
     86	40013d	     34	   13.0	13047.0	12598.4	 0.1823	 100.00	   2.37
     87	40013d	     34	   12.0	13051.0	12603.5	 0.1831	 100.00	   2.38
     88	40013d	     34	   15.0	13046.0	12608.5	 0.1830	 100.00	   2.38
     89	40013d	     34	    8.0	13048.0	12613.4	 0.1835	 100.00	   2.39
     90	40013d	     34	   15.0	13049.0	12618.1	 0.1825	 100.00	   2.39
     91	40013d	     34	    7.0	13050.0	12622.8	 0.1822	 100.00	   2.40
     92	40013d	     34	   14.0	13050.0	12627.4	 0.1820	 100.00	   2.40
     93	40013d	     34	   12.0	13052.0	12631.9	 0.1815	 100.00	   2.40
     94	40013d	     34	   11.0	13051.0	12636.4	 0.1810	 100.00	   2.41
     95	40013d	     34	   11.0	13048.0	12640.6	 0.1814	 100.00	   2.41
     96	40013d	     34	   13.0	13045.0	12644.8	 0.1818	 100.00	   2.42
     97	40013d	     34	   11.0	13050.0	12648.9	 0.1827	 100.00	   2.42
     98	40013d	     34	   13.0	13049.0	12653.0	 0.1826	 100.00	   2.42
     99	40013d	     34	    8.0	13051.0	12657.0	 0.1825	 100.00	   2.43
    100	40013d	     34	   15.0	13052.0	12660.9	 0.1829	 100.00	   2.43
    101	40013d	     34	   11.0	13049.0	12664.7	 0.1823	 100.00	   2.44
    102	40013d	     34	   10.0	13049.0	12668.4	 0.1828	 100.00	   2.44
    103	40013d	     34	   17.0	13046.0	12672.0	 0.1829	 100.00	   2.44
    104	40013d	     34	   11.0	13045.0	12675.6	 0.1831	 100.00	   2.45
    105	40013d	     34	   11.0	13046.0	12679.1	 0.1829	 100.00	   2.45
    106	40013d	     34	   12.0	13050.0	12682.6	 0.1827	 100.00	   2.45
    107	40013d	     34	   12.0	13050.0	12686.0	 0.1822	 100.00	   2.46
    108	40013d	     34	   18.0	13048.0	12689.3	 0.1820	 100.00	   2.46
    109	40013d	     34	   13.0	13047.0	12692.5	 0.1815	 100.00	   2.46
    110	40013d	     34	   10.0	13053.0	12695.8	 0.1816	 100.00	   2.46
    111	40013d	     34	   13.0	13050.0	12698.9	 0.1820	 100.00	   2.47
    112	40013d	     34	   13.0	13053.0	12702.1	 0.1825	 100.00	   2.47
    113	40013d	     34	   13.0	13048.0	12705.1	 0.1825	 100.00	   2.47
    114	40013d	     34	   12.0	13050.0	12708.1	 0.1825	 100.00	   2.48
    115	40013d	     34	    9.0	13049.0	12711.1	 0.1829	 100.00	   2.48
    116	40013d	     34	   16.0	13051.0	12714.0	 0.1833	 100.00	   2.48
    117	40013d	     34	   10.0	13051.0	12716.8	 0.1826	 100.00	   2.48
    118	40013d	     34	   15.0	13048.0	12719.6	 0.1829	 100.00	   2.49
    119	40013d	     34	   13.0	13053.0	12722.4	 0.1822	 100.00	   2.49
    120	40013d	     34	   15.0	13052.0	12725.1	 0.1821	 100.00	   2.49
    121	40013d	     34	   13.0	13049.0	12727.8	 0.1823	 100.00	   2.50
    122	40013d	     34	   13.0	13050.0	12730.4	 0.1822	 100.00	   2.50
    123	40013d	     34	   14.0	13048.0	12732.9	 0.1829	 100.00	   2.50
    124	40013d	     34	   11.0	13051.0	12735.5	 0.1832	 100.00	   2.50
    125	40013d	     34	    9.0	13054.0	12738.0	 0.1839	 100.00	   2.51
    126	40013d	     34	   13.0	13049.0	12740.5	 0.1847	 100.00	   2.51
    127	40013d	     34	   13.0	13054.0	12742.9	 0.1844	 100.00	   2.51
    128	40013d	     34	   13.0	13049.0	12745.3	 0.1855	 100.00	   2.51
    129	40013d	     34	    9.0	13050.0	12747.6	 0.1849	 100.00	   2.52
    130	40013d	     34	   13.0	13047.0	12749.9	 0.1853	 100.00	   2.52
    131	40013d	     34	   11.0	13048.0	12752.2	 0.1845	 100.00	   2.52
    132	40013d	     34	   12.0	13050.0	12754.4	 0.1845	 100.00	   2.52
    133	40013d	     34	   12.0	13050.0	12756.6	 0.1842	 100.00	   2.53
    134	40013d	     34	   16.0	13048.0	12758.8	 0.1839	 100.00	   2.53
    135	40013d	     34	   12.0	13052.0	12760.9	 0.1840	 100.00	   2.53
    136	40013d	     34	   12.0	13048.0	12763.0	 0.1845	 100.00	   2.53
    137	40013d	     34	   10.0	13050.0	12765.1	 0.1843	 100.00	   2.53
    138	40013d	     34	   12.0	13050.0	12767.2	 0.1845	 100.00	   2.54
    139	40013d	     34	   10.0	13052.0	12769.2	 0.1850	 100.00	   2.54
    140	40013d	     34	   12.0	13048.0	12771.2	 0.1851	 100.00	   2.54
    141	40013d	     34	   12.0	13052.0	12773.1	 0.1847	 100.00	   2.54
    142	40013d	     34	   10.0	13054.0	12775.1	 0.1851	 100.00	   2.54
    143	40013d	     34	   12.0	13050.0	12777.0	 0.1858	 100.00	   2.55
    144	40013d	     34	   13.0	13047.0	12778.9	 0.1867	 100.00	   2.55
    145	40013d	     34	   13.0	13050.0	12780.7	 0.1869	 100.00	   2.55
    146	40013d	     34	   15.0	13051.0	12782.6	 0.1867	 100.00	   2.55
    147	40013d	     34	    9.0	13052.0	12784.4	 0.1866	 100.00	   2.55
    148	40013d	     34	   14.0	13048.0	12786.2	 0.1863	 100.00	   2.56
    149	40013d	     34	   14.0	13050.0	12787.9	 0.1865	 100.00	   2.56
    150	40013d	     34	   11.0	13051.0	12789.7	 0.1868	 100.00	   2.56
    151	40013d	     34	   11.0	13056.0	12791.4	 0.1870	 100.00	   2.56
    152	40013d	     34	   14.0	13050.0	12793.1	 0.1870	 100.00	   2.56
    153	40013d	     34	   11.0	13051.0	12794.8	 0.1871	 100.00	   2.56
    154	40013d	     34	   13.0	13054.0	12796.5	 0.1873	 100.00	   2.57
    155	40013d	     34	    8.0	13052.0	12798.1	 0.1881	 100.00	   2.57
    156	40013d	     34	   15.0	13051.0	12799.7	 0.1887	 100.00	   2.57
    157	40013d	     34	   14.0	13053.0	12801.3	 0.1889	 100.00	   2.57
    158	40013d	     34	   12.0	13053.0	12802.9	 0.1896	 100.00	   2.57
    159	40013d	     34	   13.0	13052.0	12804.4	 0.1898	 100.00	   2.57
    160	40013d	     34	   10.0	13048.0	12806.0	 0.1896	 100.00	   2.58
    161	40013d	     34	    7.0	13047.0	12807.4	 0.1890	 100.00	   2.58
    162	40013d	     34	   13.0	13052.0	12808.9	 0.1894	 100.00	   2.58
    163	40013d	     34	   12.0	13054.0	12810.4	 0.1893	 100.00	   2.58
    164	40013d	     34	   20.0	13046.0	12811.9	 0.1901	 100.00	   2.58
    165	40013d	     34	   10.0	13044.0	12813.3	 0.1899	 100.00	   2.58
    166	40013d	     34	   13.0	13047.0	12814.7	 0.1901	 100.00	   2.59
    167	40013d	     34	   11.0	13050.0	12816.1	 0.1895	 100.00	   2.59
    168	40013d	     34	   13.0	13049.0	12817.4	 0.1895	 100.00	   2.59
    169	40013d	     34	   10.0	13045.0	12818.8	 0.1895	 100.00	   2.59
    170	40013d	     34	   11.0	13048.0	12820.1	 0.1897	 100.00	   2.59
    171	40013d	     34	   11.0	13051.0	12821.5	 0.1898	 100.00	   2.59
    172	40013d	     34	   19.0	13046.0	12822.8	 0.1900	 100.00	   2.59
    173	40013d	     34	   12.0	13050.0	12824.1	 0.1906	 100.00	   2.60
    174	40013d	     34	   12.0	13052.0	12825.4	 0.1911	 100.00	   2.60
    175	40013d	     34	   15.0	13049.0	12826.6	 0.1912	 100.00	   2.60
    176	40013d	     34	   14.0	13047.0	12827.9	 0.1914	 100.00	   2.60
    177	40013d	     34	   10.0	13049.0	12829.1	 0.1906	 100.00	   2.60
    178	40013d	     34	   13.0	13046.0	12830.3	 0.1902	 100.00	   2.60
    179	40013d	     34	   13.0	13053.0	12831.6	 0.1905	 100.00	   2.60
    180	40013d	     34	   17.0	13048.0	12832.8	 0.1900	 100.00	   2.60
    181	40013d	     34	   15.0	13053.0	12834.0	 0.1903	 100.00	   2.61
    182	40013d	     34	   10.0	13049.0	12835.2	 0.1901	 100.00	   2.61
    183	40013d	     34	   13.0	13052.0	12836.3	 0.1897	 100.00	   2.61
    184	40013d	     34	   12.0	13054.0	12837.5	 0.1898	 100.00	   2.61
    185	40013d	     34	   17.0	13047.0	12838.6	 0.1896	 100.00	   2.61
    186	40013d	     34	   13.0	13052.0	12839.8	 0.1894	 100.00	   2.61
    187	40013d	     34	   11.0	13053.0	12840.9	 0.1895	 100.00	   2.61
    188	40013d	     34	   12.0	13053.0	12842.0	 0.1893	 100.00	   2.61
    189	40013d	     34	   12.0	13051.0	12843.1	 0.1890	 100.00	   2.62
    190	40013d	     34	   12.0	13051.0	12844.2	 0.1896	 100.00	   2.62
    191	40013d	     34	   13.0	13052.0	12845.3	 0.1899	 100.00	   2.62
    192	40013d	     34	   14.0	13048.0	12846.4	 0.1900	 100.00	   2.62
    193	40013d	     34	    9.0	13053.0	12847.4	 0.1902	 100.00	   2.62
    194	40013d	     34	    9.0	13050.0	12848.5	 0.1903	 100.00	   2.62
    195	40013d	     34	   15.0	13049.0	12849.5	 0.1901	 100.00	   2.62
    196	40013d	     34	   12.0	13051.0	12850.5	 0.1903	 100.00	   2.62
    197	40013d	     34	   10.0	13055.0	12851.5	 0.1900	 100.00	   2.63
    198	40013d	     34	   17.0	13046.0	12852.5	 0.1902	 100.00	   2.63
    199	40013d	     34	   11.0	13055.0	12853.5	 0.1905	 100.00	   2.63
    200	40013d	     34	   13.0	13046.0	12854.5	 0.1908	 100.00	   2.63
    201	40013d	     34	    9.0	13049.0	12855.5	 0.1907	 100.00	   2.63
    202	40013d	     34	    9.0	13052.0	12856.4	 0.1907	 100.00	   2.63
    203	40013d	     34	   13.0	13053.0	12857.4	 0.1909	 100.00	   2.63
    204	40013d	     34	   17.0	13050.0	12858.3	 0.1904	 100.00	   2.63
    205	40013d	     34	   18.0	13048.0	12859.2	 0.1912	 100.00	   2.63
    206	40013d	     34	   14.0	13050.0	12860.2	 0.1913	 100.00	   2.63
    207	40013d	     34	   11.0	13051.0	12861.1	 0.1906	 100.00	   2.64
    208	40013d	     34	   14.0	13049.0	12862.0	 0.1901	 100.00	   2.64
    209	40013d	     34	   13.0	13054.0	12862.9	 0.1900	 100.00	   2.64
    210	40013d	     34	   16.0	13044.0	12863.8	 0.1905	 100.00	   2.64
    211	40013d	     34	   13.0	13051.0	12864.6	 0.1902	 100.00	   2.64
    212	40013d	     34	   16.0	13053.0	12865.5	 0.1904	 100.00	   2.64
    213	40013d	     34	   12.0	13049.0	12866.4	 0.1905	 100.00	   2.64
    214	40013d	     34	   15.0	13052.0	12867.2	 0.1904	 100.00	   2.64
    215	40013d	     34	    9.0	13055.0	12868.1	 0.1900	 100.00	   2.64
    216	40013d	     34	   13.0	13050.0	12868.9	 0.1902	 100.00	   2.65
    217	40013d	     34	   12.0	13050.0	12869.8	 0.1902	 100.00	   2.65
    218	40013d	     34	   13.0	13049.0	12870.6	 0.1902	 100.00	   2.65
    219	40013d	     34	   14.0	13051.0	12871.4	 0.1904	 100.00	   2.65
    220	40013d	     34	   13.0	13054.0	12872.2	 0.1902	 100.00	   2.65
    221	40013d	     34	   10.0	13054.0	12873.1	 0.1902	 100.00	   2.65
    222	40013d	     34	   13.0	13053.0	12873.9	 0.1904	 100.00	   2.65
    223	40013d	     34	   12.0	13049.0	12874.7	 0.1902	 100.00	   2.65
    224	40013d	     34	   14.0	13051.0	12875.4	 0.1900	 100.00	   2.65
    225	40013d	     34	    9.0	13058.0	12876.2	 0.1898	 100.00	   2.65
    226	40013d	     34	   16.0	13048.0	12877.0	 0.1900	 100.00	   2.65
    227	40013d	     34	   13.0	13051.0	12877.8	 0.1900	 100.00	   2.65
    228	40013d	     34	   17.0	13050.0	12878.5	 0.1902	 100.00	   2.66
    229	40013d	     34	   10.0	13050.0	12879.3	 0.1903	 100.00	   2.66
    230	40013d	     34	   11.0	13051.0	12880.0	 0.1904	 100.00	   2.66
    231	40013d	     34	   14.0	13051.0	12880.7	 0.1901	 100.00	   2.66
    232	40013d	     34	   12.0	13045.0	12881.4	 0.1900	 100.00	   2.66
    233	40013d	     34	   11.0	13050.0	12882.2	 0.1900	 100.00	   2.66
    234	40013d	     34	   15.0	13051.0	12882.9	 0.1902	 100.00	   2.66
    235	40013d	     34	   11.0	13052.0	12883.6	 0.1906	 100.00	   2.66
    236	40013d	     34	   15.0	13051.0	12884.3	 0.1906	 100.00	   2.66
    237	40013d	     34	   16.0	13053.0	12885.0	 0.1907	 100.00	   2.66
    238	40013d	     34	   13.0	13058.0	12885.7	 0.1910	 100.00	   2.66
    239	40013d	     34	    9.0	13055.0	12886.4	 0.1911	 100.00	   2.66
    240	40013d	     34	   12.0	13053.0	12887.1	 0.1918	 100.00	   2.67
    241	40013d	     34	   17.0	13054.0	12887.8	 0.1920	 100.00	   2.67
    242	40013d	     34	   13.0	13049.0	12888.5	 0.1921	 100.00	   2.67
    243	40013d	     34	   11.0	13052.0	12889.2	 0.1920	 100.00	   2.67
    244	40013d	     34	   15.0	13055.0	12889.8	 0.1919	 100.00	   2.67
    245	40013d	     34	   11.0	13050.0	12890.5	 0.1917	 100.00	   2.67
    246	40013d	     34	   16.0	13044.0	12891.1	 0.1920	 100.00	   2.67
    247	40013d	     34	   13.0	13051.0	12891.8	 0.1922	 100.00	   2.67
    248	40013d	     34	   12.0	13047.0	12892.4	 0.1924	 100.00	   2.67
    249	40013d	     34	   13.0	13048.0	12893.0	 0.1921	 100.00	   2.67
    250	40013d	     34	   15.0	13053.0	12893.6	 0.1925	 100.00	   2.67
    251	40013d	     34	   10.0	13049.0	12894.3	 0.1926	 100.00	   2.67
    252	40013d	     34	   12.0	13047.0	12894.9	 0.1926	 100.00	   2.67
    253	40013d	     34	   10.0	13053.0	12895.5	 0.1925	 100.00	   2.68
    254	40013d	     34	   15.0	13054.0	12896.1	 0.1929	 100.00	   2.68
    255	40013d	     34	   11.0	13051.0	12896.7	 0.1928	 100.00	   2.68
    256	40013d	     34	   17.0	13050.0	12897.3	 0.1931	 100.00	   2.68
    257	40013d	     34	   11.0	13053.0	12897.9	 0.1932	 100.00	   2.68
    258	40013d	     34	   15.0	13044.0	12898.5	 0.1933	 100.00	   2.68
    259	40013d	     34	   14.0	13050.0	12899.1	 0.1931	 100.00	   2.68
    260	40013d	     34	   14.0	13050.0	12899.6	 0.1931	 100.00	   2.68
    261	40013d	     34	   12.0	13052.0	12900.2	 0.1931	 100.00	   2.68
    262	40013d	     34	   13.0	13051.0	12900.8	 0.1931	 100.00	   2.68
    263	40013d	     34	   14.0	13051.0	12901.4	 0.1930	 100.00	   2.68
    264	40013d	     34	   15.0	13050.0	12901.9	 0.1931	 100.00	   2.68
    265	40013d	     34	   10.0	13052.0	12902.5	 0.1932	 100.00	   2.68
    266	40013d	     34	   15.0	13055.0	12903.1	 0.1935	 100.00	   2.68
    267	40013d	     34	   15.0	13050.0	12903.6	 0.1935	 100.00	   2.68
    268	40013d	     34	   20.0	13050.0	12904.1	 0.1934	 100.00	   2.68
    269	40013d	     34	   17.0	13047.0	12904.7	 0.1934	 100.00	   2.69
    270	40013d	     34	   12.0	13055.0	12905.2	 0.1932	 100.00	   2.69
    271	40013d	     34	   12.0	13051.0	12905.8	 0.1931	 100.00	   2.69
    272	40013d	     34	   17.0	13052.0	12906.3	 0.1929	 100.00	   2.69
    273	40013d	     34	   12.0	13052.0	12906.8	 0.1931	 100.00	   2.69
    274	40013d	     34	   18.0	13050.0	12907.4	 0.1931	 100.00	   2.69
    275	40013d	     34	   14.0	13056.0	12907.9	 0.1931	 100.00	   2.69
    276	40013d	     34	   12.0	13056.0	12908.4	 0.1930	 100.00	   2.69
    277	40013d	     34	   15.0	13051.0	12908.9	 0.1931	 100.00	   2.69
    278	40013d	     34	   15.0	13054.0	12909.5	 0.1931	 100.00	   2.69
    279	40013d	     34	   13.0	13053.0	12910.0	 0.1935	 100.00	   2.69
    280	40013d	     34	   15.0	13050.0	12910.5	 0.1938	 100.00	   2.69
    281	40013d	     34	   11.0	13049.0	12911.0	 0.1940	 100.00	   2.69
    282	40013d	     34	   19.0	13052.0	12911.5	 0.1939	 100.00	   2.69
    283	40013d	     34	   10.0	13054.0	12912.0	 0.1940	 100.00	   2.69
    284	40013d	     34	   13.0	13053.0	12912.5	 0.1942	 100.00	   2.69
    285	40013d	     34	   15.0	13054.0	12913.0	 0.1942	 100.00	   2.69
    286	40013d	     34	   17.0	13053.0	12913.4	 0.1942	 100.00	   2.69
    287	40013d	     34	   15.0	13048.0	12913.9	 0.1944	 100.00	   2.69
    288	40013d	     34	   10.0	13050.0	12914.4	 0.1946	 100.00	   2.70
    289	40013d	     34	   11.0	13053.0	12914.9	 0.1949	 100.00	   2.70
    290	40013d	     34	   12.0	13051.0	12915.3	 0.1950	 100.00	   2.70
    291	40013d	     34	    9.0	13052.0	12915.8	 0.1950	 100.00	   2.70
    292	40013d	     34	   19.0	13049.0	12916.2	 0.1950	 100.00	   2.70
    293	40013d	     34	   11.0	13048.0	12916.7	 0.1947	 100.00	   2.70
    294	40013d	     34	    9.0	13051.0	12917.1	 0.1948	 100.00	   2.70
    295	40013d	     34	   13.0	13056.0	12917.6	 0.1947	 100.00	   2.70
    296	40013d	     34	   13.0	13051.0	12918.1	 0.1947	 100.00	   2.70
    297	40013d	     34	   14.0	13051.0	12918.5	 0.1944	 100.00	   2.70
    298	40013d	     34	   12.0	13053.0	12919.0	 0.1947	 100.00	   2.70
    299	40013d	     34	    9.0	13054.0	12919.4	 0.1947	 100.00	   2.70
    300	40013d	     34	   17.0	13049.0	12919.8	 0.1947	 100.00	   2.70
    301	40013d	     34	    9.0	13054.0	12920.3	 0.1946	 100.00	   2.70
    302	40013d	     34	   12.0	13058.0	12920.7	 0.1946	 100.00	   2.70
    303	40013d	     34	   14.0	13052.0	12921.2	 0.1948	 100.00	   2.70
    304	40013d	     34	   14.0	13050.0	12921.6	 0.1948	 100.00	   2.70
    305	40013d	     34	   15.0	13053.0	12922.0	 0.1947	 100.00	   2.70
    306	40013d	     34	   16.0	13051.0	12922.4	 0.1947	 100.00	   2.70
    307	40013d	     34	   10.0	13057.0	12922.9	 0.1947	 100.00	   2.71
    308	40013d	     34	   17.0	13052.0	12923.3	 0.1950	 100.00	   2.71
    309	40013d	     34	   10.0	13054.0	12923.7	 0.1952	 100.00	   2.71
    310	40013d	     34	   16.0	13050.0	12924.1	 0.1952	 100.00	   2.71
    311	40013d	     34	   14.0	13054.0	12924.5	 0.1953	 100.00	   2.71
    312	40013d	     34	   10.0	13052.0	12925.0	 0.1955	 100.00	   2.71
    313	40013d	     34	   15.0	13049.0	12925.3	 0.1954	 100.00	   2.71
    314	40013d	     34	   13.0	13050.0	12925.7	 0.1955	 100.00	   2.71
    315	40013d	     34	   15.0	13053.0	12926.1	 0.1955	 100.00	   2.71
    316	40013d	     34	   17.0	13054.0	12926.5	 0.1952	 100.00	   2.71
    317	40013d	     34	   11.0	13055.0	12927.0	 0.1950	 100.00	   2.71
    318	40013d	     34	   16.0	13053.0	12927.3	 0.1950	 100.00	   2.71
    319	40013d	     34	   12.0	13051.0	12927.7	 0.1947	 100.00	   2.71
    320	40013d	     34	   15.0	13056.0	12928.1	 0.1949	 100.00	   2.71
    321	40013d	     34	   12.0	13054.0	12928.5	 0.1953	 100.00	   2.71
    322	40013d	     34	   10.0	13052.0	12928.9	 0.1955	 100.00	   2.71
    323	40013d	     34	   12.0	13052.0	12929.3	 0.1957	 100.00	   2.71
    324	40013d	     34	   15.0	13053.0	12929.7	 0.1958	 100.00	   2.71
    325	40013d	     34	   13.0	13054.0	12930.0	 0.1961	 100.00	   2.71
    326	40013d	     34	    9.0	13053.0	12930.4	 0.1959	 100.00	   2.71
    327	40013d	     34	   15.0	13054.0	12930.8	 0.1960	 100.00	   2.71
    328	40013d	     34	   20.0	13044.0	12931.1	 0.1962	 100.00	   2.71
    329	40013d	     34	   14.0	13048.0	12931.5	 0.1963	 100.00	   2.71
    330	40013d	     34	   10.0	13052.0	12931.9	 0.1963	 100.00	   2.72
    331	40013d	     34	   10.0	13050.0	12932.2	 0.1963	 100.00	   2.72
    332	40013d	     34	   11.0	13049.0	12932.6	 0.1962	 100.00	   2.72
    333	40013d	     34	    9.0	13052.0	12932.9	 0.1959	 100.00	   2.72
    334	40013d	     34	   13.0	13055.0	12933.3	 0.1962	 100.00	   2.72
    335	40013d	     34	   15.0	13050.0	12933.6	 0.1962	 100.00	   2.72
    336	40013d	     34	   13.0	13051.0	12934.0	 0.1961	 100.00	   2.72
    337	40013d	     34	   15.0	13050.0	12934.3	 0.1960	 100.00	   2.72
    338	40013d	     34	   14.0	13044.0	12934.7	 0.1962	 100.00	   2.72
    339	40013d	     34	    7.0	13047.0	12935.0	 0.1961	 100.00	   2.72
    340	40013d	     34	   15.0	13050.0	12935.3	 0.1962	 100.00	   2.72
    341	40013d	     34	   15.0	13053.0	12935.7	 0.1962	 100.00	   2.72
    342	40013d	     34	   14.0	13051.0	12936.0	 0.1964	 100.00	   2.72
    343	40013d	     34	    8.0	13055.0	12936.3	 0.1968	 100.00	   2.72
    344	40013d	     34	   14.0	13047.0	12936.7	 0.1969	 100.00	   2.72
    345	40013d	     34	   12.0	13047.0	12937.0	 0.1969	 100.00	   2.72
    346	40013d	     34	   19.0	13054.0	12937.3	 0.1968	 100.00	   2.72
    347	40013d	     34	   12.0	13050.0	12937.6	 0.1967	 100.00	   2.72
    348	40013d	     34	   12.0	13046.0	12938.0	 0.1968	 100.00	   2.72
    349	40013d	     34	   16.0	13050.0	12938.3	 0.1970	 100.00	   2.72
    350	40013d	     34	   17.0	13047.0	12938.6	 0.1969	 100.00	   2.72
    351	40013d	     34	   10.0	13047.0	12938.9	 0.1968	 100.00	   2.72
    352	40013d	     34	   16.0	13049.0	12939.2	 0.1968	 100.00	   2.72
    353	40013d	     34	   13.0	13050.0	12939.5	 0.1968	 100.00	   2.72
    354	40013d	     34	   13.0	13049.0	12939.8	 0.1969	 100.00	   2.72
    355	40013d	     34	   14.0	13051.0	12940.1	 0.1970	 100.00	   2.73
    356	40013d	     34	   18.0	13053.0	12940.5	 0.1972	 100.00	   2.73
    357	40013d	     34	   12.0	13055.0	12940.8	 0.1971	 100.00	   2.73
    358	40013d	     34	   10.0	13049.0	12941.1	 0.1973	 100.00	   2.73
    359	40013d	     34	   17.0	13050.0	12941.4	 0.1972	 100.00	   2.73
    360	40013d	     34	   10.0	13048.0	12941.7	 0.1972	 100.00	   2.73
    361	40013d	     34	    8.0	13048.0	12942.0	 0.1972	 100.00	   2.73
    362	40013d	     34	   15.0	13053.0	12942.3	 0.1973	 100.00	   2.73
    363	40013d	     34	   14.0	13053.0	12942.6	 0.1973	 100.00	   2.73
    364	40013d	     34	   18.0	13047.0	12942.9	 0.1974	 100.00	   2.73
    365	40013d	     34	   13.0	13052.0	12943.2	 0.1976	 100.00	   2.73
    366	40013d	     34	   12.0	13050.0	12943.5	 0.1976	 100.00	   2.73
    367	40013d	     34	   15.0	13057.0	12943.8	 0.1975	 100.00	   2.73
    368	40013d	     34	   12.0	13055.0	12944.1	 0.1976	 100.00	   2.73
    369	40013d	     34	   19.0	13046.0	12944.3	 0.1977	 100.00	   2.73
    370	40013d	     34	   14.0	13048.0	12944.6	 0.1976	 100.00	   2.73
    371	40013d	     34	   13.0	13051.0	12944.9	 0.1977	 100.00	   2.73
    372	40013d	     34	   12.0	13047.0	12945.2	 0.1979	 100.00	   2.73
    373	40013d	     34	    9.0	13050.0	12945.5	 0.1981	 100.00	   2.73
    374	40013d	     34	   16.0	13048.0	12945.7	 0.1980	 100.00	   2.73
    375	40013d	     34	   13.0	13051.0	12946.0	 0.1982	 100.00	   2.73
    376	40013d	     34	   13.0	13052.0	12946.3	 0.1980	 100.00	   2.73
    377	40013d	     34	   11.0	13049.0	12946.6	 0.1980	 100.00	   2.73
    378	40013d	     34	   10.0	13051.0	12946.8	 0.1981	 100.00	   2.73
    379	40013d	     34	   15.0	13050.0	12947.1	 0.1980	 100.00	   2.73
    380	40013d	     34	   17.0	13047.0	12947.4	 0.1982	 100.00	   2.73
    381	40013d	     34	   10.0	13049.0	12947.6	 0.1981	 100.00	   2.73
    382	40013d	     34	   12.0	13053.0	12947.9	 0.1981	 100.00	   2.73
    383	40013d	     34	   13.0	13052.0	12948.2	 0.1980	 100.00	   2.73
    384	40013d	     34	   17.0	13047.0	12948.4	 0.1984	 100.00	   2.73
    385	40013d	     34	   11.0	13054.0	12948.7	 0.1984	 100.00	   2.73
    386	40013d	     34	   14.0	13050.0	12949.0	 0.1984	 100.00	   2.73
    387	40013d	     34	   13.0	13049.0	12949.2	 0.1982	 100.00	   2.74
    388	40013d	     34	   13.0	13052.0	12949.5	 0.1983	 100.00	   2.74
    389	40013d	     34	   16.0	13054.0	12949.8	 0.1985	 100.00	   2.74
    390	40013d	     34	   18.0	13052.0	12950.0	 0.1987	 100.00	   2.74
    391	40013d	     34	   15.0	13051.0	12950.3	 0.1986	 100.00	   2.74
    392	40013d	     34	   12.0	13053.0	12950.6	 0.1986	 100.00	   2.74
    393	40013d	     34	    8.0	13051.0	12950.8	 0.1987	 100.00	   2.74
    394	40013d	     34	   12.0	13053.0	12951.1	 0.1986	 100.00	   2.74
    395	40013d	     34	   11.0	13052.0	12951.3	 0.1988	 100.00	   2.74
    396	40013d	     34	   14.0	13050.0	12951.6	 0.1987	 100.00	   2.74
    397	40013d	     34	   12.0	13050.0	12951.8	 0.1985	 100.00	   2.74
    398	40013d	     34	   13.0	13057.0	12952.1	 0.1989	 100.00	   2.74
    399	40013d	     34	   17.0	13050.0	12952.3	 0.1992	 100.00	   2.74
    400	40013d	     34	   16.0	13048.0	12952.6	 0.1995	 100.00	   2.74
    401	40013d	     34	    9.0	13053.0	12952.8	 0.1997	 100.00	   2.74
    402	40013d	     34	   12.0	13047.0	12953.0	 0.1995	 100.00	   2.74
    403	40013d	     34	   12.0	13055.0	12953.3	 0.1996	 100.00	   2.74
    404	40013d	     34	   13.0	13052.0	12953.5	 0.1994	 100.00	   2.74
    405	40013d	     34	   16.0	13050.0	12953.8	 0.1994	 100.00	   2.74
    406	40013d	     34	   12.0	13054.0	12954.0	 0.1995	 100.00	   2.74
    407	40013d	     34	   13.0	13055.0	12954.3	 0.1997	 100.00	   2.74
    408	40013d	     34	   13.0	13054.0	12954.5	 0.1999	 100.00	   2.74
    409	40013d	     34	   10.0	13052.0	12954.8	 0.1999	 100.00	   2.74
    410	40013d	     34	   17.0	13049.0	12955.0	 0.2002	 100.00	   2.74
    411	40013d	     34	   14.0	13053.0	12955.2	 0.2000	 100.00	   2.74
    412	40013d	     34	   13.0	13050.0	12955.5	 0.2001	 100.00	   2.74
    413	40013d	     34	   12.0	13052.0	12955.7	 0.2003	 100.00	   2.74
    414	40013d	     34	   12.0	13052.0	12955.9	 0.2001	 100.00	   2.74
    415	40013d	     34	   13.0	13051.0	12956.1	 0.2001	 100.00	   2.74
    416	40013d	     34	   16.0	13049.0	12956.4	 0.2003	 100.00	   2.74
    417	40013d	     34	   13.0	13052.0	12956.6	 0.2004	 100.00	   2.74
    418	40013d	     34	   15.0	13047.0	12956.8	 0.2005	 100.00	   2.74
    419	40013d	     34	   11.0	13052.0	12957.0	 0.2006	 100.00	   2.74
    420	40013d	     34	   17.0	13049.0	12957.3	 0.2004	 100.00	   2.74
    421	40013d	     34	   14.0	13049.0	12957.5	 0.2005	 100.00	   2.74
    422	40013d	     34	   12.0	13053.0	12957.7	 0.2005	 100.00	   2.75
    423	40013d	     34	   14.0	13051.0	12957.9	 0.2007	 100.00	   2.75
    424	40013d	     34	   12.0	13049.0	12958.1	 0.2007	 100.00	   2.75
    425	40013d	     34	   14.0	13047.0	12958.3	 0.2008	 100.00	   2.75
    426	40013d	     34	   10.0	13053.0	12958.6	 0.2007	 100.00	   2.75
    427	40013d	     34	   14.0	13053.0	12958.8	 0.2008	 100.00	   2.75
    428	40013d	     34	   15.0	13052.0	12959.0	 0.2009	 100.00	   2.75
    429	40013d	     34	   18.0	13054.0	12959.2	 0.2008	 100.00	   2.75
    430	40013d	     34	   15.0	13057.0	12959.5	 0.2009	 100.00	   2.75
    431	40013d	     34	   17.0	13052.0	12959.7	 0.2009	 100.00	   2.75
    432	40013d	     34	   11.0	13049.0	12959.9	 0.2006	 100.00	   2.75
    433	40013d	     34	   13.0	13054.0	12960.1	 0.2009	 100.00	   2.75
    434	40013d	     34	   17.0	13051.0	12960.3	 0.2008	 100.00	   2.75
    435	40013d	     34	    5.0	13056.0	12960.5	 0.2007	 100.00	   2.75
    436	40013d	     34	   16.0	13048.0	12960.7	 0.2012	 100.00	   2.75
    437	40013d	     34	   12.0	13056.0	12960.9	 0.2013	 100.00	   2.75
    438	40013d	     34	   13.0	13051.0	12961.1	 0.2015	 100.00	   2.75
    439	40013d	     34	   11.0	13054.0	12961.4	 0.2015	 100.00	   2.75
    440	40013d	     34	   12.0	13052.0	12961.6	 0.2017	 100.00	   2.75
    441	40013d	     34	   12.0	13050.0	12961.8	 0.2017	 100.00	   2.75
    442	40013d	     34	   11.0	13051.0	12962.0	 0.2016	 100.00	   2.75
    443	40013d	     34	   14.0	13047.0	12962.2	 0.2018	 100.00	   2.75
    444	40013d	     34	   13.0	13052.0	12962.4	 0.2017	 100.00	   2.75
    445	40013d	     34	   16.0	13058.0	12962.6	 0.2017	 100.00	   2.75
    446	40013d	     34	   15.0	13057.0	12962.8	 0.2019	 100.00	   2.75
    447	40013d	     34	   15.0	13050.0	12963.0	 0.2019	 100.00	   2.75
    448	40013d	     34	   16.0	13054.0	12963.2	 0.2018	 100.00	   2.75
    449	40013d	     34	   15.0	13057.0	12963.4	 0.2019	 100.00	   2.75
    450	40013d	     34	   16.0	13053.0	12963.6	 0.2020	 100.00	   2.75
    451	40013d	     34	   19.0	13048.0	12963.8	 0.2022	 100.00	   2.75
    452	40013d	     34	   17.0	13051.0	12964.0	 0.2023	 100.00	   2.75
    453	40013d	     34	   16.0	13049.0	12964.1	 0.2023	 100.00	   2.75
    454	40013d	     34	   10.0	13047.0	12964.3	 0.2019	 100.00	   2.75
    455	40013d	     34	   11.0	13054.0	12964.5	 0.2019	 100.00	   2.75
    456	40013d	     34	   15.0	13051.0	12964.7	 0.2019	 100.00	   2.75
    457	40013d	     34	   10.0	13051.0	12964.9	 0.2018	 100.00	   2.75
    458	40013d	     34	   11.0	13052.0	12965.1	 0.2018	 100.00	   2.75
    459	40013d	     34	   15.0	13053.0	12965.3	 0.2019	 100.00	   2.75
    460	40013d	     34	   13.0	13050.0	12965.5	 0.2019	 100.00	   2.75
    461	40013d	     34	   19.0	13051.0	12965.7	 0.2020	 100.00	   2.75
    462	40013d	     34	    9.0	13054.0	12965.8	 0.2022	 100.00	   2.76
    463	40013d	     34	   12.0	13054.0	12966.0	 0.2022	 100.00	   2.76
    464	40013d	     34	   16.0	13048.0	12966.2	 0.2023	 100.00	   2.76
    465	40013d	     34	   13.0	13055.0	12966.4	 0.2024	 100.00	   2.76
    466	40013d	     34	   20.0	13051.0	12966.6	 0.2025	 100.00	   2.76
    467	40013d	     34	   14.0	13053.0	12966.8	 0.2025	 100.00	   2.76
    468	40013d	     34	   13.0	13056.0	12967.0	 0.2025	 100.00	   2.76
    469	40013d	     34	   16.0	13052.0	12967.1	 0.2026	 100.00	   2.76
    470	40013d	     34	   14.0	13056.0	12967.3	 0.2029	 100.00	   2.76
    471	40013d	     34	    9.0	13055.0	12967.5	 0.2031	 100.00	   2.76
    472	40013d	     34	   18.0	13049.0	12967.7	 0.2031	 100.00	   2.76
    473	40013d	     34	   14.0	13051.0	12967.9	 0.2031	 100.00	   2.76
    474	40013d	     34	   15.0	13048.0	12968.0	 0.2030	 100.00	   2.76
    475	40013d	     34	   14.0	13058.0	12968.2	 0.2030	 100.00	   2.76
    476	40013d	     34	   14.0	13054.0	12968.4	 0.2030	 100.00	   2.76
    477	40013d	     34	   17.0	13055.0	12968.6	 0.2030	 100.00	   2.76
    478	40013d	     34	   12.0	13053.0	12968.8	 0.2030	 100.00	   2.76
    479	40013d	     34	   11.0	13050.0	12968.9	 0.2033	 100.00	   2.76
    480	40013d	     34	   11.0	13049.0	12969.1	 0.2030	 100.00	   2.76
    481	40013d	     34	    9.0	13058.0	12969.3	 0.2029	 100.00	   2.76
    482	40013d	     34	   19.0	13047.0	12969.4	 0.2030	 100.00	   2.76
    483	40013d	     34	   14.0	13053.0	12969.6	 0.2031	 100.00	   2.76
    484	40013d	     34	   13.0	13052.0	12969.8	 0.2029	 100.00	   2.76
    485	40013d	     34	   12.0	13050.0	12969.9	 0.2030	 100.00	   2.76
    486	40013d	     34	   14.0	13054.0	12970.1	 0.2030	 100.00	   2.76
    487	40013d	     34	   15.0	13057.0	12970.3	 0.2029	 100.00	   2.76
    488	40013d	     34	   13.0	13052.0	12970.5	 0.2029	 100.00	   2.76
    489	40013d	     34	   14.0	13052.0	12970.6	 0.2030	 100.00	   2.76
    490	40013d	     34	   13.0	13051.0	12970.8	 0.2030	 100.00	   2.76
    491	40013d	     34	   11.0	13054.0	12971.0	 0.2030	 100.00	   2.76
    492	40013d	     34	   20.0	13050.0	12971.1	 0.2031	 100.00	   2.76
    493	40013d	     34	   11.0	13049.0	12971.3	 0.2033	 100.00	   2.76
    494	40013d	     34	   11.0	13052.0	12971.4	 0.2032	 100.00	   2.76
    495	40013d	     34	   12.0	13050.0	12971.6	 0.2032	 100.00	   2.76
    496	40013d	     34	   15.0	13049.0	12971.8	 0.2033	 100.00	   2.76
    497	40013d	     34	   13.0	13050.0	12971.9	 0.2034	 100.00	   2.76
    498	40013d	     34	   14.0	13050.0	12972.1	 0.2035	 100.00	   2.76
    499	40013d	     34	   13.0	13051.0	12972.2	 0.2033	 100.00	   2.76
    500	40013d	     34	   13.0	13048.0	12972.4	 0.2034	 100.00	   2.76
    501	40013d	     34	   12.0	13052.0	12972.5	 0.2032	 100.00	   2.76
    502	40013d	     34	   17.0	13045.0	12972.7	 0.2034	 100.00	   2.76
    503	40013d	     34	   14.0	13055.0	12972.8	 0.2034	 100.00	   2.76
    504	40013d	     34	   19.0	13048.0	12973.0	 0.2034	 100.00	   2.76
    505	40013d	     34	   12.0	13048.0	12973.1	 0.2036	 100.00	   2.76
    506	40013d	     34	   14.0	13048.0	12973.3	 0.2036	 100.00	   2.76
    507	40013d	     34	   12.0	13048.0	12973.4	 0.2039	 100.00	   2.76
    508	40013d	     34	   16.0	13054.0	12973.6	 0.2039	 100.00	   2.76
    509	40013d	     34	   12.0	13054.0	12973.8	 0.2038	 100.00	   2.76
    510	40013d	     34	   13.0	13057.0	12973.9	 0.2037	 100.00	   2.76
    511	40013d	     34	   17.0	13048.0	12974.1	 0.2038	 100.00	   2.77
    512	40013d	     34	   18.0	13048.0	12974.2	 0.2039	 100.00	   2.77
    513	40013d	     34	   10.0	13050.0	12974.4	 0.2040	 100.00	   2.77
    514	40013d	     34	   13.0	13047.0	12974.5	 0.2039	 100.00	   2.77
    515	40013d	     34	   11.0	13050.0	12974.6	 0.2039	 100.00	   2.76
    516	40013d	     34	   16.0	13052.0	12974.8	 0.2039	 100.00	   2.76
    517	40013d	     34	   10.0	13052.0	12974.9	 0.2039	 100.00	   2.76
    518	40013d	     34	   15.0	13047.0	12975.1	 0.2039	 100.00	   2.76
    519	40013d	     34	   13.0	13054.0	12975.2	 0.2040	 100.00	   2.76
    520	40013d	     34	   15.0	13051.0	12975.4	 0.2042	 100.00	   2.76
    521	40013d	     34	   14.0	13053.0	12975.5	 0.2040	 100.00	   2.77
    522	40013d	     34	   15.0	13054.0	12975.7	 0.2040	 100.00	   2.77
    523	40013d	     34	   15.0	13049.0	12975.8	 0.2039	 100.00	   2.77
    524	40013d	     34	   11.0	13050.0	12976.0	 0.2038	 100.00	   2.77
    525	40013d	     34	   11.0	13049.0	12976.1	 0.2039	 100.00	   2.77
    526	40013d	     34	   14.0	13057.0	12976.2	 0.2039	 100.00	   2.77
    527	40013d	     34	   18.0	13053.0	12976.4	 0.2039	 100.00	   2.77
    528	40013d	     34	   15.0	13050.0	12976.5	 0.2039	 100.00	   2.77
    529	40013d	     34	   12.0	13052.0	12976.7	 0.2040	 100.00	   2.77
    530	40013d	     34	   13.0	13051.0	12976.8	 0.2041	 100.00	   2.77
    531	40013d	     34	   11.0	13056.0	12977.0	 0.2043	 100.00	   2.77
    532	40013d	     34	   13.0	13053.0	12977.1	 0.2045	 100.00	   2.77
    533	40013d	     34	   20.0	13051.0	12977.2	 0.2048	 100.00	   2.77
    534	40013d	     34	   14.0	13053.0	12977.4	 0.2047	 100.00	   2.77
    535	40013d	     34	   13.0	13054.0	12977.5	 0.2047	 100.00	   2.77
    536	40013d	     34	   18.0	13052.0	12977.7	 0.2049	 100.00	   2.77
    537	40013d	     34	   11.0	13053.0	12977.8	 0.2049	 100.00	   2.77
    538	40013d	     34	   15.0	13052.0	12977.9	 0.2049	 100.00	   2.77
    539	40013d	     34	    9.0	13051.0	12978.1	 0.2049	 100.00	   2.77
    540	40013d	     34	   12.0	13049.0	12978.2	 0.2048	 100.00	   2.77
    541	40013d	     34	   13.0	13054.0	12978.4	 0.2049	 100.00	   2.77
    542	40013d	     34	   12.0	13058.0	12978.5	 0.2050	 100.00	   2.77
    543	40013d	     34	   17.0	13053.0	12978.6	 0.2052	 100.00	   2.77
    544	40013d	     34	   11.0	13052.0	12978.8	 0.2052	 100.00	   2.77
    545	40013d	     34	   11.0	13051.0	12978.9	 0.2050	 100.00	   2.77
    546	40013d	     34	   15.0	13052.0	12979.0	 0.2050	 100.00	   2.77
    547	40013d	     34	   14.0	13054.0	12979.2	 0.2051	 100.00	   2.77
    548	40013d	     34	   16.0	13048.0	12979.3	 0.2051	 100.00	   2.77
    549	40013d	     34	   11.0	13053.0	12979.4	 0.2050	 100.00	   2.77
    550	40013d	     34	   12.0	13053.0	12979.6	 0.2051	 100.00	   2.77
    551	40013d	     34	   12.0	13055.0	12979.7	 0.2053	 100.00	   2.77
    552	40013d	     34	   14.0	13053.0	12979.8	 0.2052	 100.00	   2.77
    553	40013d	     34	   17.0	13048.0	12980.0	 0.2054	 100.00	   2.77
    554	40013d	     34	   17.0	13053.0	12980.1	 0.2055	 100.00	   2.77
    555	40013d	     34	   12.0	13051.0	12980.2	 0.2055	 100.00	   2.77
    556	40013d	     34	   16.0	13049.0	12980.3	 0.2054	 100.00	   2.77
    557	40013d	     34	   11.0	13052.0	12980.5	 0.2053	 100.00	   2.77
    558	40013d	     34	   15.0	13055.0	12980.6	 0.2055	 100.00	   2.77
    559	40013d	     34	   12.0	13053.0	12980.7	 0.2056	 100.00	   2.77
    560	40013d	     34	   17.0	13052.0	12980.9	 0.2055	 100.00	   2.77
    561	40013d	     34	   14.0	13050.0	12981.0	 0.2056	 100.00	   2.77
    562	40013d	     34	   14.0	13052.0	12981.1	 0.2057	 100.00	   2.77
    563	40013d	     34	   10.0	13052.0	12981.2	 0.2058	 100.00	   2.77
    564	40013d	     34	   17.0	13047.0	12981.4	 0.2059	 100.00	   2.77
    565	40013d	     34	   11.0	13050.0	12981.5	 0.2059	 100.00	   2.77
    566	40013d	     34	   16.0	13056.0	12981.6	 0.2060	 100.00	   2.77
    567	40013d	     34	   16.0	13054.0	12981.7	 0.2062	 100.00	   2.77
    568	40013d	     34	   12.0	13050.0	12981.9	 0.2062	 100.00	   2.77
    569	40013d	     34	   16.0	13052.0	12982.0	 0.2063	 100.00	   2.77
    570	40013d	     34	   14.0	13054.0	12982.1	 0.2065	 100.00	   2.77
    571	40013d	     34	   11.0	13055.0	12982.2	 0.2065	 100.00	   2.77
    572	40013d	     34	   15.0	13056.0	12982.4	 0.2064	 100.00	   2.77
    573	40013d	     34	   12.0	13056.0	12982.5	 0.2063	 100.00	   2.77
    574	40013d	     34	   19.0	13051.0	12982.6	 0.2064	 100.00	   2.77
    575	40013d	     34	   11.0	13054.0	12982.7	 0.2063	 100.00	   2.77
    576	40013d	     34	   14.0	13050.0	12982.8	 0.2065	 100.00	   2.77
    577	40013d	     34	    9.0	13051.0	12983.0	 0.2065	 100.00	   2.77
    578	40013d	     34	   10.0	13049.0	12983.1	 0.2064	 100.00	   2.77
    579	40013d	     34	   12.0	13049.0	12983.2	 0.2064	 100.00	   2.77
    580	40013d	     34	   15.0	13052.0	12983.3	 0.2063	 100.00	   2.77
    581	40013d	     34	   12.0	13056.0	12983.4	 0.2064	 100.00	   2.77
    582	40013d	     34	   11.0	13049.0	12983.5	 0.2063	 100.00	   2.77
    583	40013d	     34	   12.0	13055.0	12983.7	 0.2065	 100.00	   2.77
    584	40013d	     34	   13.0	13050.0	12983.8	 0.2065	 100.00	   2.77
    585	40013d	     34	    9.0	13051.0	12983.9	 0.2064	 100.00	   2.77
    586	40013d	     34	   13.0	13052.0	12984.0	 0.2065	 100.00	   2.77
    587	40013d	     34	   15.0	13053.0	12984.1	 0.2065	 100.00	   2.77
    588	40013d	     34	   16.0	13053.0	12984.2	 0.2064	 100.00	   2.77
    589	40013d	     34	   14.0	13057.0	12984.4	 0.2065	 100.00	   2.77
    590	40013d	     34	   10.0	13053.0	12984.5	 0.2064	 100.00	   2.77
    591	40013d	     34	   11.0	13056.0	12984.6	 0.2064	 100.00	   2.78
    592	40013d	     34	   20.0	13048.0	12984.7	 0.2064	 100.00	   2.78
    593	40013d	     34	   14.0	13054.0	12984.8	 0.2064	 100.00	   2.78
    594	40013d	     34	   21.0	13045.0	12984.9	 0.2064	 100.00	   2.78
    595	40013d	     34	   10.0	13053.0	12985.0	 0.2063	 100.00	   2.78
    596	40013d	     34	   14.0	13053.0	12985.2	 0.2063	 100.00	   2.78
    597	40013d	     34	   17.0	13050.0	12985.3	 0.2062	 100.00	   2.78
    598	40013d	     34	   11.0	13053.0	12985.4	 0.2062	 100.00	   2.78
    599	40013d	     34	   12.0	13057.0	12985.5	 0.2064	 100.00	   2.78
    600	40013d	     34	   15.0	13050.0	12985.6	 0.2065	 100.00	   2.78
    601	40013d	     34	    9.0	13051.0	12985.7	 0.2065	 100.00	   2.78
    602	40013d	     34	   15.0	13054.0	12985.8	 0.2068	 100.00	   2.78
    603	40013d	     34	   12.0	13058.0	12985.9	 0.2067	 100.00	   2.78
    604	40013d	     34	   16.0	13056.0	12986.1	 0.2066	 100.00	   2.78
    605	40013d	     34	   10.0	13056.0	12986.2	 0.2064	 100.00	   2.78
    606	40013d	     34	   14.0	13054.0	12986.3	 0.2065	 100.00	   2.78
    607	40013d	     34	   15.0	13055.0	12986.4	 0.2066	 100.00	   2.78
    608	40013d	     34	   14.0	13055.0	12986.5	 0.2066	 100.00	   2.78
    609	40013d	     34	   13.0	13054.0	12986.6	 0.2067	 100.00	   2.78
    610	40013d	     34	   16.0	13050.0	12986.7	 0.2065	 100.00	   2.78
    611	40013d	     34	   12.0	13054.0	12986.8	 0.2066	 100.00	   2.77
    612	40013d	     34	   17.0	13055.0	12987.0	 0.2065	 100.00	   2.78
    613	40013d	     34	    9.0	13058.0	12987.1	 0.2064	 100.00	   2.78
    614	40013d	     34	   17.0	13053.0	12987.2	 0.2064	 100.00	   2.78
    615	40013d	     34	   16.0	13053.0	12987.3	 0.2064	 100.00	   2.78
    616	40013d	     34	   15.0	13050.0	12987.4	 0.2064	 100.00	   2.78
    617	40013d	     34	   10.0	13052.0	12987.5	 0.2064	 100.00	   2.78
    618	40013d	     34	   15.0	13051.0	12987.6	 0.2065	 100.00	   2.78
    619	40013d	     34	    5.0	13050.0	12987.7	 0.2064	 100.00	   2.78
    620	40013d	     34	   19.0	13051.0	12987.8	 0.2064	 100.00	   2.78
    621	40013d	     34	   11.0	13056.0	12987.9	 0.2064	 100.00	   2.78
    622	40013d	     34	   13.0	13053.0	12988.0	 0.2064	 100.00	   2.78
    623	40013d	     34	   12.0	13051.0	12988.1	 0.2064	 100.00	   2.78
    624	40013d	     34	   13.0	13054.0	12988.2	 0.2064	 100.00	   2.78
    625	40013d	     34	   17.0	13051.0	12988.3	 0.2064	 100.00	   2.78
    626	40013d	     34	   15.0	13052.0	12988.4	 0.2065	 100.00	   2.78
    627	40013d	     34	   11.0	13057.0	12988.5	 0.2065	 100.00	   2.78
    628	40013d	     34	   16.0	13051.0	12988.6	 0.2067	 100.00	   2.78
    629	40013d	     34	   13.0	13054.0	12988.7	 0.2067	 100.00	   2.78
    630	40013d	     34	   16.0	13054.0	12988.8	 0.2068	 100.00	   2.78
    631	40013d	     34	   13.0	13055.0	12988.9	 0.2067	 100.00	   2.78
    632	40013d	     34	   15.0	13052.0	12989.0	 0.2067	 100.00	   2.78
    633	40013d	     34	   14.0	13052.0	12989.1	 0.2066	 100.00	   2.78
    634	40013d	     34	   15.0	13055.0	12989.2	 0.2067	 100.00	   2.78
    635	40013d	     34	   15.0	13052.0	12989.3	 0.2066	 100.00	   2.78
    636	40013d	     34	   16.0	13058.0	12989.4	 0.2069	 100.00	   2.78
    637	40013d	     34	   12.0	13052.0	12989.5	 0.2068	 100.00	   2.78
    638	40013d	     34	   13.0	13055.0	12989.6	 0.2067	 100.00	   2.78
    639	40013d	     34	   14.0	13055.0	12989.7	 0.2068	 100.00	   2.78
    640	40013d	     34	   16.0	13049.0	12989.8	 0.2070	 100.00	   2.78
    641	40013d	     34	   10.0	13055.0	12989.9	 0.2070	 100.00	   2.78
    642	40013d	     34	   12.0	13051.0	12990.0	 0.2069	 100.00	   2.78
    643	40013d	     34	   16.0	13059.0	12990.1	 0.2069	 100.00	   2.78
    644	40013d	     34	   15.0	13056.0	12990.2	 0.2069	 100.00	   2.78
    645	40013d	     34	   13.0	13055.0	12990.3	 0.2070	 100.00	   2.78
    646	40013d	     34	   15.0	13052.0	12990.4	 0.2069	 100.00	   2.78
    647	40013d	     34	   11.0	13059.0	12990.5	 0.2071	 100.00	   2.78
    648	40013d	     34	   14.0	13053.0	12990.6	 0.2072	 100.00	   2.78
    649	40013d	     34	   13.0	13056.0	12990.7	 0.2072	 100.00	   2.78
    650	40013d	     34	   14.0	13056.0	12990.8	 0.2072	 100.00	   2.78
    651	40013d	     34	   13.0	13055.0	12990.9	 0.2072	 100.00	   2.78
    652	40013d	     34	   15.0	13056.0	12991.0	 0.2072	 100.00	   2.78
    653	40013d	     34	   13.0	13053.0	12991.1	 0.2073	 100.00	   2.78
    654	40013d	     34	   10.0	13059.0	12991.2	 0.2073	 100.00	   2.78
    655	40013d	     34	   11.0	13056.0	12991.3	 0.2073	 100.00	   2.78
    656	40013d	     34	   23.0	13047.0	12991.4	 0.2076	 100.00	   2.78
    657	40013d	     34	   14.0	13051.0	12991.5	 0.2077	 100.00	   2.78
    658	40013d	     34	   13.0	13052.0	12991.6	 0.2077	 100.00	   2.78
    659	40013d	     34	   15.0	13047.0	12991.7	 0.2077	 100.00	   2.78
    660	40013d	     34	   13.0	13050.0	12991.8	 0.2078	 100.00	   2.78
    661	40013d	     34	   17.0	13045.0	12991.9	 0.2078	 100.00	   2.78
    662	40013d	     34	   15.0	13054.0	12992.0	 0.2078	 100.00	   2.78
    663	40013d	     34	   13.0	13055.0	12992.0	 0.2078	 100.00	   2.78
    664	40013d	     34	   16.0	13047.0	12992.1	 0.2080	 100.00	   2.78
    665	40013d	     34	   11.0	13050.0	12992.2	 0.2081	 100.00	   2.78
    666	40013d	     34	   20.0	13048.0	12992.3	 0.2081	 100.00	   2.78
    667	40013d	     34	   14.0	13054.0	12992.4	 0.2081	 100.00	   2.78
    668	40013d	     34	   15.0	13049.0	12992.5	 0.2081	 100.00	   2.78
    669	40013d	     34	   14.0	13055.0	12992.6	 0.2080	 100.00	   2.78
    670	40013d	     34	   15.0	13050.0	12992.7	 0.2080	 100.00	   2.78
    671	40013d	     34	   13.0	13047.0	12992.7	 0.2080	 100.00	   2.78
    672	40013d	     34	   14.0	13051.0	12992.8	 0.2080	 100.00	   2.78
    673	40013d	     34	   10.0	13051.0	12992.9	 0.2081	 100.00	   2.78
    674	40013d	     34	   14.0	13049.0	12993.0	 0.2082	 100.00	   2.78
    675	40013d	     34	   12.0	13049.0	12993.1	 0.2083	 100.00	   2.78
    676	40013d	     34	   21.0	13048.0	12993.2	 0.2082	 100.00	   2.78
    677	40013d	     34	   11.0	13051.0	12993.2	 0.2082	 100.00	   2.78
    678	40013d	     34	   14.0	13051.0	12993.3	 0.2082	 100.00	   2.78
    679	40013d	     34	   15.0	13052.0	12993.4	 0.2082	 100.00	   2.78
    680	40013d	     34	   14.0	13050.0	12993.5	 0.2082	 100.00	   2.78
    681	40013d	     34	   14.0	13048.0	12993.6	 0.2082	 100.00	   2.78
    682	40013d	     34	   17.0	13049.0	12993.7	 0.2082	 100.00	   2.78
    683	40013d	     34	   11.0	13052.0	12993.7	 0.2083	 100.00	   2.78
    684	40013d	     34	   18.0	13052.0	12993.8	 0.2084	 100.00	   2.78
    685	40013d	     34	   15.0	13053.0	12993.9	 0.2084	 100.00	   2.78
    686	40013d	     34	   13.0	13054.0	12994.0	 0.2084	 100.00	   2.78
    687	40013d	     34	   13.0	13049.0	12994.1	 0.2085	 100.00	   2.78
    688	40013d	     34	   12.0	13047.0	12994.2	 0.2084	 100.00	   2.78
    689	40013d	     34	   15.0	13052.0	12994.2	 0.2083	 100.00	   2.78
    690	40013d	     34	   11.0	13047.0	12994.3	 0.2082	 100.00	   2.78
    691	40013d	     34	    7.0	13050.0	12994.4	 0.2083	 100.00	   2.78
    692	40013d	     34	   21.0	13051.0	12994.5	 0.2084	 100.00	   2.78
    693	40013d	     34	   15.0	13048.0	12994.6	 0.2084	 100.00	   2.78
    694	40013d	     34	   12.0	13052.0	12994.6	 0.2085	 100.00	   2.78
    695	40013d	     34	   13.0	13057.0	12994.7	 0.2085	 100.00	   2.78
    696	40013d	     34	   13.0	13058.0	12994.8	 0.2084	 100.00	   2.78
    697	40013d	     34	   13.0	13049.0	12994.9	 0.2087	 100.00	   2.79
    698	40013d	     34	   14.0	13051.0	12995.0	 0.2087	 100.00	   2.79
    699	40013d	     34	   10.0	13051.0	12995.1	 0.2086	 100.00	   2.79
    700	40013d	     34	   13.0	13052.0	12995.1	 0.2086	 100.00	   2.79
    701	40013d	     34	   12.0	13054.0	12995.2	 0.2085	 100.00	   2.79
    702	40013d	     34	   13.0	13053.0	12995.3	 0.2086	 100.00	   2.79
    703	40013d	     34	   14.0	13053.0	12995.4	 0.2085	 100.00	   2.79
    704	40013d	     34	   12.0	13051.0	12995.5	 0.2088	 100.00	   2.79
    705	40013d	     34	   10.0	13051.0	12995.5	 0.2088	 100.00	   2.79
    706	40013d	     34	   14.0	13053.0	12995.6	 0.2087	 100.00	   2.79
    707	40013d	     34	   16.0	13051.0	12995.7	 0.2089	 100.00	   2.79
    708	40013d	     34	   14.0	13049.0	12995.8	 0.2089	 100.00	   2.79
    709	40013d	     34	   14.0	13051.0	12995.9	 0.2089	 100.00	   2.79
    710	40013d	     34	   14.0	13053.0	12995.9	 0.2091	 100.00	   2.79
    711	40013d	     34	   15.0	13050.0	12996.0	 0.2092	 100.00	   2.79
    712	40013d	     34	   18.0	13054.0	12996.1	 0.2090	 100.00	   2.79
    713	40013d	     34	    9.0	13053.0	12996.2	 0.2090	 100.00	   2.79
    714	40013d	     34	   15.0	13054.0	12996.3	 0.2090	 100.00	   2.79
    715	40013d	     34	   10.0	13054.0	12996.3	 0.2090	 100.00	   2.79
    716	40013d	     34	   13.0	13049.0	12996.4	 0.2091	 100.00	   2.79
    717	40013d	     34	   18.0	13049.0	12996.5	 0.2090	 100.00	   2.79
    718	40013d	     34	   15.0	13052.0	12996.6	 0.2090	 100.00	   2.79
    719	40013d	     34	   13.0	13055.0	12996.6	 0.2090	 100.00	   2.79
    720	40013d	     34	   13.0	13052.0	12996.7	 0.2089	 100.00	   2.79
    721	40013d	     34	   15.0	13057.0	12996.8	 0.2090	 100.00	   2.79
    722	40013d	     34	   13.0	13050.0	12996.9	 0.2090	 100.00	   2.79
    723	40013d	     34	   13.0	13049.0	12996.9	 0.2092	 100.00	   2.79
    724	40013d	     34	   14.0	13049.0	12997.0	 0.2092	 100.00	   2.79
    725	40013d	     34	   15.0	13054.0	12997.1	 0.2093	 100.00	   2.79
    726	40013d	     34	   10.0	13054.0	12997.2	 0.2095	 100.00	   2.79
    727	40013d	     34	    8.0	13058.0	12997.3	 0.2095	 100.00	   2.79
    728	40013d	     34	   14.0	13054.0	12997.3	 0.2096	 100.00	   2.79
    729	40013d	     34	   12.0	13050.0	12997.4	 0.2096	 100.00	   2.79
    730	40013d	     34	   15.0	13049.0	12997.5	 0.2097	 100.00	   2.79
    731	40013d	     34	   14.0	13055.0	12997.6	 0.2097	 100.00	   2.79
    732	40013d	     34	   17.0	13056.0	12997.6	 0.2096	 100.00	   2.79
    733	40013d	     34	   14.0	13050.0	12997.7	 0.2096	 100.00	   2.79
    734	40013d	     34	   14.0	13058.0	12997.8	 0.2095	 100.00	   2.79
    735	40013d	     34	   15.0	13049.0	12997.9	 0.2094	 100.00	   2.79
    736	40013d	     34	   14.0	13053.0	12997.9	 0.2093	 100.00	   2.79
    737	40013d	     34	   12.0	13057.0	12998.0	 0.2094	 100.00	   2.79
    738	40013d	     34	   17.0	13048.0	12998.1	 0.2096	 100.00	   2.79
    739	40013d	     34	   14.0	13054.0	12998.2	 0.2095	 100.00	   2.79
    740	40013d	     34	   16.0	13050.0	12998.2	 0.2095	 100.00	   2.79
    741	40013d	     34	   15.0	13047.0	12998.3	 0.2094	 100.00	   2.79
    742	40013d	     34	   12.0	13049.0	12998.4	 0.2093	 100.00	   2.79
    743	40013d	     34	   15.0	13054.0	12998.4	 0.2093	 100.00	   2.79
    744	40013d	     34	   12.0	13052.0	12998.5	 0.2093	 100.00	   2.79
    745	40013d	     34	   15.0	13051.0	12998.6	 0.2092	 100.00	   2.79
    746	40013d	     34	   13.0	13054.0	12998.7	 0.2093	 100.00	   2.79
    747	40013d	     34	   11.0	13053.0	12998.7	 0.2094	 100.00	   2.79
    748	40013d	     34	   15.0	13048.0	12998.8	 0.2096	 100.00	   2.79
    749	40013d	     34	   13.0	13047.0	12998.9	 0.2097	 100.00	   2.79
    750	40013d	     34	   11.0	13056.0	12998.9	 0.2097	 100.00	   2.79
    751	40013d	     34	   14.0	13054.0	12999.0	 0.2097	 100.00	   2.79
    752	40013d	     34	   15.0	13053.0	12999.1	 0.2099	 100.00	   2.79
    753	40013d	     34	   11.0	13050.0	12999.1	 0.2098	 100.00	   2.79
    754	40013d	     34	   17.0	13051.0	12999.2	 0.2100	 100.00	   2.79
    755	40013d	     34	   10.0	13053.0	12999.3	 0.2100	 100.00	   2.79
