./asc:main.c:294: warning: auxv random bytes were not cleared
  Round	    PC	Excited	Hamming	   Loss	 Regret	    MSE	  Error	   MIPS
      0	40010c	     65	12748.0	12748.0	12748.0	 0.3058	 100.00	0.05368
      1	400139	     65	  302.0	13044.0	 6522.0	 0.2532	 100.00	0.11548
      2	400139	     65	   21.0	13043.0	 4347.7	 0.2589	 100.00	0.16995
      3	400139	     65	   24.0	13045.0	 3261.2	 0.2510	 100.00	0.22834
      4	400139	     65	   18.0	13043.0	 5217.6	 0.2467	 100.00	0.28176
      5	400139	     65	   15.0	13050.0	 6523.0	 0.2647	 100.00	0.33485
      6	400139	     65	   19.0	13045.0	 7454.7	 0.2494	 100.00	0.38650
      7	400139	     65	   18.0	13053.0	 8154.5	 0.2420	 100.00	0.43515
      8	400139	     65	   27.0	13046.0	 8698.0	 0.2423	 100.00	0.48317
      9	400139	     65	   15.0	13051.0	 9133.3	 0.2368	 100.00	0.52906
     10	400139	     65	   21.0	13052.0	 9489.5	 0.2362	 100.00	0.57276
     11	400139	     65	   27.0	13051.0	 9786.3	 0.2371	 100.00	0.61536
     12	400139	     65	   26.0	13051.0	10037.5	 0.2320	 100.00	0.65601
     13	400139	     65	   20.0	13047.0	10252.4	 0.2249	 100.00	0.69616
     14	400139	     65	   15.0	13054.0	10439.2	 0.2215	 100.00	0.73293
     15	400139	     65	   22.0	13050.0	10602.4	 0.2193	 100.00	0.77092
     16	400139	     65	   20.0	13046.0	10746.1	 0.2180	 100.00	0.80590
     17	400139	     65	   21.0	13053.0	10874.3	 0.2175	 100.00	0.84074
     18	400139	     65	   23.0	13052.0	10988.9	 0.2159	 100.00	0.87447
     19	400139	     65	   24.0	13054.0	11092.1	 0.2171	 100.00	0.90721
     20	400139	     65	   18.0	13048.0	11185.3	 0.2161	 100.00	0.93885
     21	400139	     65	   21.0	13047.0	11269.9	 0.2209	 100.00	0.96996
     22	400139	     65	   20.0	13051.0	11347.3	 0.2198	 100.00	   1.00
     23	400139	     65	   25.0	13050.0	11418.3	 0.2218	 100.00	   1.03
     24	400139	     65	   22.0	13054.0	11483.7	 0.2213	 100.00	   1.05
     25	400139	     65	   14.0	13054.0	11544.1	 0.2212	 100.00	   1.08
     26	400139	     65	   28.0	13048.0	11599.8	 0.2207	 100.00	   1.11
     27	400139	     65	   19.0	13053.0	11651.7	 0.2185	 100.00	   1.13
     28	400139	     65	   25.0	13056.0	11700.1	 0.2149	 100.00	   1.16
     29	400139	     65	   26.0	13056.0	11745.3	 0.2159	 100.00	   1.18
     30	400139	     65	   14.0	13060.0	11787.7	 0.2141	 100.00	   1.21
     31	400139	     65	   29.0	13051.0	11827.2	 0.2141	 100.00	   1.23
     32	400139	     65	   22.0	13047.0	11864.2	 0.2125	 100.00	   1.25
     33	400139	     65	   23.0	13060.0	11899.4	 0.2129	 100.00	   1.27
     34	400139	     65	   24.0	13050.0	11932.2	 0.2117	 100.00	   1.30
     35	400139	     65	   21.0	13059.0	11963.5	 0.2124	 100.00	   1.32
     36	400139	     65	   27.0	13054.0	11993.0	 0.2156	 100.00	   1.34
     37	400139	     65	   17.0	13053.0	12020.9	 0.2169	 100.00	   1.36
     38	400139	     65	   17.0	13052.0	12047.3	 0.2161	 100.00	   1.38
     39	400139	     65	   21.0	13057.0	12072.6	 0.2161	 100.00	   1.39
     40	400139	     65	   21.0	13050.0	12096.4	 0.2159	 100.00	   1.41
     41	400139	     65	   28.0	13042.0	12118.9	 0.2176	 100.00	   1.43
     42	400139	     65	   20.0	13050.0	12140.6	 0.2180	 100.00	   1.45
     43	400139	     65	   22.0	13052.0	12161.3	 0.2171	 100.00	   1.46
     44	400139	     65	   30.0	13054.0	12181.1	 0.2159	 100.00	   1.48
     45	400139	     65	   17.0	13053.0	12200.1	 0.2164	 100.00	   1.50
     46	400139	     65	   28.0	13053.0	12218.2	 0.2172	 100.00	   1.51
     47	400139	     65	   23.0	13054.0	12235.6	 0.2161	 100.00	   1.53
     48	400139	     65	   20.0	13052.0	12252.3	 0.2157	 100.00	   1.55
     49	400139	     65	   22.0	13050.0	12268.3	 0.2161	 100.00	   1.56
     50	400139	     65	   28.0	13054.0	12283.7	 0.2157	 100.00	   1.58
     51	400139	     65	   25.0	13059.0	12298.6	 0.2157	 100.00	   1.59
     52	400139	     65	   23.0	13048.0	12312.7	 0.2161	 100.00	   1.60
     53	400139	     65	   19.0	13053.0	12326.4	 0.2162	 100.00	   1.62
     54	400139	     65	   19.0	13054.0	12339.7	 0.2161	 100.00	   1.63
     55	400139	     65	   22.0	13056.0	12352.4	 0.2154	 100.00	   1.64
     56	400139	     65	   21.0	13057.0	12364.8	 0.2151	 100.00	   1.66
     57	400139	     65	   22.0	13055.0	12376.7	 0.2161	 100.00	   1.67
     58	400139	     65	   32.0	13053.0	12388.2	 0.2179	 100.00	   1.68
     59	400139	     65	   23.0	13058.0	12399.3	 0.2172	 100.00	   1.69
     60	400139	     65	   28.0	13052.0	12410.0	 0.2185	 100.00	   1.71
     61	400139	     65	   21.0	13061.0	12420.5	 0.2182	 100.00	   1.72
     62	400139	     65	   29.0	13052.0	12430.6	 0.2186	 100.00	   1.73
     63	400139	     65	   25.0	13059.0	12440.4	 0.2193	 100.00	   1.74
     64	400139	     65	   26.0	13049.0	12449.7	 0.2208	 100.00	   1.75
     65	400139	     65	   23.0	13050.0	12458.8	 0.2202	 100.00	   1.76
     66	400139	     65	   21.0	13051.0	12467.7	 0.2202	 100.00	   1.77
     67	400139	     65	   27.0	13056.0	12476.3	 0.2193	 100.00	   1.79
     68	400139	     65	   25.0	13055.0	12484.7	 0.2204	 100.00	   1.80
     69	400139	     65	   19.0	13056.0	12492.9	 0.2201	 100.00	   1.81
     70	400139	     65	   26.0	13058.0	12500.8	 0.2198	 100.00	   1.81
     71	400139	     65	   20.0	13060.0	12508.6	 0.2204	 100.00	   1.83
     72	400139	     65	   26.0	13048.0	12516.0	 0.2213	 100.00	   1.84
     73	400139	     65	   17.0	13055.0	12523.3	 0.2211	 100.00	   1.84
     74	400139	     65	   32.0	13057.0	12530.4	 0.2204	 100.00	   1.85
     75	400139	     65	   22.0	13059.0	12537.3	 0.2198	 100.00	   1.86
     76	400139	     65	   26.0	13057.0	12544.1	 0.2193	 100.00	   1.87
     77	400139	     65	   25.0	13054.0	12550.6	 0.2198	 100.00	   1.88
     78	400139	     65	   19.0	13057.0	12557.0	 0.2189	 100.00	   1.89
     79	400139	     65	   17.0	13060.0	12563.3	 0.2183	 100.00	   1.90
     80	400139	     65	   23.0	13057.0	12569.4	 0.2177	 100.00	   1.91
     81	400139	     65	   25.0	13056.0	12575.4	 0.2169	 100.00	   1.92
     82	400139	     65	   37.0	13043.0	12581.0	 0.2188	 100.00	   1.92
     83	400139	     65	   25.0	13054.0	12586.6	 0.2184	 100.00	   1.93
     84	400139	     65	   23.0	13049.0	12592.1	 0.2181	 100.00	   1.94
     85	400139	     65	   24.0	13055.0	12597.4	 0.2178	 100.00	   1.95
     86	400139	     65	   22.0	13053.0	12602.7	 0.2173	 100.00	   1.95
     87	400139	     65	   27.0	13052.0	12607.8	 0.2178	 100.00	   1.96
     88	400139	     65	   27.0	13051.0	12612.8	 0.2178	 100.00	   1.97
     89	400139	     65	   18.0	13053.0	12617.7	 0.2179	 100.00	   1.98
     90	400139	     65	   28.0	13053.0	12622.4	 0.2183	 100.00	   1.98
     91	400139	     65	   19.0	13058.0	12627.2	 0.2177	 100.00	   1.99
     92	400139	     65	   27.0	13055.0	12631.8	 0.2187	 100.00	   2.00
     93	400139	     65	   23.0	13062.0	12636.4	 0.2184	 100.00	   2.00
     94	400139	     65	   24.0	13056.0	12640.8	 0.2181	 100.00	   2.01
     95	400139	     65	   20.0	13050.0	12645.0	 0.2179	 100.00	   2.02
     96	400139	     65	   25.0	13051.0	12649.2	 0.2175	 100.00	   2.03
     97	400139	     65	   26.0	13059.0	12653.4	 0.2173	 100.00	   2.03
     98	400139	     65	   22.0	13055.0	12657.5	 0.2172	 100.00	   2.04
     99	400139	     65	   19.0	13060.0	12661.5	 0.2177	 100.00	   2.05
    100	400139	     65	   23.0	13055.0	12665.4	 0.2180	 100.00	   2.05
    101	400139	     65	   24.0	13051.0	12669.2	 0.2177	 100.00	   2.06
    102	400139	     65	   20.0	13055.0	12672.9	 0.2178	 100.00	   2.06
    103	400139	     65	   26.0	13053.0	12676.6	 0.2189	 100.00	   2.07
    104	400139	     65	   22.0	13049.0	12680.1	 0.2188	 100.00	   2.08
    105	400139	     65	   25.0	13050.0	12683.6	 0.2186	 100.00	   2.08
    106	400139	     65	   22.0	13056.0	12687.1	 0.2191	 100.00	   2.09
    107	400139	     65	   24.0	13056.0	12690.5	 0.2192	 100.00	   2.09
    108	400139	     65	   29.0	13057.0	12693.9	 0.2192	 100.00	   2.10
    109	400139	     65	   26.0	13049.0	12697.1	 0.2192	 100.00	   2.10
    110	400139	     65	   21.0	13062.0	12700.4	 0.2188	 100.00	   2.11
    111	400139	     65	   26.0	13056.0	12703.5	 0.2193	 100.00	   2.12
    112	400139	     65	   23.0	13061.0	12706.7	 0.2185	 100.00	   2.12
    113	400139	     65	   27.0	13054.0	12709.8	 0.2194	 100.00	   2.13
    114	400139	     65	   25.0	13059.0	12712.8	 0.2197	 100.00	   2.13
    115	400139	     65	   20.0	13057.0	12715.8	 0.2200	 100.00	   2.14
    116	400139	     65	   30.0	13053.0	12718.6	 0.2207	 100.00	   2.14
    117	400139	     65	   19.0	13054.0	12721.5	 0.2210	 100.00	   2.15
    118	400139	     65	   23.0	13051.0	12724.3	 0.2205	 100.00	   2.15
    119	400139	     65	   24.0	13059.0	12727.0	 0.2202	 100.00	   2.16
    120	400139	     65	   26.0	13057.0	12729.8	 0.2199	 100.00	   2.16
    121	400139	     65	   26.0	13055.0	12732.4	 0.2199	 100.00	   2.17
    122	400139	     65	   26.0	13059.0	12735.1	 0.2200	 100.00	   2.17
    123	400139	     65	   32.0	13051.0	12737.6	 0.2209	 100.00	   2.18
    124	400139	     65	   24.0	13055.0	12740.2	 0.2210	 100.00	   2.18
    125	400139	     65	   17.0	13056.0	12742.7	 0.2208	 100.00	   2.19
    126	400139	     65	   24.0	13058.0	12745.2	 0.2209	 100.00	   2.19
    127	400139	     65	   28.0	13060.0	12747.6	 0.2207	 100.00	   2.19
    128	400139	     65	   26.0	13050.0	12750.0	 0.2218	 100.00	   2.20
    129	400139	     65	   23.0	13059.0	12752.3	 0.2213	 100.00	   2.20
    130	400139	     65	   29.0	13052.0	12754.6	 0.2214	 100.00	   2.21
    131	400139	     65	   21.0	13055.0	12756.9	 0.2215	 100.00	   2.21
    132	400139	     65	   21.0	13054.0	12759.1	 0.2217	 100.00	   2.22
    133	400139	     65	   22.0	13054.0	12761.3	 0.2214	 100.00	   2.22
    134	400139	     65	   28.0	13052.0	12763.5	 0.2217	 100.00	   2.22
    135	400139	     65	   21.0	13061.0	12765.7	 0.2211	 100.00	   2.23
    136	400139	     65	   29.0	13052.0	12767.8	 0.2211	 100.00	   2.23
    137	400139	     65	   21.0	13053.0	12769.8	 0.2211	 100.00	   2.24
    138	400139	     65	   25.0	13054.0	12771.9	 0.2216	 100.00	   2.24
    139	400139	     65	   23.0	13059.0	12773.9	 0.2215	 100.00	   2.24
    140	400139	     65	   24.0	13059.0	12776.0	 0.2216	 100.00	   2.25
    141	400139	     65	   26.0	13059.0	12778.0	 0.2217	 100.00	   2.25
    142	400139	     65	   27.0	13062.0	12779.9	 0.2213	 100.00	   2.25
    143	400139	     65	   21.0	13057.0	12781.9	 0.2211	 100.00	   2.26
    144	400139	     65	   24.0	13049.0	12783.7	 0.2213	 100.00	   2.26
    145	400139	     65	   25.0	13054.0	12785.6	 0.2216	 100.00	   2.27
    146	400139	     65	   28.0	13056.0	12787.4	 0.2216	 100.00	   2.27
    147	400139	     65	   23.0	13063.0	12789.3	 0.2212	 100.00	   2.27
    148	400139	     65	   31.0	13052.0	12791.0	 0.2214	 100.00	   2.28
    149	400139	     65	   24.0	13058.0	12792.8	 0.2215	 100.00	   2.28
    150	400139	     65	   19.0	13059.0	12794.6	 0.2220	 100.00	   2.28
    151	400139	     65	   26.0	13063.0	12796.3	 0.2218	 100.00	   2.29
    152	400139	     65	   27.0	13058.0	12798.0	 0.2217	 100.00	   2.29
    153	400139	     65	   23.0	13059.0	12799.7	 0.2219	 100.00	   2.29
    154	400139	     65	   30.0	13057.0	12801.4	 0.2225	 100.00	   2.30
    155	400139	     65	   20.0	13057.0	12803.0	 0.2229	 100.00	   2.30
    156	400139	     65	   29.0	13058.0	12804.7	 0.2230	 100.00	   2.30
    157	400139	     65	   25.0	13059.0	12806.3	 0.2230	 100.00	   2.31
    158	400139	     65	   19.0	13062.0	12807.9	 0.2230	 100.00	   2.31
    159	400139	     65	   24.0	13058.0	12809.4	 0.2227	 100.00	   2.31
    160	400139	     65	   24.0	13054.0	12811.0	 0.2229	 100.00	   2.32
    161	400139	     65	   17.0	13059.0	12812.5	 0.2232	 100.00	   2.32
    162	400139	     65	   29.0	13058.0	12814.0	 0.2234	 100.00	   2.32
    163	400139	     65	   23.0	13065.0	12815.5	 0.2232	 100.00	   2.33
    164	400139	     65	   37.0	13044.0	12816.9	 0.2239	 100.00	   2.33
    165	400139	     65	   18.0	13048.0	12818.3	 0.2236	 100.00	   2.33
    166	400139	     65	   22.0	13054.0	12819.7	 0.2231	 100.00	   2.34
    167	400139	     65	   22.0	13058.0	12821.1	 0.2233	 100.00	   2.34
    168	400139	     65	   24.0	13054.0	12822.5	 0.2235	 100.00	   2.34
    169	400139	     65	   25.0	13047.0	12823.8	 0.2236	 100.00	   2.35
    170	400139	     65	   25.0	13052.0	12825.2	 0.2234	 100.00	   2.35
    171	400139	     65	   22.0	13058.0	12826.5	 0.2234	 100.00	   2.35
    172	400139	     65	   32.0	13050.0	12827.8	 0.2235	 100.00	   2.35
    173	400139	     65	   25.0	13055.0	12829.1	 0.2240	 100.00	   2.36
    174	400139	     65	   26.0	13053.0	12830.4	 0.2241	 100.00	   2.36
    175	400139	     65	   24.0	13053.0	12831.7	 0.2241	 100.00	   2.36
    176	400139	     65	   26.0	13053.0	12832.9	 0.2241	 100.00	   2.36
    177	400139	     65	   24.0	13055.0	12834.2	 0.2241	 100.00	   2.37
    178	400139	     65	   29.0	13054.0	12835.4	 0.2240	 100.00	   2.37
    179	400139	     65	   28.0	13062.0	12836.6	 0.2243	 100.00	   2.37
    180	400139	     65	   25.0	13053.0	12837.8	 0.2243	 100.00	   2.38
    181	400139	     65	   26.0	13059.0	12839.1	 0.2244	 100.00	   2.38
    182	400139	     65	   21.0	13058.0	12840.3	 0.2243	 100.00	   2.38
    183	400139	     65	   23.0	13061.0	12841.5	 0.2243	 100.00	   2.38
    184	400139	     65	   23.0	13060.0	12842.6	 0.2244	 100.00	   2.39
    185	400139	     65	   27.0	13053.0	12843.8	 0.2245	 100.00	   2.39
    186	400139	     65	   28.0	13061.0	12844.9	 0.2245	 100.00	   2.39
    187	400139	     65	   23.0	13058.0	12846.1	 0.2249	 100.00	   2.39
    188	400139	     65	   28.0	13058.0	12847.2	 0.2247	 100.00	   2.40
    189	400139	     65	   25.0	13057.0	12848.3	 0.2246	 100.00	   2.40
    190	400139	     65	   25.0	13058.0	12849.4	 0.2250	 100.00	   2.40
    191	400139	     65	   27.0	13063.0	12850.5	 0.2250	 100.00	   2.40
    192	400139	     65	   25.0	13054.0	12851.5	 0.2255	 100.00	   2.41
    193	400139	     65	   22.0	13058.0	12852.6	 0.2256	 100.00	   2.41
    194	400139	     65	   21.0	13055.0	12853.7	 0.2254	 100.00	   2.41
    195	400139	     65	   28.0	13059.0	12854.7	 0.2255	 100.00	   2.41
    196	400139	     65	   23.0	13058.0	12855.7	 0.2254	 100.00	   2.42
    197	400139	     65	   17.0	13059.0	12856.8	 0.2253	 100.00	   2.42
    198	400139	     65	   29.0	13056.0	12857.8	 0.2254	 100.00	   2.42
    199	400139	     65	   21.0	13067.0	12858.8	 0.2258	 100.00	   2.42
    200	400139	     65	   27.0	13054.0	12859.8	 0.2256	 100.00	   2.43
    201	400139	     65	   23.0	13051.0	12860.7	 0.2260	 100.00	   2.43
    202	400139	     65	   21.0	13054.0	12861.7	 0.2259	 100.00	   2.43
    203	400139	     65	   25.0	13059.0	12862.6	 0.2261	 100.00	   2.43
    204	400139	     65	   29.0	13056.0	12863.6	 0.2263	 100.00	   2.43
    205	400139	     65	   29.0	13053.0	12864.5	 0.2267	 100.00	   2.44
    206	400139	     65	   25.0	13056.0	12865.4	 0.2263	 100.00	   2.44
    207	400139	     65	   19.0	13059.0	12866.4	 0.2261	 100.00	   2.44
    208	400139	     65	   25.0	13054.0	12867.3	 0.2259	 100.00	   2.44
    209	400139	     65	   26.0	13058.0	12868.2	 0.2260	 100.00	   2.44
    210	400139	     65	   27.0	13049.0	12869.0	 0.2263	 100.00	   2.45
    211	400139	     65	   25.0	13062.0	12869.9	 0.2261	 100.00	   2.45
    212	400139	     65	   25.0	13061.0	12870.8	 0.2260	 100.00	   2.45
    213	400139	     65	   22.0	13055.0	12871.7	 0.2260	 100.00	   2.45
    214	400139	     65	   24.0	13061.0	12872.6	 0.2259	 100.00	   2.45
    215	400139	     65	   19.0	13062.0	12873.4	 0.2255	 100.00	   2.46
    216	400139	     65	   23.0	13059.0	12874.3	 0.2257	 100.00	   2.46
    217	400139	     65	   30.0	13055.0	12875.1	 0.2262	 100.00	   2.46
    218	400139	     65	   23.0	13058.0	12876.0	 0.2263	 100.00	   2.46
    219	400139	     65	   26.0	13058.0	12876.8	 0.2262	 100.00	   2.46
    220	400139	     65	   25.0	13063.0	12877.6	 0.2265	 100.00	   2.47
    221	400139	     65	   23.0	13062.0	12878.5	 0.2263	 100.00	   2.47
    222	400139	     65	   26.0	13062.0	12879.3	 0.2260	 100.00	   2.47
    223	400139	     65	   21.0	13055.0	12880.1	 0.2258	 100.00	   2.47
    224	400139	     65	   27.0	13058.0	12880.9	 0.2257	 100.00	   2.47
    225	400139	     65	   23.0	13067.0	12881.7	 0.2260	 100.00	   2.47
    226	400139	     65	   31.0	13056.0	12882.5	 0.2263	 100.00	   2.48
    227	400139	     65	   24.0	13060.0	12883.2	 0.2262	 100.00	   2.48
    228	400139	     65	   29.0	13059.0	12884.0	 0.2259	 100.00	   2.48
    229	400139	     65	   22.0	13055.0	12884.7	 0.2262	 100.00	   2.48
    230	400139	     65	   23.0	13054.0	12885.5	 0.2261	 100.00	   2.48
    231	400139	     65	   24.0	13060.0	12886.2	 0.2260	 100.00	   2.49
    232	400139	     65	   33.0	13049.0	12886.9	 0.2264	 100.00	   2.49
    233	400139	     65	   21.0	13054.0	12887.6	 0.2264	 100.00	   2.49
    234	400139	     65	   31.0	13057.0	12888.4	 0.2261	 100.00	   2.49
    235	400139	     65	   23.0	13058.0	12889.1	 0.2260	 100.00	   2.49
    236	400139	     65	   30.0	13056.0	12889.8	 0.2258	 100.00	   2.49
    237	400139	     65	   28.0	13058.0	12890.5	 0.2255	 100.00	   2.50
    238	400139	     65	   26.0	13064.0	12891.2	 0.2257	 100.00	   2.50
    239	400139	     65	   26.0	13060.0	12891.9	 0.2256	 100.00	   2.50
    240	400139	     65	   25.0	13059.0	12892.6	 0.2255	 100.00	   2.50
    241	400139	     65	   33.0	13062.0	12893.3	 0.2254	 100.00	   2.50
    242	400139	     65	   28.0	13054.0	12894.0	 0.2258	 100.00	   2.50
    243	400139	     65	   24.0	13058.0	12894.7	 0.2261	 100.00	   2.50
    244	400139	     65	   24.0	13062.0	12895.3	 0.2260	 100.00	   2.51
    245	400139	     65	   24.0	13058.0	12896.0	 0.2261	 100.00	   2.51
    246	400139	     65	   29.0	13047.0	12896.6	 0.2268	 100.00	   2.51
    247	400139	     65	   29.0	13058.0	12897.3	 0.2268	 100.00	   2.51
    248	400139	     65	   25.0	13051.0	12897.9	 0.2269	 100.00	   2.51
    249	400139	     65	   29.0	13058.0	12898.5	 0.2265	 100.00	   2.52
    250	400139	     65	   30.0	13060.0	12899.2	 0.2267	 100.00	   2.52
    251	400139	     65	   22.0	13056.0	12899.8	 0.2266	 100.00	   2.52
    252	400139	     65	   25.0	13055.0	12900.4	 0.2267	 100.00	   2.52
    253	400139	     65	   24.0	13059.0	12901.0	 0.2267	 100.00	   2.52
    254	400139	     65	   28.0	13065.0	12901.7	 0.2269	 100.00	   2.52
    255	400139	     65	   25.0	13058.0	12902.3	 0.2268	 100.00	   2.52
    256	400139	     65	   29.0	13051.0	12902.9	 0.2270	 100.00	   2.53
    257	400139	     65	   25.0	13064.0	12903.5	 0.2271	 100.00	   2.53
    258	400139	     65	   31.0	13049.0	12904.0	 0.2271	 100.00	   2.53
    259	400139	     65	   25.0	13060.0	12904.6	 0.2275	 100.00	   2.53
    260	400139	     65	   31.0	13055.0	12905.2	 0.2276	 100.00	   2.53
    261	400139	     65	   19.0	13058.0	12905.8	 0.2278	 100.00	   2.53
    262	400139	     65	   23.0	13057.0	12906.4	 0.2278	 100.00	   2.53
    263	400139	     65	   24.0	13057.0	12906.9	 0.2279	 100.00	   2.54
    264	400139	     65	   30.0	13055.0	12907.5	 0.2282	 100.00	   2.54
    265	400139	     65	   19.0	13062.0	12908.1	 0.2282	 100.00	   2.54
    266	400139	     65	   31.0	13061.0	12908.7	 0.2281	 100.00	   2.54
    267	400139	     65	   27.0	13062.0	12909.2	 0.2281	 100.00	   2.54
    268	400139	     65	   35.0	13059.0	12909.8	 0.2282	 100.00	   2.54
    269	400139	     65	   30.0	13053.0	12910.3	 0.2281	 100.00	   2.54
    270	400139	     65	   23.0	13062.0	12910.9	 0.2279	 100.00	   2.54
    271	400139	     65	   24.0	13062.0	12911.4	 0.2276	 100.00	   2.55
    272	400139	     65	   35.0	13057.0	12912.0	 0.2279	 100.00	   2.55
    273	400139	     65	   27.0	13060.0	12912.5	 0.2280	 100.00	   2.55
    274	400139	     65	   32.0	13054.0	12913.0	 0.2281	 100.00	   2.55
    275	400139	     65	   31.0	13065.0	12913.6	 0.2281	 100.00	   2.55
    276	400139	     65	   21.0	13066.0	12914.1	 0.2283	 100.00	   2.55
    277	400139	     65	   26.0	13060.0	12914.6	 0.2286	 100.00	   2.55
    278	400139	     65	   27.0	13059.0	12915.2	 0.2285	 100.00	   2.56
    279	400139	     65	   25.0	13058.0	12915.7	 0.2285	 100.00	   2.56
    280	400139	     65	   28.0	13058.0	12916.2	 0.2284	 100.00	   2.56
    281	400139	     65	   26.0	13058.0	12916.7	 0.2284	 100.00	   2.56
    282	400139	     65	   35.0	13061.0	12917.2	 0.2283	 100.00	   2.56
    283	400139	     65	   27.0	13064.0	12917.7	 0.2284	 100.00	   2.56
    284	400139	     65	   30.0	13060.0	12918.2	 0.2288	 100.00	   2.56
    285	400139	     65	   28.0	13060.0	12918.7	 0.2287	 100.00	   2.57
    286	400139	     65	   29.0	13059.0	12919.2	 0.2287	 100.00	   2.57
    287	400139	     65	   28.0	13055.0	12919.7	 0.2288	 100.00	   2.57
    288	400139	     65	   20.0	13053.0	12920.1	 0.2289	 100.00	   2.57
    289	400139	     65	   22.0	13063.0	12920.6	 0.2293	 100.00	   2.57
    290	400139	     65	   29.0	13054.0	12921.1	 0.2295	 100.00	   2.57
    291	400139	     65	   19.0	13063.0	12921.6	 0.2294	 100.00	   2.57
    292	400139	     65	   30.0	13055.0	12922.0	 0.2294	 100.00	   2.57
    293	400139	     65	   22.0	13057.0	12922.5	 0.2294	 100.00	   2.57
    294	400139	     65	   23.0	13056.0	12922.9	 0.2296	 100.00	   2.58
    295	400139	     65	   23.0	13067.0	12923.4	 0.2296	 100.00	   2.58
    296	400139	     65	   33.0	13058.0	12923.9	 0.2299	 100.00	   2.58
    297	400139	     65	   26.0	13054.0	12924.3	 0.2299	 100.00	   2.58
    298	400139	     65	   26.0	13064.0	12924.8	 0.2299	 100.00	   2.58
    299	400139	     65	   23.0	13065.0	12925.2	 0.2298	 100.00	   2.58
    300	400139	     65	   30.0	13057.0	12925.7	 0.2300	 100.00	   2.58
    301	400139	     65	   20.0	13057.0	12926.1	 0.2301	 100.00	   2.58
    302	400139	     65	   21.0	13066.0	12926.6	 0.2301	 100.00	   2.58
    303	400139	     65	   25.0	13063.0	12927.0	 0.2303	 100.00	   2.59
    304	400139	     65	   28.0	13055.0	12927.4	 0.2304	 100.00	   2.59
    305	400139	     65	   28.0	13063.0	12927.9	 0.2305	 100.00	   2.59
    306	400139	     65	   31.0	13060.0	12928.3	 0.2306	 100.00	   2.59
    307	400139	     65	   29.0	13067.0	12928.8	 0.2309	 100.00	   2.59
    308	400139	     65	   26.0	13057.0	12929.2	 0.2310	 100.00	   2.59
    309	400139	     65	   18.0	13063.0	12929.6	 0.2310	 100.00	   2.59
    310	400139	     65	   27.0	13056.0	12930.0	 0.2310	 100.00	   2.59
    311	400139	     65	   28.0	13064.0	12930.4	 0.2309	 100.00	   2.59
    312	400139	     65	   21.0	13061.0	12930.9	 0.2308	 100.00	   2.60
    313	400139	     65	   24.0	13057.0	12931.3	 0.2308	 100.00	   2.60
    314	400139	     65	   23.0	13056.0	12931.7	 0.2306	 100.00	   2.60
    315	400139	     65	   26.0	13060.0	12932.1	 0.2305	 100.00	   2.60
    316	400139	     65	   29.0	13061.0	12932.5	 0.2304	 100.00	   2.60
    317	400139	     65	   21.0	13066.0	12932.9	 0.2302	 100.00	   2.60
    318	400139	     65	   30.0	13060.0	12933.3	 0.2304	 100.00	   2.60
    319	400139	     65	   24.0	13064.0	12933.7	 0.2302	 100.00	   2.60
    320	400139	     65	   28.0	13062.0	12934.1	 0.2304	 100.00	   2.60
    321	400139	     65	   22.0	13064.0	12934.5	 0.2306	 100.00	   2.61
    322	400139	     65	   22.0	13060.0	12934.9	 0.2306	 100.00	   2.61
    323	400139	     65	   29.0	13065.0	12935.3	 0.2307	 100.00	   2.61
    324	400139	     65	   28.0	13061.0	12935.7	 0.2307	 100.00	   2.61
    325	400139	     65	   22.0	13065.0	12936.1	 0.2307	 100.00	   2.61
    326	400139	     65	   23.0	13064.0	12936.5	 0.2306	 100.00	   2.61
    327	400139	     65	   27.0	13065.0	12936.9	 0.2307	 100.00	   2.61
    328	400139	     65	   39.0	13042.0	12937.2	 0.2314	 100.00	   2.61
    329	400139	     65	   22.0	13050.0	12937.5	 0.2312	 100.00	   2.61
    330	400139	     65	   25.0	13057.0	12937.9	 0.2313	 100.00	   2.61
    331	400139	     65	   26.0	13059.0	12938.2	 0.2314	 100.00	   2.62
    332	400139	     65	   27.0	13056.0	12938.6	 0.2312	 100.00	   2.62
    333	400139	     65	   21.0	13057.0	12939.0	 0.2311	 100.00	   2.62
    334	400139	     65	   23.0	13064.0	12939.3	 0.2311	 100.00	   2.62
    335	400139	     65	   26.0	13060.0	12939.7	 0.2309	 100.00	   2.62
    336	400139	     65	   29.0	13055.0	12940.0	 0.2309	 100.00	   2.62
    337	400139	     65	   32.0	13057.0	12940.4	 0.2305	 100.00	   2.62
    338	400139	     65	   27.0	13046.0	12940.7	 0.2307	 100.00	   2.62
    339	400139	     65	   19.0	13051.0	12941.0	 0.2305	 100.00	   2.62
    340	400139	     65	   28.0	13059.0	12941.4	 0.2305	 100.00	   2.62
    341	400139	     65	   25.0	13062.0	12941.7	 0.2307	 100.00	   2.63
    342	400139	     65	   25.0	13063.0	12942.1	 0.2307	 100.00	   2.63
    343	400139	     65	   23.0	13058.0	12942.4	 0.2307	 100.00	   2.63
    344	400139	     65	   27.0	13051.0	12942.7	 0.2305	 100.00	   2.63
    345	400139	     65	   26.0	13055.0	12943.0	 0.2305	 100.00	   2.63
    346	400139	     65	   34.0	13065.0	12943.4	 0.2308	 100.00	   2.63
    347	400139	     65	   24.0	13059.0	12943.7	 0.2305	 100.00	   2.63
    348	400139	     65	   31.0	13052.0	12944.0	 0.2306	 100.00	   2.63
    349	400139	     65	   28.0	13058.0	12944.4	 0.2306	 100.00	   2.63
    350	400139	     65	   32.0	13052.0	12944.7	 0.2307	 100.00	   2.63
    351	400139	     65	   20.0	13054.0	12945.0	 0.2308	 100.00	   2.63
    352	400139	     65	   29.0	13055.0	12945.3	 0.2307	 100.00	   2.63
    353	400139	     65	   27.0	13058.0	12945.6	 0.2306	 100.00	   2.64
    354	400139	     65	   26.0	13056.0	12945.9	 0.2306	 100.00	   2.64
    355	400139	     65	   25.0	13061.0	12946.2	 0.2306	 100.00	   2.64
    356	400139	     65	   26.0	13059.0	12946.6	 0.2307	 100.00	   2.64
    357	400139	     65	   23.0	13064.0	12946.9	 0.2307	 100.00	   2.64
    358	400139	     65	   24.0	13054.0	12947.2	 0.2307	 100.00	   2.64
    359	400139	     65	   29.0	13057.0	12947.5	 0.2309	 100.00	   2.64
    360	400139	     65	   26.0	13057.0	12947.8	 0.2309	 100.00	   2.64
    361	400139	     65	   17.0	13058.0	12948.1	 0.2308	 100.00	   2.64
    362	400139	     65	   30.0	13060.0	12948.4	 0.2307	 100.00	   2.64
    363	400139	     65	   29.0	13061.0	12948.7	 0.2309	 100.00	   2.64
    364	400139	     65	   33.0	13058.0	12949.0	 0.2309	 100.00	   2.65
    365	400139	     65	   22.0	13058.0	12949.3	 0.2310	 100.00	   2.65
    366	400139	     65	   23.0	13061.0	12949.6	 0.2309	 100.00	   2.65
    367	400139	     65	   31.0	13062.0	12949.9	 0.2308	 100.00	   2.65
    368	400139	     65	   26.0	13062.0	12950.2	 0.2308	 100.00	   2.65
    369	400139	     65	   31.0	13051.0	12950.5	 0.2309	 100.00	   2.65
    370	400139	     65	   28.0	13055.0	12950.8	 0.2308	 100.00	   2.65
    371	400139	     65	   26.0	13059.0	12951.1	 0.2308	 100.00	   2.65
    372	400139	     65	   22.0	13053.0	12951.3	 0.2310	 100.00	   2.65
    373	400139	     65	   18.0	13059.0	12951.6	 0.2309	 100.00	   2.65
    374	400139	     65	   26.0	13059.0	12951.9	 0.2309	 100.00	   2.65
    375	400139	     65	   25.0	13060.0	12952.2	 0.2308	 100.00	   2.65
    376	400139	     65	   28.0	13058.0	12952.5	 0.2307	 100.00	   2.65
    377	400139	     65	   26.0	13060.0	12952.8	 0.2306	 100.00	   2.66
    378	400139	     65	   24.0	13060.0	12953.1	 0.2307	 100.00	   2.66
    379	400139	     65	   26.0	13060.0	12953.3	 0.2308	 100.00	   2.66
    380	400139	     65	   30.0	13052.0	12953.6	 0.2307	 100.00	   2.66
    381	400139	     65	   17.0	13055.0	12953.9	 0.2304	 100.00	   2.66
    382	400139	     65	   25.0	13064.0	12954.1	 0.2305	 100.00	   2.66
    383	400139	     65	   27.0	13063.0	12954.4	 0.2305	 100.00	   2.66
    384	400139	     65	   28.0	13053.0	12954.7	 0.2306	 100.00	   2.66
    385	400139	     65	   31.0	13064.0	12955.0	 0.2307	 100.00	   2.66
    386	400139	     65	   29.0	13057.0	12955.2	 0.2307	 100.00	   2.66
    387	400139	     65	   24.0	13057.0	12955.5	 0.2305	 100.00	   2.66
    388	400139	     65	   27.0	13060.0	12955.8	 0.2304	 100.00	   2.66
    389	400139	     65	   25.0	13059.0	12956.0	 0.2303	 100.00	   2.66
    390	400139	     65	   31.0	13060.0	12956.3	 0.2304	 100.00	   2.66
    391	400139	     65	   25.0	13057.0	12956.6	 0.2303	 100.00	   2.67
    392	400139	     65	   30.0	13063.0	12956.8	 0.2304	 100.00	   2.67
    393	400139	     65	   22.0	13059.0	12957.1	 0.2303	 100.00	   2.67
    394	400139	     65	   22.0	13061.0	12957.3	 0.2303	 100.00	   2.67
    395	400139	     65	   25.0	13056.0	12957.6	 0.2303	 100.00	   2.67
    396	400139	     65	   28.0	13060.0	12957.9	 0.2305	 100.00	   2.67
    397	400139	     65	   20.0	13060.0	12958.1	 0.2303	 100.00	   2.67
    398	400139	     65	   29.0	13067.0	12958.4	 0.2303	 100.00	   2.67
    399	400139	     65	   30.0	13059.0	12958.6	 0.2305	 100.00	   2.67
    400	400139	     65	   30.0	13057.0	12958.9	 0.2305	 100.00	   2.67
    401	400139	     65	   20.0	13065.0	12959.1	 0.2306	 100.00	   2.67
    402	400139	     65	   30.0	13053.0	12959.4	 0.2308	 100.00	   2.67
    403	400139	     65	   26.0	13063.0	12959.6	 0.2309	 100.00	   2.67
    404	400139	     65	   23.0	13058.0	12959.9	 0.2308	 100.00	   2.67
    405	400139	     65	   28.0	13056.0	12960.1	 0.2307	 100.00	   2.67
    406	400139	     65	   20.0	13058.0	12960.4	 0.2308	 100.00	   2.68
    407	400139	     65	   29.0	13063.0	12960.6	 0.2309	 100.00	   2.68
    408	400139	     65	   24.0	13059.0	12960.8	 0.2309	 100.00	   2.68
    409	400139	     65	   22.0	13063.0	12961.1	 0.2309	 100.00	   2.68
    410	400139	     65	   32.0	13055.0	12961.3	 0.2312	 100.00	   2.68
    411	400139	     65	   27.0	13064.0	12961.6	 0.2312	 100.00	   2.68
    412	400139	     65	   25.0	13057.0	12961.8	 0.2313	 100.00	   2.68
    413	400139	     65	   22.0	13061.0	12962.0	 0.2313	 100.00	   2.68
    414	400139	     65	   24.0	13061.0	12962.3	 0.2313	 100.00	   2.68
    415	400139	     65	   20.0	13057.0	12962.5	 0.2313	 100.00	   2.68
    416	400139	     65	   32.0	13055.0	12962.7	 0.2313	 100.00	   2.68
    417	400139	     65	   25.0	13066.0	12963.0	 0.2313	 100.00	   2.68
    418	400139	     65	   29.0	13053.0	12963.2	 0.2315	 100.00	   2.68
    419	400139	     65	   20.0	13061.0	12963.4	 0.2314	 100.00	   2.68
    420	400139	     65	   26.0	13053.0	12963.6	 0.2315	 100.00	   2.68
    421	400139	     65	   21.0	13056.0	12963.9	 0.2314	 100.00	   2.68
    422	400139	     65	   23.0	13059.0	12964.1	 0.2315	 100.00	   2.68
    423	400139	     65	   20.0	13059.0	12964.3	 0.2314	 100.00	   2.69
    424	400139	     65	   25.0	13054.0	12964.5	 0.2316	 100.00	   2.69
    425	400139	     65	   26.0	13056.0	12964.7	 0.2314	 100.00	   2.69
    426	400139	     65	   24.0	13060.0	12965.0	 0.2314	 100.00	   2.69
    427	400139	     65	   26.0	13064.0	12965.2	 0.2312	 100.00	   2.69
    428	400139	     65	   28.0	13056.0	12965.4	 0.2310	 100.00	   2.69
    429	400139	     65	   26.0	13062.0	12965.6	 0.2308	 100.00	   2.69
    430	400139	     65	   28.0	13064.0	12965.9	 0.2307	 100.00	   2.69
    431	400139	     65	   28.0	13062.0	12966.1	 0.2306	 100.00	   2.69
    432	400139	     65	   22.0	13058.0	12966.3	 0.2305	 100.00	   2.69
    433	400139	     65	   27.0	13063.0	12966.5	 0.2307	 100.00	   2.69
    434	400139	     65	   36.0	13055.0	12966.7	 0.2306	 100.00	   2.69
    435	400139	     65	   18.0	13065.0	12966.9	 0.2308	 100.00	   2.69
    436	400139	     65	   25.0	13054.0	12967.1	 0.2308	 100.00	   2.69
    437	400139	     65	   23.0	13063.0	12967.4	 0.2306	 100.00	   2.69
    438	400139	     65	   24.0	13061.0	12967.6	 0.2308	 100.00	   2.70
    439	400139	     65	   21.0	13066.0	12967.8	 0.2309	 100.00	   2.70
    440	400139	     65	   23.0	13063.0	12968.0	 0.2309	 100.00	   2.70
    441	400139	     65	   23.0	13060.0	12968.2	 0.2310	 100.00	   2.70
    442	400139	     65	   27.0	13061.0	12968.4	 0.2311	 100.00	   2.70
    443	400139	     65	   28.0	13059.0	12968.6	 0.2311	 100.00	   2.70
    444	400139	     65	   29.0	13060.0	12968.8	 0.2314	 100.00	   2.70
    445	400139	     65	   29.0	13065.0	12969.1	 0.2315	 100.00	   2.70
    446	400139	     65	   27.0	13066.0	12969.3	 0.2314	 100.00	   2.70
    447	400139	     65	   28.0	13060.0	12969.5	 0.2313	 100.00	   2.70
    448	400139	     65	   28.0	13062.0	12969.7	 0.2314	 100.00	   2.70
    449	400139	     65	   29.0	13065.0	12969.9	 0.2314	 100.00	   2.70
    450	400139	     65	   28.0	13061.0	12970.1	 0.2313	 100.00	   2.70
    451	400139	     65	   32.0	13061.0	12970.3	 0.2315	 100.00	   2.70
    452	400139	     65	   30.0	13057.0	12970.5	 0.2317	 100.00	   2.70
    453	400139	     65	   26.0	13055.0	12970.7	 0.2316	 100.00	   2.70
    454	400139	     65	   20.0	13061.0	12970.9	 0.2316	 100.00	   2.70
    455	400139	     65	   24.0	13065.0	12971.1	 0.2317	 100.00	   2.70
    456	400139	     65	   27.0	13060.0	12971.3	 0.2319	 100.00	   2.71
    457	400139	     65	   24.0	13060.0	12971.5	 0.2318	 100.00	   2.71
    458	400139	     65	   25.0	13057.0	12971.6	 0.2317	 100.00	   2.71
    459	400139	     65	   27.0	13062.0	12971.8	 0.2317	 100.00	   2.71
    460	400139	     65	   28.0	13056.0	12972.0	 0.2318	 100.00	   2.71
    461	400139	     65	   28.0	13062.0	12972.2	 0.2319	 100.00	   2.71
    462	400139	     65	   22.0	13066.0	12972.4	 0.2317	 100.00	   2.71
    463	400139	     65	   29.0	13067.0	12972.6	 0.2317	 100.00	   2.71
    464	400139	     65	   34.0	13049.0	12972.8	 0.2320	 100.00	   2.71
    465	400139	     65	   26.0	13059.0	12973.0	 0.2321	 100.00	   2.71
    466	400139	     65	   31.0	13054.0	12973.2	 0.2320	 100.00	   2.71
    467	400139	     65	   26.0	13066.0	12973.4	 0.2321	 100.00	   2.71
    468	400139	     65	   27.0	13063.0	12973.5	 0.2321	 100.00	   2.71
    469	400139	     65	   24.0	13057.0	12973.7	 0.2322	 100.00	   2.71
    470	400139	     65	   27.0	13064.0	12973.9	 0.2321	 100.00	   2.71
    471	400139	     65	   23.0	13061.0	12974.1	 0.2322	 100.00	   2.71
    472	400139	     65	   28.0	13055.0	12974.3	 0.2321	 100.00	   2.71
    473	400139	     65	   26.0	13059.0	12974.4	 0.2320	 100.00	   2.71
    474	400139	     65	   25.0	13058.0	12974.6	 0.2320	 100.00	   2.71
    475	400139	     65	   29.0	13067.0	12974.8	 0.2320	 100.00	   2.71
    476	400139	     65	   26.0	13063.0	12975.0	 0.2319	 100.00	   2.71
    477	400139	     65	   29.0	13066.0	12975.2	 0.2318	 100.00	   2.72
    478	400139	     65	   30.0	13060.0	12975.4	 0.2319	 100.00	   2.72
    479	400139	     65	   23.0	13055.0	12975.5	 0.2320	 100.00	   2.72
    480	400139	     65	   25.0	13056.0	12975.7	 0.2319	 100.00	   2.72
    481	400139	     65	   22.0	13070.0	12975.9	 0.2319	 100.00	   2.72
    482	400139	     65	   34.0	13052.0	12976.1	 0.2319	 100.00	   2.72
    483	400139	     65	   26.0	13060.0	12976.2	 0.2320	 100.00	   2.72
    484	400139	     65	   24.0	13058.0	12976.4	 0.2320	 100.00	   2.72
    485	400139	     65	   23.0	13055.0	12976.6	 0.2320	 100.00	   2.72
    486	400139	     65	   28.0	13059.0	12976.7	 0.2320	 100.00	   2.72
    487	400139	     65	   26.0	13067.0	12976.9	 0.2320	 100.00	   2.72
    488	400139	     65	   30.0	13059.0	12977.1	 0.2321	 100.00	   2.72
    489	400139	     65	   28.0	13061.0	12977.3	 0.2321	 100.00	   2.72
    490	400139	     65	   28.0	13059.0	12977.4	 0.2321	 100.00	   2.72
    491	400139	     65	   27.0	13064.0	12977.6	 0.2322	 100.00	   2.72
    492	400139	     65	   37.0	13053.0	12977.7	 0.2324	 100.00	   2.72
    493	400139	     65	   25.0	13056.0	12977.9	 0.2322	 100.00	   2.72
    494	400139	     65	   24.0	13060.0	12978.1	 0.2321	 100.00	   2.72
    495	400139	     65	   26.0	13056.0	12978.2	 0.2322	 100.00	   2.72
    496	400139	     65	   29.0	13055.0	12978.4	 0.2322	 100.00	   2.72
    497	400139	     65	   25.0	13060.0	12978.5	 0.2321	 100.00	   2.72
    498	400139	     65	   30.0	13058.0	12978.7	 0.2321	 100.00	   2.72
    499	400139	     65	   28.0	13060.0	12978.9	 0.2323	 100.00	   2.73
    500	400139	     65	   24.0	13054.0	12979.0	 0.2324	 100.00	   2.73
    501	400139	     65	   24.0	13060.0	12979.2	 0.2325	 100.00	   2.73
    502	400139	     65	   32.0	13052.0	12979.3	 0.2324	 100.00	   2.73
    503	400139	     65	   29.0	13063.0	12979.5	 0.2324	 100.00	   2.73
    504	400139	     65	   31.0	13054.0	12979.6	 0.2324	 100.00	   2.73
    505	400139	     65	   31.0	13055.0	12979.8	 0.2324	 100.00	   2.73
    506	400139	     65	   29.0	13056.0	12979.9	 0.2324	 100.00	   2.73
    507	400139	     65	   26.0	13058.0	12980.1	 0.2326	 100.00	   2.73
    508	400139	     65	   29.0	13063.0	12980.3	 0.2325	 100.00	   2.73
    509	400139	     65	   26.0	13063.0	12980.4	 0.2325	 100.00	   2.73
    510	400139	     65	   24.0	13065.0	12980.6	 0.2325	 100.00	   2.73
    511	400139	     65	   29.0	13058.0	12980.7	 0.2324	 100.00	   2.73
    512	400139	     65	   33.0	13049.0	12980.9	 0.2325	 100.00	   2.73
    513	400139	     65	   25.0	13062.0	12981.0	 0.2323	 100.00	   2.73
    514	400139	     65	   26.0	13056.0	12981.2	 0.2323	 100.00	   2.73
    515	400139	     65	   26.0	13060.0	12981.3	 0.2323	 100.00	   2.73
    516	400139	     65	   26.0	13060.0	12981.5	 0.2323	 100.00	   2.73
    517	400139	     65	   21.0	13061.0	12981.6	 0.2323	 100.00	   2.73
    518	400139	     65	   26.0	13059.0	12981.8	 0.2323	 100.00	   2.73
    519	400139	     65	   29.0	13058.0	12981.9	 0.2323	 100.00	   2.73
    520	400139	     65	   28.0	13056.0	12982.1	 0.2323	 100.00	   2.73
    521	400139	     65	   28.0	13062.0	12982.2	 0.2324	 100.00	   2.74
    522	400139	     65	   30.0	13060.0	12982.4	 0.2323	 100.00	   2.74
    523	400139	     65	   26.0	13054.0	12982.5	 0.2323	 100.00	   2.74
    524	400139	     65	   24.0	13058.0	12982.6	 0.2323	 100.00	   2.74
    525	400139	     65	   22.0	13056.0	12982.8	 0.2324	 100.00	   2.74
    526	400139	     65	   26.0	13066.0	12982.9	 0.2323	 100.00	   2.74
    527	400139	     65	   30.0	13062.0	12983.1	 0.2323	 100.00	   2.74
    528	400139	     65	   28.0	13058.0	12983.2	 0.2325	 100.00	   2.74
    529	400139	     65	   28.0	13062.0	12983.4	 0.2327	 100.00	   2.74
    530	400139	     65	   27.0	13063.0	12983.5	 0.2326	 100.00	   2.74
    531	400139	     65	   29.0	13062.0	12983.7	 0.2326	 100.00	   2.74
    532	400139	     65	   24.0	13060.0	12983.8	 0.2326	 100.00	   2.74
    533	400139	     65	   31.0	13059.0	12984.0	 0.2328	 100.00	   2.74
    534	400139	     65	   25.0	13062.0	12984.1	 0.2327	 100.00	   2.74
    535	400139	     65	   27.0	13061.0	12984.3	 0.2326	 100.00	   2.74
    536	400139	     65	   33.0	13062.0	12984.4	 0.2326	 100.00	   2.74
    537	400139	     65	   25.0	13065.0	12984.6	 0.2325	 100.00	   2.74
    538	400139	     65	   30.0	13059.0	12984.7	 0.2327	 100.00	   2.74
    539	400139	     65	   24.0	13061.0	12984.8	 0.2327	 100.00	   2.74
    540	400139	     65	   27.0	13062.0	12985.0	 0.2327	 100.00	   2.74
    541	400139	     65	   26.0	13064.0	12985.1	 0.2328	 100.00	   2.74
    542	400139	     65	   24.0	13070.0	12985.3	 0.2328	 100.00	   2.74
    543	400139	     65	   27.0	13067.0	12985.4	 0.2329	 100.00	   2.74
    544	400139	     65	   28.0	13055.0	12985.6	 0.2330	 100.00	   2.74
    545	400139	     65	   25.0	13062.0	12985.7	 0.2331	 100.00	   2.75
    546	400139	     65	   28.0	13060.0	12985.8	 0.2331	 100.00	   2.75
    547	400139	     65	   28.0	13060.0	12986.0	 0.2332	 100.00	   2.75
    548	400139	     65	   27.0	13059.0	12986.1	 0.2332	 100.00	   2.75
    549	400139	     65	   22.0	13063.0	12986.2	 0.2333	 100.00	   2.75
    550	400139	     65	   26.0	13061.0	12986.4	 0.2333	 100.00	   2.75
    551	400139	     65	   19.0	13066.0	12986.5	 0.2333	 100.00	   2.75
    552	400139	     65	   27.0	13065.0	12986.7	 0.2333	 100.00	   2.75
    553	400139	     65	   32.0	13055.0	12986.8	 0.2333	 100.00	   2.75
    554	400139	     65	   31.0	13060.0	12986.9	 0.2334	 100.00	   2.75
    555	400139	     65	   26.0	13064.0	12987.1	 0.2334	 100.00	   2.75
    556	400139	     65	   35.0	13053.0	12987.2	 0.2337	 100.00	   2.75
    557	400139	     65	   22.0	13061.0	12987.3	 0.2335	 100.00	   2.75
    558	400139	     65	   28.0	13065.0	12987.4	 0.2334	 100.00	   2.75
    559	400139	     65	   25.0	13062.0	12987.6	 0.2336	 100.00	   2.75
    560	400139	     65	   29.0	13061.0	12987.7	 0.2336	 100.00	   2.75
    561	400139	     65	   28.0	13061.0	12987.8	 0.2337	 100.00	   2.75
    562	400139	     65	   33.0	13060.0	12988.0	 0.2337	 100.00	   2.75
    563	400139	     65	   23.0	13067.0	12988.1	 0.2338	 100.00	   2.75
    564	400139	     65	   26.0	13057.0	12988.2	 0.2339	 100.00	   2.75
    565	400139	     65	   25.0	13060.0	12988.4	 0.2339	 100.00	   2.75
    566	400139	     65	   29.0	13069.0	12988.5	 0.2339	 100.00	   2.75
    567	400139	     65	   31.0	13062.0	12988.6	 0.2340	 100.00	   2.75
    568	400139	     65	   31.0	13055.0	12988.7	 0.2339	 100.00	   2.75
    569	400139	     65	   28.0	13059.0	12988.9	 0.2338	 100.00	   2.75
    570	400139	     65	   26.0	13061.0	12989.0	 0.2338	 100.00	   2.75
    571	400139	     65	   29.0	13064.0	12989.1	 0.2338	 100.00	   2.75
    572	400139	     65	   32.0	13060.0	12989.2	 0.2338	 100.00	   2.76
    573	400139	     65	   25.0	13067.0	12989.4	 0.2337	 100.00	   2.76
    574	400139	     65	   32.0	13059.0	12989.5	 0.2338	 100.00	   2.76
    575	400139	     65	   24.0	13063.0	12989.6	 0.2339	 100.00	   2.76
    576	400139	     65	   29.0	13054.0	12989.7	 0.2340	 100.00	   2.76
    577	400139	     65	   21.0	13059.0	12989.9	 0.2340	 100.00	   2.76
    578	400139	     65	   26.0	13053.0	12990.0	 0.2340	 100.00	   2.76
    579	400139	     65	   25.0	13060.0	12990.1	 0.2340	 100.00	   2.76
    580	400139	     65	   30.0	13058.0	12990.2	 0.2341	 100.00	   2.76
    581	400139	     65	   25.0	13063.0	12990.3	 0.2341	 100.00	   2.76
    582	400139	     65	   21.0	13056.0	12990.4	 0.2341	 100.00	   2.76
    583	400139	     65	   24.0	13066.0	12990.6	 0.2340	 100.00	   2.76
    584	400139	     65	   30.0	13056.0	12990.7	 0.2340	 100.00	   2.76
    585	400139	     65	   20.0	13060.0	12990.8	 0.2340	 100.00	   2.76
    586	400139	     65	   31.0	13063.0	12990.9	 0.2340	 100.00	   2.76
    587	400139	     65	   28.0	13065.0	12991.1	 0.2340	 100.00	   2.76
    588	400139	     65	   31.0	13062.0	12991.2	 0.2340	 100.00	   2.76
    589	400139	     65	   27.0	13067.0	12991.3	 0.2340	 100.00	   2.76
    590	400139	     65	   22.0	13067.0	12991.4	 0.2341	 100.00	   2.76
    591	400139	     65	   26.0	13065.0	12991.6	 0.2342	 100.00	   2.76
    592	400139	     65	   31.0	13056.0	12991.7	 0.2342	 100.00	   2.76
    593	400139	     65	   33.0	13061.0	12991.8	 0.2342	 100.00	   2.76
    594	400139	     65	   35.0	13052.0	12991.9	 0.2343	 100.00	   2.76
    595	400139	     65	   25.0	13063.0	12992.0	 0.2342	 100.00	   2.76
    596	400139	     65	   25.0	13062.0	12992.1	 0.2342	 100.00	   2.76
    597	400139	     65	   28.0	13058.0	12992.2	 0.2343	 100.00	   2.76
    598	400139	     65	   22.0	13064.0	12992.3	 0.2341	 100.00	   2.76
    599	400139	     65	   27.0	13067.0	12992.5	 0.2341	 100.00	   2.76
    600	400139	     65	   26.0	13057.0	12992.6	 0.2342	 100.00	   2.76
    601	400139	     65	   26.0	13061.0	12992.7	 0.2343	 100.00	   2.76
    602	400139	     65	   30.0	13059.0	12992.8	 0.2343	 100.00	   2.76
    603	400139	     65	   22.0	13065.0	12992.9	 0.2344	 100.00	   2.77
    604	400139	     65	   28.0	13067.0	12993.0	 0.2343	 100.00	   2.77
    605	400139	     65	   21.0	13068.0	12993.2	 0.2342	 100.00	   2.77
    606	400139	     65	   28.0	13064.0	12993.3	 0.2342	 100.00	   2.77
    607	400139	     65	   29.0	13065.0	12993.4	 0.2343	 100.00	   2.77
    608	400139	     65	   30.0	13063.0	12993.5	 0.2345	 100.00	   2.77
    609	400139	     65	   27.0	13062.0	12993.6	 0.2345	 100.00	   2.77
    610	400139	     65	   27.0	13059.0	12993.7	 0.2346	 100.00	   2.77
    611	400139	     65	   26.0	13063.0	12993.9	 0.2345	 100.00	   2.77
    612	400139	     65	   30.0	13065.0	12994.0	 0.2345	 100.00	   2.77
    613	400139	     65	   19.0	13070.0	12994.1	 0.2345	 100.00	   2.77
    614	400139	     65	   34.0	13062.0	12994.2	 0.2346	 100.00	   2.77
    615	400139	     65	   25.0	13063.0	12994.3	 0.2345	 100.00	   2.77
    616	400139	     65	   29.0	13056.0	12994.4	 0.2346	 100.00	   2.77
    617	400139	     65	   21.0	13061.0	12994.5	 0.2347	 100.00	   2.77
    618	400139	     65	   27.0	13062.0	12994.6	 0.2347	 100.00	   2.77
    619	400139	     65	   22.0	13058.0	12994.7	 0.2348	 100.00	   2.77
    620	400139	     65	   34.0	13062.0	12994.8	 0.2349	 100.00	   2.77
    621	400139	     65	   20.0	13064.0	12995.0	 0.2349	 100.00	   2.77
    622	400139	     65	   28.0	13062.0	12995.1	 0.2350	 100.00	   2.77
    623	400139	     65	   26.0	13062.0	12995.2	 0.2350	 100.00	   2.77
    624	400139	     65	   33.0	13059.0	12995.3	 0.2350	 100.00	   2.77
    625	400139	     65	   29.0	13060.0	12995.4	 0.2350	 100.00	   2.77
    626	400139	     65	   29.0	13061.0	12995.5	 0.2352	 100.00	   2.77
    627	400139	     65	   26.0	13069.0	12995.6	 0.2353	 100.00	   2.77
    628	400139	     65	   22.0	13059.0	12995.7	 0.2352	 100.00	   2.77
    629	400139	     65	   22.0	13065.0	12995.8	 0.2352	 100.00	   2.77
    630	400139	     65	   28.0	13061.0	12995.9	 0.2354	 100.00	   2.77
    631	400139	     65	   24.0	13063.0	12996.0	 0.2353	 100.00	   2.77
    632	400139	     65	   29.0	13060.0	12996.1	 0.2353	 100.00	   2.77
    633	400139	     65	   27.0	13061.0	12996.2	 0.2352	 100.00	   2.77
    634	400139	     65	   28.0	13067.0	12996.3	 0.2352	 100.00	   2.77
    635	400139	     65	   34.0	13059.0	12996.4	 0.2353	 100.00	   2.78
    636	400139	     65	   26.0	13065.0	12996.5	 0.2353	 100.00	   2.78
    637	400139	     65	   20.0	13061.0	12996.6	 0.2352	 100.00	   2.78
    638	400139	     65	   25.0	13068.0	12996.7	 0.2352	 100.00	   2.78
    639	400139	     65	   30.0	13064.0	12996.9	 0.2352	 100.00	   2.78
    640	400139	     65	   29.0	13055.0	12996.9	 0.2354	 100.00	   2.78
    641	400139	     65	   22.0	13065.0	12997.0	 0.2354	 100.00	   2.78
    642	400139	     65	   23.0	13060.0	12997.1	 0.2355	 100.00	   2.78
    643	400139	     65	   33.0	13069.0	12997.3	 0.2356	 100.00	   2.78
    644	400139	     65	   26.0	13065.0	12997.4	 0.2356	 100.00	   2.78
    645	400139	     65	   24.0	13067.0	12997.5	 0.2357	 100.00	   2.78
    646	400139	     65	   28.0	13063.0	12997.6	 0.2355	 100.00	   2.78
    647	400139	     65	   26.0	13069.0	12997.7	 0.2357	 100.00	   2.78
    648	400139	     65	   31.0	13058.0	12997.8	 0.2357	 100.00	   2.78
    649	400139	     65	   24.0	13066.0	12997.9	 0.2357	 100.00	   2.78
    650	400139	     65	   27.0	13065.0	12998.0	 0.2358	 100.00	   2.78
    651	400139	     65	   27.0	13068.0	12998.1	 0.2357	 100.00	   2.78
    652	400139	     65	   30.0	13068.0	12998.2	 0.2357	 100.00	   2.78
    653	400139	     65	   27.0	13063.0	12998.3	 0.2357	 100.00	   2.78
    654	400139	     65	   23.0	13072.0	12998.4	 0.2358	 100.00	   2.78
    655	400139	     65	   20.0	13068.0	12998.5	 0.2358	 100.00	   2.78
    656	400139	     65	   41.0	13045.0	12998.6	 0.2362	 100.00	   2.78
    657	400139	     65	   28.0	13057.0	12998.7	 0.2362	 100.00	   2.78
    658	400139	     65	   30.0	13053.0	12998.8	 0.2362	 100.00	   2.78
    659	400139	     65	   27.0	13056.0	12998.8	 0.2362	 100.00	   2.78
    660	400139	     65	   27.0	13055.0	12998.9	 0.2364	 100.00	   2.78
    661	400139	     65	   30.0	13053.0	12999.0	 0.2363	 100.00	   2.78
    662	400139	     65	   25.0	13064.0	12999.1	 0.2363	 100.00	   2.78
    663	400139	     65	   28.0	13060.0	12999.2	 0.2365	 100.00	   2.78
    664	400139	     65	   28.0	13054.0	12999.3	 0.2365	 100.00	   2.78
    665	400139	     65	   25.0	13059.0	12999.4	 0.2365	 100.00	   2.78
    666	400139	     65	   41.0	13052.0	12999.5	 0.2365	 100.00	   2.78
    667	400139	     65	   31.0	13061.0	12999.5	 0.2365	 100.00	   2.78
    668	400139	     65	   28.0	13059.0	12999.6	 0.2365	 100.00	   2.78
    669	400139	     65	   25.0	13062.0	12999.7	 0.2364	 100.00	   2.78
    670	400139	     65	   26.0	13060.0	12999.8	 0.2364	 100.00	   2.78
    671	400139	     65	   29.0	13055.0	12999.9	 0.2365	 100.00	   2.78
    672	400139	     65	   29.0	13056.0	13000.0	 0.2364	 100.00	   2.79
    673	400139	     65	   24.0	13060.0	13000.1	 0.2364	 100.00	   2.79
    674	400139	     65	   29.0	13055.0	13000.2	 0.2365	 100.00	   2.79
    675	400139	     65	   25.0	13060.0	13000.2	 0.2366	 100.00	   2.79
    676	400139	     65	   39.0	13049.0	13000.3	 0.2367	 100.00	   2.79
    677	400139	     65	   21.0	13056.0	13000.4	 0.2366	 100.00	   2.79
    678	400139	     65	   25.0	13063.0	13000.5	 0.2365	 100.00	   2.79
    679	400139	     65	   26.0	13061.0	13000.6	 0.2365	 100.00	   2.79
    680	400139	     65	   28.0	13059.0	13000.7	 0.2365	 100.00	   2.79
    681	400139	     65	   32.0	13055.0	13000.7	 0.2365	 100.00	   2.79
    682	400139	     65	   28.0	13057.0	13000.8	 0.2365	 100.00	   2.79
    683	400139	     65	   24.0	13061.0	13000.9	 0.2366	 100.00	   2.79
    684	400139	     65	   31.0	13060.0	13001.0	 0.2366	 100.00	   2.79
    685	400139	     65	   26.0	13062.0	13001.1	 0.2367	 100.00	   2.79
    686	400139	     65	   29.0	13057.0	13001.2	 0.2368	 100.00	   2.79
    687	400139	     65	   23.0	13058.0	13001.3	 0.2368	 100.00	   2.79
    688	400139	     65	   25.0	13053.0	13001.3	 0.2368	 100.00	   2.79
    689	400139	     65	   28.0	13063.0	13001.4	 0.2369	 100.00	   2.79
    690	400139	     65	   29.0	13054.0	13001.5	 0.2370	 100.00	   2.79
    691	400139	     65	   23.0	13063.0	13001.6	 0.2372	 100.00	   2.79
    692	400139	     65	   35.0	13062.0	13001.7	 0.2373	 100.00	   2.79
    693	400139	     65	   27.0	13055.0	13001.7	 0.2371	 100.00	   2.79
    694	400139	     65	   25.0	13060.0	13001.8	 0.2371	 100.00	   2.79
    695	400139	     65	   26.0	13068.0	13001.9	 0.2372	 100.00	   2.79
    696	400139	     65	   29.0	13065.0	13002.0	 0.2372	 100.00	   2.79
    697	400139	     65	   25.0	13054.0	13002.1	 0.2373	 100.00	   2.79
    698	400139	     65	   33.0	13061.0	13002.2	 0.2372	 100.00	   2.79
    699	400139	     65	   26.0	13061.0	13002.3	 0.2372	 100.00	   2.79
    700	400139	     65	   28.0	13055.0	13002.3	 0.2373	 100.00	   2.79
    701	400139	     65	   26.0	13063.0	13002.4	 0.2373	 100.00	   2.79
    702	400139	     65	   25.0	13066.0	13002.5	 0.2373	 100.00	   2.79
    703	400139	     65	   31.0	13061.0	13002.6	 0.2373	 100.00	   2.79
    704	400139	     65	   27.0	13056.0	13002.7	 0.2372	 100.00	   2.79
    705	400139	     65	   23.0	13055.0	13002.7	 0.2372	 100.00	   2.79
    706	400139	     65	   28.0	13055.0	13002.8	 0.2370	 100.00	   2.79
    707	400139	     65	   32.0	13067.0	13002.9	 0.2371	 100.00	   2.79
    708	400139	     65	   25.0	13058.0	13003.0	 0.2371	 100.00	   2.79
    709	400139	     65	   27.0	13057.0	13003.1	 0.2372	 100.00	   2.79
    710	400139	     65	   30.0	13061.0	13003.1	 0.2372	 100.00	   2.79
    711	400139	     65	   26.0	13061.0	13003.2	 0.2372	 100.00	   2.80
    712	400139	     65	   37.0	13060.0	13003.3	 0.2371	 100.00	   2.80
    713	400139	     65	   20.0	13058.0	13003.4	 0.2371	 100.00	   2.80
    714	400139	     65	   29.0	13065.0	13003.5	 0.2371	 100.00	   2.80
    715	400139	     65	   27.0	13066.0	13003.6	 0.2372	 100.00	   2.80
    716	400139	     65	   26.0	13054.0	13003.6	 0.2373	 100.00	   2.80
    717	400139	     65	   34.0	13058.0	13003.7	 0.2373	 100.00	   2.80
    718	400139	     65	   25.0	13061.0	13003.8	 0.2372	 100.00	   2.80
    719	400139	     65	   26.0	13063.0	13003.9	 0.2372	 100.00	   2.80
    720	400139	     65	   28.0	13061.0	13003.9	 0.2373	 100.00	   2.80
    721	400139	     65	   26.0	13067.0	13004.0	 0.2373	 100.00	   2.80
    722	400139	     65	   27.0	13060.0	13004.1	 0.2373	 100.00	   2.80
    723	400139	     65	   25.0	13063.0	13004.2	 0.2372	 100.00	   2.80
    724	400139	     65	   29.0	13054.0	13004.3	 0.2373	 100.00	   2.80
    725	400139	     65	   27.0	13063.0	13004.3	 0.2372	 100.00	   2.80
    726	400139	     65	   23.0	13062.0	13004.4	 0.2372	 100.00	   2.80
    727	400139	     65	   20.0	13064.0	13004.5	 0.2373	 100.00	   2.80
    728	400139	     65	   29.0	13061.0	13004.6	 0.2373	 100.00	   2.80
    729	400139	     65	   25.0	13058.0	13004.6	 0.2373	 100.00	   2.80
    730	400139	     65	   29.0	13059.0	13004.7	 0.2373	 100.00	   2.80
    731	400139	     65	   24.0	13061.0	13004.8	 0.2374	 100.00	   2.80
    732	400139	     65	   33.0	13068.0	13004.9	 0.2373	 100.00	   2.80
    733	400139	     65	   31.0	13055.0	13005.0	 0.2375	 100.00	   2.80
    734	400139	     65	   24.0	13063.0	13005.0	 0.2376	 100.00	   2.80
    735	400139	     65	   24.0	13053.0	13005.1	 0.2375	 100.00	   2.80
    736	400139	     65	   27.0	13060.0	13005.2	 0.2375	 100.00	   2.80
    737	400139	     65	   26.0	13064.0	13005.3	 0.2375	 100.00	   2.80
    738	400139	     65	   31.0	13053.0	13005.3	 0.2375	 100.00	   2.80
    739	400139	     65	   25.0	13060.0	13005.4	 0.2375	 100.00	   2.80
    740	400139	     65	   30.0	13054.0	13005.5	 0.2375	 100.00	   2.80
    741	400139	     65	   27.0	13053.0	13005.5	 0.2376	 100.00	   2.80
    742	400139	     65	   27.0	13052.0	13005.6	 0.2375	 100.00	   2.80
    743	400139	     65	   26.0	13058.0	13005.7	 0.2374	 100.00	   2.80
    744	400139	     65	   27.0	13057.0	13005.7	 0.2375	 100.00	   2.80
    745	400139	     65	   29.0	13060.0	13005.8	 0.2374	 100.00	   2.80
    746	400139	     65	   26.0	13066.0	13005.9	 0.2373	 100.00	   2.80
    747	400139	     65	   26.0	13062.0	13006.0	 0.2373	 100.00	   2.80
    748	400139	     65	   27.0	13059.0	13006.0	 0.2374	 100.00	   2.80
    749	400139	     65	   27.0	13054.0	13006.1	 0.2374	 100.00	   2.80
    750	400139	     65	   23.0	13067.0	13006.2	 0.2373	 100.00	   2.80
    751	400139	     65	   30.0	13063.0	13006.2	 0.2374	 100.00	   2.80
    752	400139	     65	   31.0	13058.0	13006.3	 0.2374	 100.00	   2.80
    753	400139	     65	   27.0	13063.0	13006.4	 0.2374	 100.00	   2.80
    754	400139	     65	   31.0	13062.0	13006.5	 0.2374	 100.00	   2.80
    755	400139	     65	   24.0	13060.0	13006.5	 0.2375	 100.00	   2.80
