./asc:main.c:294: warning: auxv random bytes were not cleared
  Round	    PC	Excited	Hamming	   Loss	 Regret	    MSE	  Error	   MIPS
      0	40010c	     51	12740.0	12740.0	12740.0	 0.2026	 100.00	0.06713
      1	400145	     51	  294.0	13028.0	 6514.0	 0.1815	 100.00	0.15781
      2	400145	     51	   12.0	13032.0	 4344.0	 0.2170	 100.00	0.23498
      3	400145	     51	   17.0	13037.0	 3259.2	 0.2682	 100.00	0.31500
      4	400145	     51	   15.0	13030.0	 5213.4	 0.2533	 100.00	0.39276
      5	400145	     51	   15.0	13033.0	 6516.7	 0.2709	 100.00	0.46298
      6	400145	     51	   18.0	13031.0	 7447.3	 0.2558	 100.00	0.53082
      7	400145	     51	   14.0	13031.0	 8145.2	 0.2581	 100.00	0.59483
      8	400145	     51	   13.0	13036.0	 8688.7	 0.2604	 100.00	0.65541
      9	400145	     51	   17.0	13035.0	 9123.3	 0.2550	 100.00	0.70367
     10	400145	     51	   10.0	13039.0	 9479.3	 0.2582	 100.00	0.76618
     11	400145	     51	   18.0	13037.0	 9775.8	 0.2564	 100.00	0.81933
     12	400145	     51	   22.0	13033.0	10026.3	 0.2571	 100.00	0.86971
     13	400145	     51	   18.0	13035.0	10241.2	 0.2595	 100.00	0.91705
     14	400145	     51	   12.0	13033.0	10427.3	 0.2574	 100.00	0.96227
     15	400145	     51	   15.0	13038.0	10590.5	 0.2627	 100.00	   1.01
     16	400145	     51	   18.0	13034.0	10734.2	 0.2617	 100.00	   1.05
     17	400145	     51	    8.0	13036.0	10862.1	 0.2586	 100.00	   1.09
     18	400145	     51	   17.0	13035.0	10976.5	 0.2574	 100.00	   1.13
     19	400145	     51	   21.0	13044.0	11079.9	 0.2538	 100.00	   1.16
     20	400145	     51	   15.0	13037.0	11173.0	 0.2545	 100.00	   1.20
     21	400145	     51	   16.0	13035.0	11257.7	 0.2578	 100.00	   1.23
     22	400145	     51	   18.0	13029.0	11334.7	 0.2555	 100.00	   1.26
     23	400145	     51	   15.0	13036.0	11405.6	 0.2546	 100.00	   1.29
     24	400145	     51	   17.0	13025.0	11470.4	 0.2532	 100.00	   1.33
     25	400145	     51	   11.0	13034.0	11530.5	 0.2523	 100.00	   1.35
     26	400145	     51	   23.0	13033.0	11586.1	 0.2565	 100.00	   1.38
     27	400145	     51	    9.0	13032.0	11637.8	 0.2573	 100.00	   1.41
     28	400145	     51	   23.0	13039.0	11686.1	 0.2570	 100.00	   1.44
     29	400145	     51	   24.0	13035.0	11731.1	 0.2578	 100.00	   1.46
     30	400145	     51	   13.0	13032.0	11773.0	 0.2554	 100.00	   1.49
     31	400145	     51	   20.0	13036.0	11812.5	 0.2542	 100.00	   1.51
     32	400145	     51	   14.0	13032.0	11849.5	 0.2535	 100.00	   1.53
     33	400145	     51	   15.0	13039.0	11884.4	 0.2547	 100.00	   1.56
     34	400145	     51	   17.0	13038.0	11917.4	 0.2571	 100.00	   1.58
     35	400145	     51	   20.0	13036.0	11948.5	 0.2546	 100.00	   1.60
     36	400145	     51	   19.0	13041.0	11978.0	 0.2548	 100.00	   1.62
     37	400145	     51	   17.0	13042.0	12006.0	 0.2541	 100.00	   1.64
     38	400145	     51	   12.0	13038.0	12032.5	 0.2523	 100.00	   1.66
     39	400145	     51	   17.0	13035.0	12057.5	 0.2506	 100.00	   1.67
     40	400145	     51	   14.0	13035.0	12081.4	 0.2508	 100.00	   1.69
     41	400145	     51	   20.0	13035.0	12104.1	 0.2507	 100.00	   1.71
     42	400145	     51	   18.0	13035.0	12125.7	 0.2490	 100.00	   1.73
     43	400145	     51	   19.0	13040.0	12146.5	 0.2492	 100.00	   1.74
     44	400145	     51	   19.0	13031.0	12166.2	 0.2479	 100.00	   1.76
     45	400145	     51	   17.0	13038.0	12185.1	 0.2469	 100.00	   1.78
     46	400145	     51	   16.0	13040.0	12203.3	 0.2482	 100.00	   1.79
     47	400145	     51	   17.0	13039.0	12220.7	 0.2478	 100.00	   1.81
     48	400145	     51	   22.0	13035.0	12237.3	 0.2511	 100.00	   1.82
     49	400145	     51	   15.0	13034.0	12253.3	 0.2543	 100.00	   1.83
     50	400145	     51	   22.0	13032.0	12268.5	 0.2536	 100.00	   1.85
     51	400145	     51	   17.0	13037.0	12283.3	 0.2544	 100.00	   1.86
     52	400145	     51	   22.0	13035.0	12297.5	 0.2548	 100.00	   1.87
     53	400145	     51	   22.0	13031.0	12311.1	 0.2551	 100.00	   1.89
     54	400145	     51	   21.0	13038.0	12324.3	 0.2534	 100.00	   1.90
     55	400145	     51	   17.0	13043.0	12337.1	 0.2533	 100.00	   1.91
     56	400145	     51	   18.0	13035.0	12349.4	 0.2528	 100.00	   1.92
     57	400145	     51	   21.0	13038.0	12361.2	 0.2515	 100.00	   1.94
     58	400145	     51	   15.0	13033.0	12372.6	 0.2500	 100.00	   1.94
     59	400145	     51	   18.0	13035.0	12383.7	 0.2499	 100.00	   1.96
     60	400145	     51	   21.0	13044.0	12394.5	 0.2502	 100.00	   1.97
     61	400145	     51	   11.0	13041.0	12404.9	 0.2489	 100.00	   1.98
     62	400145	     51	   27.0	13040.0	12415.0	 0.2498	 100.00	   1.99
     63	400145	     51	   21.0	13035.0	12424.7	 0.2491	 100.00	   2.00
     64	400145	     51	   17.0	13032.0	12434.0	 0.2496	 100.00	   2.01
     65	400145	     51	   17.0	13037.0	12443.2	 0.2489	 100.00	   2.02
     66	400145	     51	   20.0	13045.0	12452.1	 0.2502	 100.00	   2.03
     67	400145	     51	   32.0	13035.0	12460.7	 0.2502	 100.00	   2.04
     68	400145	     51	   13.0	13030.0	12469.0	 0.2507	 100.00	   2.05
     69	400145	     51	    9.0	13035.0	12477.1	 0.2524	 100.00	   2.05
     70	400145	     51	   19.0	13044.0	12485.0	 0.2516	 100.00	   2.06
     71	400145	     51	   16.0	13042.0	12492.8	 0.2519	 100.00	   2.07
     72	400145	     51	   17.0	13031.0	12500.2	 0.2524	 100.00	   2.08
     73	400145	     51	   11.0	13028.0	12507.3	 0.2526	 100.00	   2.09
     74	400145	     51	   20.0	13042.0	12514.4	 0.2530	 100.00	   2.10
     75	400145	     51	   22.0	13040.0	12521.3	 0.2530	 100.00	   2.11
     76	400145	     51	   18.0	13040.0	12528.1	 0.2527	 100.00	   2.11
     77	400145	     51	   19.0	13033.0	12534.5	 0.2538	 100.00	   2.12
     78	400145	     51	   14.0	13041.0	12540.9	 0.2541	 100.00	   2.13
     79	400145	     51	   11.0	13038.0	12547.2	 0.2544	 100.00	   2.13
     80	400145	     51	   21.0	13039.0	12553.2	 0.2539	 100.00	   2.14
     81	400145	     51	   12.0	13045.0	12559.2	 0.2534	 100.00	   2.15
     82	400145	     51	   28.0	13037.0	12565.0	 0.2537	 100.00	   2.16
     83	400145	     51	   21.0	13042.0	12570.7	 0.2551	 100.00	   2.16
     84	400145	     51	   19.0	13031.0	12576.1	 0.2553	 100.00	   2.17
     85	400145	     51	   15.0	13038.0	12581.5	 0.2544	 100.00	   2.18
     86	400145	     51	   16.0	13042.0	12586.7	 0.2542	 100.00	   2.18
     87	400145	     51	   11.0	13045.0	12592.0	 0.2555	 100.00	   2.19
     88	400145	     51	   26.0	13037.0	12597.0	 0.2567	 100.00	   2.20
     89	400145	     51	   19.0	13034.0	12601.8	 0.2574	 100.00	   2.20
     90	400145	     51	   14.0	13038.0	12606.6	 0.2571	 100.00	   2.21
     91	400145	     51	   19.0	13039.0	12611.3	 0.2574	 100.00	   2.21
     92	400145	     51	   15.0	13042.0	12615.9	 0.2572	 100.00	   2.22
     93	400145	     51	   16.0	13042.0	12620.5	 0.2578	 100.00	   2.23
     94	400145	     51	   11.0	13045.0	12624.9	 0.2570	 100.00	   2.23
     95	400145	     51	   22.0	13035.0	12629.2	 0.2579	 100.00	   2.24
     96	400145	     51	   16.0	13037.0	12633.4	 0.2579	 100.00	   2.24
     97	400145	     51	   15.0	13040.0	12637.6	 0.2584	 100.00	   2.25
     98	400145	     51	   16.0	13036.0	12641.6	 0.2583	 100.00	   2.25
     99	400145	     51	   18.0	13040.0	12645.6	 0.2579	 100.00	   2.26
    100	400145	     51	   20.0	13040.0	12649.5	 0.2578	 100.00	   2.26
    101	400145	     51	   17.0	13037.0	12653.3	 0.2575	 100.00	   2.27
    102	400145	     51	   20.0	13041.0	12657.0	 0.2582	 100.00	   2.27
    103	400145	     51	   30.0	13041.0	12660.7	 0.2589	 100.00	   2.28
    104	400145	     51	   14.0	13033.0	12664.3	 0.2596	 100.00	   2.28
    105	400145	     51	   24.0	13041.0	12667.8	 0.2598	 100.00	   2.29
    106	400145	     51	   22.0	13041.0	12671.3	 0.2597	 100.00	   2.29
    107	400145	     51	   17.0	13044.0	12674.8	 0.2594	 100.00	   2.30
    108	400145	     51	   26.0	13044.0	12678.2	 0.2596	 100.00	   2.30
    109	400145	     51	   23.0	13033.0	12681.4	 0.2593	 100.00	   2.31
    110	400145	     51	   14.0	13041.0	12684.6	 0.2588	 100.00	   2.31
    111	400145	     51	   20.0	13041.0	12687.8	 0.2592	 100.00	   2.32
    112	400145	     51	   18.0	13037.0	12690.9	 0.2590	 100.00	   2.32
    113	400145	     51	   17.0	13046.0	12694.0	 0.2594	 100.00	   2.33
    114	400145	     51	   24.0	13034.0	12697.0	 0.2589	 100.00	   2.33
    115	400145	     51	   11.0	13037.0	12699.9	 0.2586	 100.00	   2.34
    116	400145	     51	   18.0	13043.0	12702.8	 0.2590	 100.00	   2.34
    117	400145	     51	   20.0	13041.0	12705.7	 0.2590	 100.00	   2.34
    118	400145	     51	   22.0	13043.0	12708.5	 0.2592	 100.00	   2.35
    119	400145	     51	   27.0	13038.0	12711.3	 0.2591	 100.00	   2.35
    120	400145	     51	   18.0	13042.0	12714.0	 0.2591	 100.00	   2.36
    121	400145	     51	   22.0	13044.0	12716.7	 0.2590	 100.00	   2.36
    122	400145	     51	   23.0	13043.0	12719.4	 0.2585	 100.00	   2.36
    123	400145	     51	   24.0	13039.0	12721.9	 0.2587	 100.00	   2.37
    124	400145	     51	   17.0	13036.0	12724.5	 0.2604	 100.00	   2.37
    125	400145	     51	   21.0	13039.0	12727.0	 0.2603	 100.00	   2.38
    126	400145	     51	   30.0	13039.0	12729.4	 0.2606	 100.00	   2.38
    127	400145	     51	   15.0	13040.0	12731.8	 0.2602	 100.00	   2.38
    128	400145	     51	   24.0	13038.0	12734.2	 0.2596	 100.00	   2.39
    129	400145	     51	   13.0	13039.0	12736.6	 0.2600	 100.00	   2.39
    130	400145	     51	   14.0	13041.0	12738.9	 0.2607	 100.00	   2.39
    131	400145	     51	   25.0	13042.0	12741.2	 0.2610	 100.00	   2.40
    132	400145	     51	   19.0	13039.0	12743.4	 0.2614	 100.00	   2.40
    133	400145	     51	   19.0	13042.0	12745.6	 0.2614	 100.00	   2.40
    134	400145	     51	   29.0	13041.0	12747.8	 0.2615	 100.00	   2.41
    135	400145	     51	   16.0	13043.0	12750.0	 0.2618	 100.00	   2.41
    136	400145	     51	   21.0	13040.0	12752.1	 0.2618	 100.00	   2.41
    137	400145	     51	   17.0	13047.0	12754.3	 0.2613	 100.00	   2.42
    138	400145	     51	   10.0	13047.0	12756.4	 0.2614	 100.00	   2.42
    139	400145	     51	   17.0	13038.0	12758.4	 0.2619	 100.00	   2.42
    140	400145	     51	   22.0	13042.0	12760.4	 0.2617	 100.00	   2.42
    141	400145	     51	   16.0	13038.0	12762.3	 0.2615	 100.00	   2.43
    142	400145	     51	   26.0	13046.0	12764.3	 0.2613	 100.00	   2.43
    143	400145	     51	   13.0	13045.0	12766.3	 0.2613	 100.00	   2.43
    144	400145	     51	   14.0	13037.0	12768.1	 0.2632	 100.00	   2.44
    145	400145	     51	   18.0	13037.0	12770.0	 0.2631	 100.00	   2.44
    146	400145	     51	   19.0	13038.0	12771.8	 0.2632	 100.00	   2.44
    147	400145	     51	   17.0	13039.0	12773.6	 0.2634	 100.00	   2.45
    148	400145	     51	    9.0	13042.0	12775.4	 0.2626	 100.00	   2.45
    149	400145	     51	   26.0	13038.0	12777.2	 0.2629	 100.00	   2.45
    150	400145	     51	   18.0	13032.0	12778.8	 0.2627	 100.00	   2.45
    151	400145	     51	   19.0	13043.0	12780.6	 0.2632	 100.00	   2.46
    152	400145	     51	   21.0	13036.0	12782.3	 0.2637	 100.00	   2.46
    153	400145	     51	   11.0	13041.0	12783.9	 0.2634	 100.00	   2.46
    154	400145	     51	   22.0	13045.0	12785.6	 0.2641	 100.00	   2.47
    155	400145	     51	   19.0	13038.0	12787.2	 0.2639	 100.00	   2.47
    156	400145	     51	   21.0	13043.0	12788.9	 0.2643	 100.00	   2.47
    157	400145	     51	   14.0	13045.0	12790.5	 0.2651	 100.00	   2.47
    158	400145	     51	   25.0	13038.0	12792.0	 0.2662	 100.00	   2.48
    159	400145	     51	   23.0	13043.0	12793.6	 0.2658	 100.00	   2.48
    160	400145	     51	   16.0	13041.0	12795.1	 0.2654	 100.00	   2.48
    161	400145	     51	   19.0	13040.0	12796.7	 0.2659	 100.00	   2.48
    162	400145	     51	   21.0	13043.0	12798.2	 0.2657	 100.00	   2.49
    163	400145	     51	   24.0	13049.0	12799.7	 0.2651	 100.00	   2.49
    164	400145	     51	   30.0	13039.0	12801.2	 0.2659	 100.00	   2.49
    165	400145	     51	   21.0	13044.0	12802.6	 0.2660	 100.00	   2.49
    166	400145	     51	   16.0	13040.0	12804.0	 0.2657	 100.00	   2.49
    167	400145	     51	   17.0	13045.0	12805.5	 0.2657	 100.00	   2.50
    168	400145	     51	   14.0	13041.0	12806.9	 0.2664	 100.00	   2.50
    169	400145	     51	   25.0	13032.0	12808.2	 0.2664	 100.00	   2.50
    170	400145	     51	   14.0	13040.0	12809.5	 0.2659	 100.00	   2.50
    171	400145	     51	   19.0	13041.0	12810.9	 0.2657	 100.00	   2.51
    172	400145	     51	   21.0	13042.0	12812.2	 0.2666	 100.00	   2.51
    173	400145	     51	   13.0	13041.0	12813.5	 0.2665	 100.00	   2.51
    174	400145	     51	   22.0	13041.0	12814.8	 0.2668	 100.00	   2.51
    175	400145	     51	   22.0	13039.0	12816.1	 0.2667	 100.00	   2.52
    176	400145	     51	   22.0	13039.0	12817.4	 0.2667	 100.00	   2.52
    177	400145	     51	   23.0	13038.0	12818.6	 0.2665	 100.00	   2.52
    178	400145	     51	   18.0	13036.0	12819.8	 0.2664	 100.00	   2.52
    179	400145	     51	    9.0	13041.0	12821.1	 0.2668	 100.00	   2.52
    180	400145	     51	   23.0	13038.0	12822.3	 0.2664	 100.00	   2.52
    181	400145	     51	   24.0	13036.0	12823.4	 0.2662	 100.00	   2.52
    182	400145	     51	   25.0	13043.0	12824.6	 0.2665	 100.00	   2.53
    183	400145	     51	   19.0	13046.0	12825.8	 0.2663	 100.00	   2.53
    184	400145	     51	   14.0	13042.0	12827.0	 0.2666	 100.00	   2.53
    185	400145	     51	   23.0	13039.0	12828.1	 0.2671	 100.00	   2.53
    186	400145	     51	   23.0	13038.0	12829.3	 0.2673	 100.00	   2.53
    187	400145	     51	   20.0	13038.0	12830.4	 0.2671	 100.00	   2.54
    188	400145	     51	   25.0	13035.0	12831.5	 0.2670	 100.00	   2.54
    189	400145	     51	   15.0	13040.0	12832.6	 0.2672	 100.00	   2.54
    190	400145	     51	   25.0	13041.0	12833.6	 0.2677	 100.00	   2.54
    191	400145	     51	   19.0	13042.0	12834.7	 0.2675	 100.00	   2.54
    192	400145	     51	   21.0	13035.0	12835.8	 0.2671	 100.00	   2.55
    193	400145	     51	   21.0	13040.0	12836.8	 0.2674	 100.00	   2.55
    194	400145	     51	   18.0	13042.0	12837.9	 0.2671	 100.00	   2.55
    195	400145	     51	   27.0	13037.0	12838.9	 0.2673	 100.00	   2.55
    196	400145	     51	   25.0	13040.0	12839.9	 0.2669	 100.00	   2.55
    197	400145	     51	   19.0	13043.0	12840.9	 0.2675	 100.00	   2.55
    198	400145	     51	   23.0	13040.0	12841.9	 0.2671	 100.00	   2.56
    199	400145	     51	   22.0	13036.0	12842.9	 0.2673	 100.00	   2.56
    200	400145	     51	   22.0	13040.0	12843.9	 0.2675	 100.00	   2.56
    201	400145	     51	   15.0	13041.0	12844.9	 0.2672	 100.00	   2.56
    202	400145	     51	   18.0	13041.0	12845.8	 0.2676	 100.00	   2.56
    203	400145	     51	   20.0	13041.0	12846.8	 0.2675	 100.00	   2.57
    204	400145	     51	   22.0	13045.0	12847.8	 0.2678	 100.00	   2.57
    205	400145	     51	   30.0	13043.0	12848.7	 0.2683	 100.00	   2.57
    206	400145	     51	   24.0	13037.0	12849.6	 0.2683	 100.00	   2.57
    207	400145	     51	   19.0	13038.0	12850.5	 0.2683	 100.00	   2.57
    208	400145	     51	   19.0	13037.0	12851.4	 0.2684	 100.00	   2.57
    209	400145	     51	   28.0	13043.0	12852.3	 0.2684	 100.00	   2.58
    210	400145	     51	   20.0	13035.0	12853.2	 0.2690	 100.00	   2.58
    211	400145	     51	   23.0	13034.0	12854.0	 0.2693	 100.00	   2.58
    212	400145	     51	   21.0	13041.0	12854.9	 0.2692	 100.00	   2.58
    213	400145	     51	   29.0	13038.0	12855.8	 0.2692	 100.00	   2.58
    214	400145	     51	   22.0	13044.0	12856.6	 0.2697	 100.00	   2.58
    215	400145	     51	   19.0	13039.0	12857.5	 0.2699	 100.00	   2.58
    216	400145	     51	   27.0	13034.0	12858.3	 0.2699	 100.00	   2.59
    217	400145	     51	   19.0	13043.0	12859.2	 0.2700	 100.00	   2.59
    218	400145	     51	   24.0	13037.0	12860.0	 0.2699	 100.00	   2.59
    219	400145	     51	   17.0	13036.0	12860.8	 0.2703	 100.00	   2.59
    220	400145	     51	   21.0	13037.0	12861.6	 0.2702	 100.00	   2.59
    221	400145	     51	   15.0	13034.0	12862.3	 0.2700	 100.00	   2.59
    222	400145	     51	   23.0	13041.0	12863.1	 0.2698	 100.00	   2.59
    223	400145	     51	   20.0	13049.0	12864.0	 0.2699	 100.00	   2.60
    224	400145	     51	   22.0	13033.0	12864.7	 0.2699	 100.00	   2.60
    225	400145	     51	   15.0	13040.0	12865.5	 0.2697	 100.00	   2.60
    226	400145	     51	   24.0	13044.0	12866.3	 0.2697	 100.00	   2.60
    227	400145	     51	   22.0	13044.0	12867.1	 0.2698	 100.00	   2.60
    228	400145	     51	   32.0	13040.0	12867.8	 0.2698	 100.00	   2.60
    229	400145	     51	   23.0	13039.0	12868.6	 0.2700	 100.00	   2.60
    230	400145	     51	   28.0	13047.0	12869.3	 0.2701	 100.00	   2.61
    231	400145	     51	   28.0	13041.0	12870.1	 0.2698	 100.00	   2.61
    232	400145	     51	   30.0	13045.0	12870.8	 0.2695	 100.00	   2.61
    233	400145	     51	   26.0	13035.0	12871.5	 0.2697	 100.00	   2.61
    234	400145	     51	   16.0	13045.0	12872.3	 0.2697	 100.00	   2.61
    235	400145	     51	   13.0	13044.0	12873.0	 0.2698	 100.00	   2.61
    236	400145	     51	   19.0	13043.0	12873.7	 0.2702	 100.00	   2.61
    237	400145	     51	   15.0	13048.0	12874.4	 0.2703	 100.00	   2.62
    238	400145	     51	   18.0	13048.0	12875.2	 0.2702	 100.00	   2.62
    239	400145	     51	   18.0	13046.0	12875.9	 0.2703	 100.00	   2.62
    240	400145	     51	   20.0	13048.0	12876.6	 0.2709	 100.00	   2.62
    241	400145	     51	   14.0	13044.0	12877.3	 0.2711	 100.00	   2.62
    242	400145	     51	   30.0	13038.0	12877.9	 0.2710	 100.00	   2.62
    243	400145	     51	   15.0	13045.0	12878.6	 0.2709	 100.00	   2.62
    244	400145	     51	   24.0	13045.0	12879.3	 0.2711	 100.00	   2.62
    245	400145	     51	   22.0	13045.0	12880.0	 0.2711	 100.00	   2.63
    246	400145	     51	   32.0	13041.0	12880.6	 0.2714	 100.00	   2.63
    247	400145	     51	   25.0	13042.0	12881.3	 0.2715	 100.00	   2.63
    248	400145	     51	   24.0	13036.0	12881.9	 0.2713	 100.00	   2.63
    249	400145	     51	   16.0	13036.0	12882.5	 0.2714	 100.00	   2.63
    250	400145	     51	   19.0	13039.0	12883.1	 0.2714	 100.00	   2.63
    251	400145	     51	   21.0	13042.0	12883.8	 0.2713	 100.00	   2.63
    252	400145	     51	   17.0	13043.0	12884.4	 0.2716	 100.00	   2.63
    253	400145	     51	   21.0	13054.0	12885.1	 0.2722	 100.00	   2.64
    254	400145	     51	   14.0	13046.0	12885.7	 0.2725	 100.00	   2.64
    255	400145	     51	   15.0	13043.0	12886.3	 0.2729	 100.00	   2.64
    256	400145	     51	   21.0	13036.0	12886.9	 0.2729	 100.00	   2.64
    257	400145	     51	   19.0	13035.0	12887.5	 0.2728	 100.00	   2.64
    258	400145	     51	   14.0	13041.0	12888.1	 0.2730	 100.00	   2.64
    259	400145	     51	   19.0	13040.0	12888.7	 0.2728	 100.00	   2.64
    260	400145	     51	   21.0	13043.0	12889.2	 0.2733	 100.00	   2.64
    261	400145	     51	    9.0	13044.0	12889.8	 0.2732	 100.00	   2.64
    262	400145	     51	   22.0	13042.0	12890.4	 0.2735	 100.00	   2.64
    263	400145	     51	   24.0	13044.0	12891.0	 0.2731	 100.00	   2.65
    264	400145	     51	   15.0	13043.0	12891.6	 0.2730	 100.00	   2.65
    265	400145	     51	   15.0	13036.0	12892.1	 0.2734	 100.00	   2.65
    266	400145	     51	   24.0	13046.0	12892.7	 0.2739	 100.00	   2.65
    267	400145	     51	   25.0	13041.0	12893.2	 0.2742	 100.00	   2.65
    268	400145	     51	   28.0	13039.0	12893.8	 0.2741	 100.00	   2.65
    269	400145	     51	   22.0	13045.0	12894.3	 0.2744	 100.00	   2.65
    270	400145	     51	   14.0	13049.0	12894.9	 0.2745	 100.00	   2.65
    271	400145	     51	   11.0	13046.0	12895.5	 0.2744	 100.00	   2.65
    272	400145	     51	   18.0	13046.0	12896.0	 0.2746	 100.00	   2.65
    273	400145	     51	   16.0	13048.0	12896.6	 0.2746	 100.00	   2.66
    274	400145	     51	   13.0	13047.0	12897.1	 0.2744	 100.00	   2.66
    275	400145	     51	   17.0	13040.0	12897.6	 0.2742	 100.00	   2.66
    276	400145	     51	   15.0	13045.0	12898.2	 0.2739	 100.00	   2.66
    277	400145	     51	   29.0	13046.0	12898.7	 0.2741	 100.00	   2.66
    278	400145	     51	   16.0	13038.0	12899.2	 0.2741	 100.00	   2.66
    279	400145	     51	   15.0	13049.0	12899.7	 0.2739	 100.00	   2.66
    280	400145	     51	   29.0	13042.0	12900.2	 0.2739	 100.00	   2.66
    281	400145	     51	   11.0	13043.0	12900.8	 0.2740	 100.00	   2.66
    282	400145	     51	   27.0	13046.0	12901.3	 0.2737	 100.00	   2.66
    283	400145	     51	   21.0	13045.0	12901.8	 0.2736	 100.00	   2.67
    284	400145	     51	   19.0	13044.0	12902.3	 0.2733	 100.00	   2.67
    285	400145	     51	   24.0	13040.0	12902.8	 0.2734	 100.00	   2.67
    286	400145	     51	   21.0	13041.0	12903.2	 0.2738	 100.00	   2.67
    287	400145	     51	   26.0	13039.0	12903.7	 0.2735	 100.00	   2.67
    288	400145	     51	   22.0	13043.0	12904.2	 0.2740	 100.00	   2.67
    289	400145	     51	   21.0	13040.0	12904.7	 0.2741	 100.00	   2.67
    290	400145	     51	   21.0	13047.0	12905.1	 0.2747	 100.00	   2.67
    291	400145	     51	   16.0	13041.0	12905.6	 0.2749	 100.00	   2.67
    292	400145	     51	   25.0	13044.0	12906.1	 0.2743	 100.00	   2.67
    293	400145	     51	   23.0	13043.0	12906.5	 0.2744	 100.00	   2.67
    294	400145	     51	   26.0	13045.0	12907.0	 0.2747	 100.00	   2.67
    295	400145	     51	   13.0	13042.0	12907.5	 0.2748	 100.00	   2.68
    296	400145	     51	   20.0	13044.0	12907.9	 0.2745	 100.00	   2.68
    297	400145	     51	   24.0	13036.0	12908.4	 0.2748	 100.00	   2.68
    298	400145	     51	   14.0	13036.0	12908.8	 0.2750	 100.00	   2.68
    299	400145	     51	   15.0	13041.0	12909.2	 0.2744	 100.00	   2.68
    300	400145	     51	   23.0	13044.0	12909.7	 0.2747	 100.00	   2.68
    301	400145	     51	   17.0	13047.0	12910.1	 0.2746	 100.00	   2.68
    302	400145	     51	   20.0	13053.0	12910.6	 0.2744	 100.00	   2.68
    303	400145	     51	   15.0	13046.0	12911.0	 0.2749	 100.00	   2.68
    304	400145	     51	   28.0	13040.0	12911.5	 0.2752	 100.00	   2.68
    305	400145	     51	   25.0	13041.0	12911.9	 0.2751	 100.00	   2.68
    306	400145	     51	   22.0	13043.0	12912.3	 0.2752	 100.00	   2.69
    307	400145	     51	   15.0	13042.0	12912.7	 0.2753	 100.00	   2.69
    308	400145	     51	   23.0	13039.0	12913.2	 0.2754	 100.00	   2.69
    309	400145	     51	   20.0	13049.0	12913.6	 0.2754	 100.00	   2.69
    310	400145	     51	   19.0	13046.0	12914.0	 0.2754	 100.00	   2.69
    311	400145	     51	   17.0	13043.0	12914.4	 0.2756	 100.00	   2.69
    312	400145	     51	   18.0	13043.0	12914.8	 0.2757	 100.00	   2.69
    313	400145	     51	   23.0	13048.0	12915.3	 0.2759	 100.00	   2.69
    314	400145	     51	   19.0	13043.0	12915.7	 0.2762	 100.00	   2.69
    315	400145	     51	   18.0	13049.0	12916.1	 0.2760	 100.00	   2.69
    316	400145	     51	   27.0	13040.0	12916.5	 0.2760	 100.00	   2.69
    317	400145	     51	   23.0	13049.0	12916.9	 0.2758	 100.00	   2.69
    318	400145	     51	   24.0	13047.0	12917.3	 0.2760	 100.00	   2.69
    319	400145	     51	   19.0	13044.0	12917.7	 0.2763	 100.00	   2.70
    320	400145	     51	   23.0	13039.0	12918.1	 0.2763	 100.00	   2.70
    321	400145	     51	   21.0	13044.0	12918.5	 0.2765	 100.00	   2.70
    322	400145	     51	   26.0	13034.0	12918.8	 0.2762	 100.00	   2.70
    323	400145	     51	   22.0	13050.0	12919.2	 0.2764	 100.00	   2.70
    324	400145	     51	   25.0	13041.0	12919.6	 0.2763	 100.00	   2.70
    325	400145	     51	   19.0	13044.0	12920.0	 0.2763	 100.00	   2.70
    326	400145	     51	   15.0	13049.0	12920.4	 0.2765	 100.00	   2.70
    327	400145	     51	   20.0	13039.0	12920.7	 0.2764	 100.00	   2.70
    328	400145	     51	   26.0	13035.0	12921.1	 0.2768	 100.00	   2.70
    329	400145	     51	   29.0	13042.0	12921.5	 0.2770	 100.00	   2.70
    330	400145	     51	   18.0	13042.0	12921.8	 0.2772	 100.00	   2.70
    331	400145	     51	   22.0	13036.0	12922.2	 0.2772	 100.00	   2.70
    332	400145	     51	   24.0	13038.0	12922.5	 0.2772	 100.00	   2.70
    333	400145	     51	   19.0	13039.0	12922.9	 0.2772	 100.00	   2.71
    334	400145	     51	   14.0	13039.0	12923.2	 0.2773	 100.00	   2.71
    335	400145	     51	   17.0	13046.0	12923.6	 0.2769	 100.00	   2.71
    336	400145	     51	   21.0	13043.0	12923.9	 0.2768	 100.00	   2.71
    337	400145	     51	   26.0	13047.0	12924.3	 0.2767	 100.00	   2.71
    338	400145	     51	   21.0	13038.0	12924.6	 0.2770	 100.00	   2.71
    339	400145	     51	   21.0	13035.0	12925.0	 0.2771	 100.00	   2.71
    340	400145	     51	   27.0	13040.0	12925.3	 0.2772	 100.00	   2.71
    341	400145	     51	   25.0	13041.0	12925.6	 0.2771	 100.00	   2.71
    342	400145	     51	   24.0	13041.0	12926.0	 0.2773	 100.00	   2.71
    343	400145	     51	   19.0	13040.0	12926.3	 0.2775	 100.00	   2.71
    344	400145	     51	   24.0	13038.0	12926.6	 0.2775	 100.00	   2.71
    345	400145	     51	   25.0	13037.0	12926.9	 0.2773	 100.00	   2.71
    346	400145	     51	   18.0	13037.0	12927.3	 0.2774	 100.00	   2.71
    347	400145	     51	   21.0	13044.0	12927.6	 0.2778	 100.00	   2.71
    348	400145	     51	   13.0	13049.0	12927.9	 0.2779	 100.00	   2.72
    349	400145	     51	   27.0	13034.0	12928.2	 0.2779	 100.00	   2.72
    350	400145	     51	   25.0	13047.0	12928.6	 0.2780	 100.00	   2.72
    351	400145	     51	    8.0	13043.0	12928.9	 0.2782	 100.00	   2.72
    352	400145	     51	   26.0	13035.0	12929.2	 0.2784	 100.00	   2.72
    353	400145	     51	   27.0	13050.0	12929.6	 0.2783	 100.00	   2.72
    354	400145	     51	   18.0	13040.0	12929.9	 0.2787	 100.00	   2.72
    355	400145	     51	   18.0	13044.0	12930.2	 0.2789	 100.00	   2.72
    356	400145	     51	   26.0	13046.0	12930.5	 0.2790	 100.00	   2.72
    357	400145	     51	   15.0	13045.0	12930.8	 0.2789	 100.00	   2.72
    358	400145	     51	   20.0	13045.0	12931.1	 0.2791	 100.00	   2.72
    359	400145	     51	   25.0	13042.0	12931.5	 0.2791	 100.00	   2.72
    360	400145	     51	   18.0	13042.0	12931.8	 0.2790	 100.00	   2.72
    361	400145	     51	   24.0	13042.0	12932.1	 0.2792	 100.00	   2.72
    362	400145	     51	   16.0	13036.0	12932.3	 0.2790	 100.00	   2.72
    363	400145	     51	   19.0	13049.0	12932.7	 0.2787	 100.00	   2.72
    364	400145	     51	   34.0	13041.0	12933.0	 0.2789	 100.00	   2.73
    365	400145	     51	   23.0	13042.0	12933.3	 0.2787	 100.00	   2.73
    366	400145	     51	   22.0	13042.0	12933.6	 0.2785	 100.00	   2.73
    367	400145	     51	   12.0	13050.0	12933.9	 0.2788	 100.00	   2.73
    368	400145	     51	   20.0	13040.0	12934.2	 0.2786	 100.00	   2.73
    369	400145	     51	   21.0	13041.0	12934.5	 0.2788	 100.00	   2.73
    370	400145	     51	   26.0	13043.0	12934.7	 0.2786	 100.00	   2.73
    371	400145	     51	   23.0	13034.0	12935.0	 0.2783	 100.00	   2.73
    372	400145	     51	   20.0	13038.0	12935.3	 0.2783	 100.00	   2.73
    373	400145	     51	   20.0	13036.0	12935.6	 0.2784	 100.00	   2.73
    374	400145	     51	   26.0	13038.0	12935.8	 0.2784	 100.00	   2.73
    375	400145	     51	   25.0	13039.0	12936.1	 0.2786	 100.00	   2.73
    376	400145	     51	   12.0	13045.0	12936.4	 0.2786	 100.00	   2.73
    377	400145	     51	   26.0	13043.0	12936.7	 0.2785	 100.00	   2.73
    378	400145	     51	   15.0	13042.0	12937.0	 0.2788	 100.00	   2.73
    379	400145	     51	   18.0	13040.0	12937.2	 0.2789	 100.00	   2.73
    380	400145	     51	   31.0	13043.0	12937.5	 0.2789	 100.00	   2.73
    381	400145	     51	   19.0	13040.0	12937.8	 0.2789	 100.00	   2.73
    382	400145	     51	   24.0	13046.0	12938.1	 0.2789	 100.00	   2.74
    383	400145	     51	   13.0	13041.0	12938.3	 0.2790	 100.00	   2.74
    384	400145	     51	   22.0	13033.0	12938.6	 0.2791	 100.00	   2.74
    385	400145	     51	   27.0	13048.0	12938.9	 0.2793	 100.00	   2.74
    386	400145	     51	   16.0	13044.0	12939.1	 0.2794	 100.00	   2.74
    387	400145	     51	   25.0	13041.0	12939.4	 0.2792	 100.00	   2.74
    388	400145	     51	   27.0	13038.0	12939.6	 0.2791	 100.00	   2.74
    389	400145	     51	   25.0	13043.0	12939.9	 0.2794	 100.00	   2.74
    390	400145	     51	   32.0	13039.0	12940.2	 0.2795	 100.00	   2.74
    391	400145	     51	   18.0	13047.0	12940.4	 0.2794	 100.00	   2.74
    392	400145	     51	   25.0	13048.0	12940.7	 0.2796	 100.00	   2.74
    393	400145	     51	    9.0	13043.0	12941.0	 0.2797	 100.00	   2.74
    394	400145	     51	   22.0	13043.0	12941.2	 0.2799	 100.00	   2.74
    395	400145	     51	   23.0	13044.0	12941.5	 0.2797	 100.00	   2.74
    396	400145	     51	   22.0	13040.0	12941.7	 0.2800	 100.00	   2.74
    397	400145	     51	   22.0	13046.0	12942.0	 0.2796	 100.00	   2.74
    398	400145	     51	   22.0	13050.0	12942.3	 0.2796	 100.00	   2.74
    399	400145	     51	   17.0	13049.0	12942.5	 0.2796	 100.00	   2.74
    400	400145	     51	   27.0	13044.0	12942.8	 0.2797	 100.00	   2.74
    401	400145	     51	   20.0	13046.0	12943.0	 0.2796	 100.00	   2.75
    402	400145	     51	   21.0	13045.0	12943.3	 0.2798	 100.00	   2.74
    403	400145	     51	   15.0	13044.0	12943.5	 0.2800	 100.00	   2.75
    404	400145	     51	   21.0	13043.0	12943.8	 0.2801	 100.00	   2.75
    405	400145	     51	   20.0	13045.0	12944.0	 0.2802	 100.00	   2.75
    406	400145	     51	   24.0	13045.0	12944.3	 0.2804	 100.00	   2.75
    407	400145	     51	   19.0	13052.0	12944.5	 0.2802	 100.00	   2.75
    408	400145	     51	   21.0	13045.0	12944.8	 0.2804	 100.00	   2.75
    409	400145	     51	   25.0	13048.0	12945.0	 0.2807	 100.00	   2.75
    410	400145	     51	   31.0	13047.0	12945.3	 0.2809	 100.00	   2.75
    411	400145	     51	   17.0	13038.0	12945.5	 0.2811	 100.00	   2.75
    412	400145	     51	   29.0	13043.0	12945.8	 0.2813	 100.00	   2.75
    413	400145	     51	   14.0	13041.0	12946.0	 0.2813	 100.00	   2.75
    414	400145	     51	   19.0	13044.0	12946.2	 0.2814	 100.00	   2.75
    415	400145	     51	   19.0	13037.0	12946.4	 0.2817	 100.00	   2.75
    416	400145	     51	   20.0	13039.0	12946.7	 0.2817	 100.00	   2.75
    417	400145	     51	   19.0	13034.0	12946.9	 0.2818	 100.00	   2.75
    418	400145	     51	   19.0	13039.0	12947.1	 0.2819	 100.00	   2.75
    419	400145	     51	   22.0	13039.0	12947.3	 0.2817	 100.00	   2.75
    420	400145	     51	   22.0	13037.0	12947.5	 0.2817	 100.00	   2.75
    421	400145	     51	   15.0	13036.0	12947.7	 0.2814	 100.00	   2.75
    422	400145	     51	   18.0	13046.0	12948.0	 0.2814	 100.00	   2.75
    423	400145	     51	   23.0	13045.0	12948.2	 0.2813	 100.00	   2.76
    424	400145	     51	   20.0	13039.0	12948.4	 0.2816	 100.00	   2.76
    425	400145	     51	   17.0	13034.0	12948.6	 0.2817	 100.00	   2.76
    426	400145	     51	   24.0	13040.0	12948.8	 0.2814	 100.00	   2.76
    427	400145	     51	   21.0	13043.0	12949.0	 0.2817	 100.00	   2.76
    428	400145	     51	   23.0	13046.0	12949.3	 0.2819	 100.00	   2.76
    429	400145	     51	   23.0	13043.0	12949.5	 0.2820	 100.00	   2.76
    430	400145	     51	   20.0	13045.0	12949.7	 0.2820	 100.00	   2.76
    431	400145	     51	   27.0	13042.0	12949.9	 0.2820	 100.00	   2.76
    432	400145	     51	   24.0	13044.0	12950.1	 0.2822	 100.00	   2.76
    433	400145	     51	   25.0	13045.0	12950.4	 0.2819	 100.00	   2.76
    434	400145	     51	   22.0	13035.0	12950.6	 0.2820	 100.00	   2.76
    435	400145	     51	   27.0	13046.0	12950.8	 0.2819	 100.00	   2.76
    436	400145	     51	   27.0	13035.0	12951.0	 0.2822	 100.00	   2.76
    437	400145	     51	   24.0	13049.0	12951.2	 0.2821	 100.00	   2.76
    438	400145	     51	   25.0	13040.0	12951.4	 0.2822	 100.00	   2.76
    439	400145	     51	   21.0	13049.0	12951.6	 0.2821	 100.00	   2.76
    440	400145	     51	   16.0	13047.0	12951.8	 0.2823	 100.00	   2.76
    441	400145	     51	   30.0	13045.0	12952.0	 0.2824	 100.00	   2.76
    442	400145	     51	   27.0	13036.0	12952.2	 0.2824	 100.00	   2.76
    443	400145	     51	   22.0	13034.0	12952.4	 0.2823	 100.00	   2.76
    444	400145	     51	   21.0	13047.0	12952.6	 0.2822	 100.00	   2.76
    445	400145	     51	    7.0	13048.0	12952.8	 0.2822	 100.00	   2.76
    446	400145	     51	   27.0	13047.0	12953.0	 0.2825	 100.00	   2.76
    447	400145	     51	   21.0	13046.0	12953.3	 0.2827	 100.00	   2.77
    448	400145	     51	   29.0	13031.0	12953.4	 0.2828	 100.00	   2.77
    449	400145	     51	   17.0	13044.0	12953.6	 0.2826	 100.00	   2.77
    450	400145	     51	   18.0	13042.0	12953.8	 0.2825	 100.00	   2.77
    451	400145	     51	   31.0	13045.0	12954.0	 0.2824	 100.00	   2.77
    452	400145	     51	   23.0	13034.0	12954.2	 0.2822	 100.00	   2.77
    453	400145	     51	   17.0	13043.0	12954.4	 0.2820	 100.00	   2.77
    454	400145	     51	   25.0	13042.0	12954.6	 0.2820	 100.00	   2.77
    455	400145	     51	   14.0	13042.0	12954.8	 0.2820	 100.00	   2.77
    456	400145	     51	   26.0	13042.0	12955.0	 0.2820	 100.00	   2.77
    457	400145	     51	   25.0	13041.0	12955.2	 0.2821	 100.00	   2.77
    458	400145	     51	   24.0	13039.0	12955.3	 0.2823	 100.00	   2.77
    459	400145	     51	   16.0	13043.0	12955.5	 0.2824	 100.00	   2.77
    460	400145	     51	   18.0	13047.0	12955.7	 0.2824	 100.00	   2.77
    461	400145	     51	   24.0	13043.0	12955.9	 0.2827	 100.00	   2.77
    462	400145	     51	   26.0	13039.0	12956.1	 0.2829	 100.00	   2.77
    463	400145	     51	   17.0	13042.0	12956.3	 0.2830	 100.00	   2.77
    464	400145	     51	   29.0	13043.0	12956.5	 0.2827	 100.00	   2.77
    465	400145	     51	   24.0	13041.0	12956.7	 0.2827	 100.00	   2.77
    466	400145	     51	   22.0	13043.0	12956.8	 0.2829	 100.00	   2.77
    467	400145	     51	   17.0	13048.0	12957.0	 0.2828	 100.00	   2.77
    468	400145	     51	   33.0	13039.0	12957.2	 0.2830	 100.00	   2.77
    469	400145	     51	   31.0	13042.0	12957.4	 0.2829	 100.00	   2.77
    470	400145	     51	   18.0	13036.0	12957.6	 0.2833	 100.00	   2.77
    471	400145	     51	   17.0	13049.0	12957.8	 0.2833	 100.00	   2.77
    472	400145	     51	   24.0	13043.0	12957.9	 0.2835	 100.00	   2.78
    473	400145	     51	   21.0	13042.0	12958.1	 0.2835	 100.00	   2.78
    474	400145	     51	   18.0	13046.0	12958.3	 0.2840	 100.00	   2.78
    475	400145	     51	   23.0	13043.0	12958.5	 0.2839	 100.00	   2.78
    476	400145	     51	   19.0	13042.0	12958.6	 0.2839	 100.00	   2.78
    477	400145	     51	   27.0	13047.0	12958.8	 0.2840	 100.00	   2.78
    478	400145	     51	   17.0	13048.0	12959.0	 0.2839	 100.00	   2.78
    479	400145	     51	   18.0	13050.0	12959.2	 0.2842	 100.00	   2.78
    480	400145	     51	   22.0	13046.0	12959.4	 0.2843	 100.00	   2.78
    481	400145	     51	   17.0	13043.0	12959.6	 0.2846	 100.00	   2.78
    482	400145	     51	   25.0	13042.0	12959.7	 0.2847	 100.00	   2.78
    483	400145	     51	   24.0	13048.0	12959.9	 0.2847	 100.00	   2.78
    484	400145	     51	   26.0	13038.0	12960.1	 0.2845	 100.00	   2.78
    485	400145	     51	   19.0	13045.0	12960.3	 0.2846	 100.00	   2.78
    486	400145	     51	   16.0	13045.0	12960.4	 0.2847	 100.00	   2.78
    487	400145	     51	   26.0	13045.0	12960.6	 0.2848	 100.00	   2.78
    488	400145	     51	   30.0	13041.0	12960.8	 0.2848	 100.00	   2.78
    489	400145	     51	   22.0	13043.0	12960.9	 0.2846	 100.00	   2.78
    490	400145	     51	   22.0	13043.0	12961.1	 0.2846	 100.00	   2.78
    491	400145	     51	   25.0	13046.0	12961.3	 0.2847	 100.00	   2.78
    492	400145	     51	   27.0	13045.0	12961.4	 0.2848	 100.00	   2.78
    493	400145	     51	   13.0	13044.0	12961.6	 0.2849	 100.00	   2.78
    494	400145	     51	   22.0	13044.0	12961.8	 0.2848	 100.00	   2.78
    495	400145	     51	   16.0	13040.0	12961.9	 0.2848	 100.00	   2.78
    496	400145	     51	   22.0	13040.0	12962.1	 0.2848	 100.00	   2.78
    497	400145	     51	   26.0	13048.0	12962.3	 0.2849	 100.00	   2.78
    498	400145	     51	   20.0	13052.0	12962.4	 0.2848	 100.00	   2.78
    499	400145	     51	   21.0	13041.0	12962.6	 0.2848	 100.00	   2.78
    500	400145	     51	   22.0	13039.0	12962.8	 0.2849	 100.00	   2.78
    501	400145	     51	   24.0	13041.0	12962.9	 0.2848	 100.00	   2.79
    502	400145	     51	   27.0	13046.0	12963.1	 0.2849	 100.00	   2.79
    503	400145	     51	   21.0	13043.0	12963.2	 0.2850	 100.00	   2.79
    504	400145	     51	   28.0	13045.0	12963.4	 0.2848	 100.00	   2.79
    505	400145	     51	   24.0	13045.0	12963.6	 0.2850	 100.00	   2.79
    506	400145	     51	   27.0	13044.0	12963.7	 0.2850	 100.00	   2.79
    507	400145	     51	   23.0	13041.0	12963.9	 0.2851	 100.00	   2.79
    508	400145	     51	   23.0	13040.0	12964.0	 0.2853	 100.00	   2.79
    509	400145	     51	   19.0	13049.0	12964.2	 0.2854	 100.00	   2.79
    510	400145	     51	   26.0	13041.0	12964.3	 0.2855	 100.00	   2.79
    511	400145	     51	   21.0	13052.0	12964.5	 0.2857	 100.00	   2.79
    512	400145	     51	   26.0	13036.0	12964.6	 0.2860	 100.00	   2.79
    513	400145	     51	   21.0	13045.0	12964.8	 0.2859	 100.00	   2.79
    514	400145	     51	   14.0	13043.0	12964.9	 0.2860	 100.00	   2.79
    515	400145	     51	   21.0	13040.0	12965.1	 0.2860	 100.00	   2.79
    516	400145	     51	   17.0	13031.0	12965.2	 0.2859	 100.00	   2.79
    517	400145	     51	   13.0	13040.0	12965.4	 0.2859	 100.00	   2.79
    518	400145	     51	   18.0	13038.0	12965.5	 0.2859	 100.00	   2.79
    519	400145	     51	   18.0	13042.0	12965.7	 0.2859	 100.00	   2.79
    520	400145	     51	   19.0	13041.0	12965.8	 0.2861	 100.00	   2.79
    521	400145	     51	   27.0	13042.0	12965.9	 0.2860	 100.00	   2.79
    522	400145	     51	   24.0	13040.0	12966.1	 0.2860	 100.00	   2.79
    523	400145	     51	   26.0	13050.0	12966.2	 0.2858	 100.00	   2.79
    524	400145	     51	   12.0	13048.0	12966.4	 0.2862	 100.00	   2.79
    525	400145	     51	   22.0	13042.0	12966.5	 0.2860	 100.00	   2.79
    526	400145	     51	   24.0	13040.0	12966.7	 0.2859	 100.00	   2.79
    527	400145	     51	   21.0	13047.0	12966.8	 0.2860	 100.00	   2.79
    528	400145	     51	   22.0	13043.0	12967.0	 0.2859	 100.00	   2.79
    529	400145	     51	   16.0	13045.0	12967.1	 0.2859	 100.00	   2.79
    530	400145	     51	   25.0	13048.0	12967.3	 0.2860	 100.00	   2.79
    531	400145	     51	   19.0	13051.0	12967.4	 0.2862	 100.00	   2.79
    532	400145	     51	   27.0	13044.0	12967.6	 0.2862	 100.00	   2.79
    533	400145	     51	   21.0	13041.0	12967.7	 0.2864	 100.00	   2.79
    534	400145	     51	   26.0	13043.0	12967.9	 0.2865	 100.00	   2.79
    535	400145	     51	   25.0	13048.0	12968.0	 0.2865	 100.00	   2.79
    536	400145	     51	   21.0	13041.0	12968.1	 0.2866	 100.00	   2.80
    537	400145	     51	   15.0	13042.0	12968.3	 0.2865	 100.00	   2.80
    538	400145	     51	   25.0	13043.0	12968.4	 0.2868	 100.00	   2.80
    539	400145	     51	   19.0	13040.0	12968.6	 0.2867	 100.00	   2.80
    540	400145	     51	   19.0	13039.0	12968.7	 0.2866	 100.00	   2.80
    541	400145	     51	   18.0	13037.0	12968.8	 0.2864	 100.00	   2.80
    542	400145	     51	   19.0	13044.0	12968.9	 0.2863	 100.00	   2.80
    543	400145	     51	   24.0	13048.0	12969.1	 0.2866	 100.00	   2.80
    544	400145	     51	   24.0	13034.0	12969.2	 0.2867	 100.00	   2.80
    545	400145	     51	   17.0	13051.0	12969.4	 0.2867	 100.00	   2.80
    546	400145	     51	   21.0	13042.0	12969.5	 0.2866	 100.00	   2.80
    547	400145	     51	   26.0	13046.0	12969.6	 0.2866	 100.00	   2.80
    548	400145	     51	   21.0	13037.0	12969.8	 0.2867	 100.00	   2.80
    549	400145	     51	   21.0	13042.0	12969.9	 0.2868	 100.00	   2.80
    550	400145	     51	   26.0	13048.0	12970.0	 0.2868	 100.00	   2.80
    551	400145	     51	   23.0	13055.0	12970.2	 0.2867	 100.00	   2.80
    552	400145	     51	   20.0	13045.0	12970.3	 0.2869	 100.00	   2.80
    553	400145	     51	   29.0	13044.0	12970.5	 0.2871	 100.00	   2.80
    554	400145	     51	   18.0	13032.0	12970.6	 0.2872	 100.00	   2.80
    555	400145	     51	   23.0	13045.0	12970.7	 0.2874	 100.00	   2.80
    556	400145	     51	   23.0	13044.0	12970.8	 0.2874	 100.00	   2.80
    557	400145	     51	   23.0	13037.0	12970.9	 0.2874	 100.00	   2.80
    558	400145	     51	   26.0	13049.0	12971.1	 0.2877	 100.00	   2.80
    559	400145	     51	   27.0	13046.0	12971.2	 0.2876	 100.00	   2.80
    560	400145	     51	   24.0	13040.0	12971.3	 0.2876	 100.00	   2.80
    561	400145	     51	   25.0	13045.0	12971.5	 0.2876	 100.00	   2.80
    562	400145	     51	   26.0	13043.0	12971.6	 0.2876	 100.00	   2.80
    563	400145	     51	   19.0	13050.0	12971.7	 0.2876	 100.00	   2.80
    564	400145	     51	   24.0	13038.0	12971.9	 0.2876	 100.00	   2.80
    565	400145	     51	   22.0	13046.0	12972.0	 0.2877	 100.00	   2.80
    566	400145	     51	   19.0	13051.0	12972.1	 0.2876	 100.00	   2.80
    567	400145	     51	   19.0	13046.0	12972.3	 0.2875	 100.00	   2.80
    568	400145	     51	   16.0	13048.0	12972.4	 0.2874	 100.00	   2.80
    569	400145	     51	   25.0	13039.0	12972.5	 0.2876	 100.00	   2.80
    570	400145	     51	   17.0	13044.0	12972.6	 0.2877	 100.00	   2.80
    571	400145	     51	   16.0	13048.0	12972.8	 0.2877	 100.00	   2.80
    572	400145	     51	   15.0	13047.0	12972.9	 0.2879	 100.00	   2.80
    573	400145	     51	   15.0	13048.0	12973.0	 0.2879	 100.00	   2.81
    574	400145	     51	   29.0	13041.0	12973.1	 0.2881	 100.00	   2.81
    575	400145	     51	   23.0	13046.0	12973.3	 0.2883	 100.00	   2.81
    576	400145	     51	   23.0	13041.0	12973.4	 0.2884	 100.00	   2.81
    577	400145	     51	   13.0	13038.0	12973.5	 0.2884	 100.00	   2.81
    578	400145	     51	   20.0	13038.0	12973.6	 0.2885	 100.00	   2.81
    579	400145	     51	   24.0	13040.0	12973.7	 0.2887	 100.00	   2.81
    580	400145	     51	   23.0	13037.0	12973.8	 0.2887	 100.00	   2.81
    581	400145	     51	   21.0	13054.0	12974.0	 0.2887	 100.00	   2.81
    582	400145	     51	   21.0	13041.0	12974.1	 0.2887	 100.00	   2.81
    583	400145	     51	    8.0	13047.0	12974.2	 0.2887	 100.00	   2.81
    584	400145	     51	   23.0	13046.0	12974.3	 0.2886	 100.00	   2.81
    585	400145	     51	   27.0	13043.0	12974.5	 0.2888	 100.00	   2.81
    586	400145	     51	   20.0	13049.0	12974.6	 0.2889	 100.00	   2.81
    587	400145	     51	   18.0	13043.0	12974.7	 0.2889	 100.00	   2.81
    588	400145	     51	   18.0	13047.0	12974.8	 0.2888	 100.00	   2.81
    589	400145	     51	   25.0	13034.0	12974.9	 0.2889	 100.00	   2.81
    590	400145	     51	   12.0	13036.0	12975.0	 0.2891	 100.00	   2.81
    591	400145	     51	   15.0	13045.0	12975.1	 0.2889	 100.00	   2.81
    592	400145	     51	   19.0	13052.0	12975.3	 0.2890	 100.00	   2.81
    593	400145	     51	   24.0	13034.0	12975.4	 0.2891	 100.00	   2.81
    594	400145	     51	   24.0	13042.0	12975.5	 0.2892	 100.00	   2.81
    595	400145	     51	   29.0	13043.0	12975.6	 0.2893	 100.00	   2.81
    596	400145	     51	   29.0	13034.0	12975.7	 0.2895	 100.00	   2.81
    597	400145	     51	   25.0	13047.0	12975.8	 0.2896	 100.00	   2.81
    598	400145	     51	   28.0	13043.0	12975.9	 0.2897	 100.00	   2.81
    599	400145	     51	   17.0	13048.0	12976.0	 0.2900	 100.00	   2.81
    600	400145	     51	   22.0	13032.0	12976.1	 0.2901	 100.00	   2.81
    601	400145	     51	   17.0	13043.0	12976.2	 0.2901	 100.00	   2.81
    602	400145	     51	   28.0	13045.0	12976.4	 0.2902	 100.00	   2.81
    603	400145	     51	   13.0	13048.0	12976.5	 0.2903	 100.00	   2.81
    604	400145	     51	   13.0	13045.0	12976.6	 0.2903	 100.00	   2.81
    605	400145	     51	   16.0	13045.0	12976.7	 0.2903	 100.00	   2.81
    606	400145	     51	   17.0	13046.0	12976.8	 0.2903	 100.00	   2.81
    607	400145	     51	   16.0	13050.0	12976.9	 0.2904	 100.00	   2.81
    608	400145	     51	   24.0	13044.0	12977.1	 0.2907	 100.00	   2.81
    609	400145	     51	   13.0	13053.0	12977.2	 0.2907	 100.00	   2.81
    610	400145	     51	   32.0	13041.0	12977.3	 0.2908	 100.00	   2.81
    611	400145	     51	   22.0	13041.0	12977.4	 0.2908	 100.00	   2.81
    612	400145	     51	   28.0	13041.0	12977.5	 0.2908	 100.00	   2.81
    613	400145	     51	   13.0	13046.0	12977.6	 0.2909	 100.00	   2.81
    614	400145	     51	   24.0	13054.0	12977.7	 0.2908	 100.00	   2.82
    615	400145	     51	   37.0	13043.0	12977.8	 0.2910	 100.00	   2.82
    616	400145	     51	   20.0	13037.0	12977.9	 0.2910	 100.00	   2.82
    617	400145	     51	   18.0	13039.0	12978.0	 0.2909	 100.00	   2.82
    618	400145	     51	   20.0	13045.0	12978.1	 0.2911	 100.00	   2.82
    619	400145	     51	   17.0	13052.0	12978.3	 0.2910	 100.00	   2.82
    620	400145	     51	   30.0	13044.0	12978.4	 0.2909	 100.00	   2.82
    621	400145	     51	   23.0	13049.0	12978.5	 0.2909	 100.00	   2.82
    622	400145	     51	   18.0	13041.0	12978.6	 0.2909	 100.00	   2.82
    623	400145	     51	   28.0	13049.0	12978.7	 0.2908	 100.00	   2.82
    624	400145	     51	   22.0	13045.0	12978.8	 0.2908	 100.00	   2.82
    625	400145	     51	   23.0	13040.0	12978.9	 0.2909	 100.00	   2.82
    626	400145	     51	   18.0	13038.0	12979.0	 0.2910	 100.00	   2.82
    627	400145	     51	   21.0	13047.0	12979.1	 0.2909	 100.00	   2.82
    628	400145	     51	   24.0	13047.0	12979.2	 0.2910	 100.00	   2.82
    629	400145	     51	   22.0	13047.0	12979.3	 0.2909	 100.00	   2.82
    630	400145	     51	   16.0	13047.0	12979.4	 0.2910	 100.00	   2.82
    631	400145	     51	   19.0	13046.0	12979.5	 0.2910	 100.00	   2.82
    632	400145	     51	   18.0	13042.0	12979.6	 0.2909	 100.00	   2.82
    633	400145	     51	   18.0	13048.0	12979.7	 0.2909	 100.00	   2.82
    634	400145	     51	   23.0	13039.0	12979.8	 0.2909	 100.00	   2.82
    635	400145	     51	   21.0	13046.0	12979.9	 0.2909	 100.00	   2.82
    636	400145	     51	   17.0	13039.0	12980.0	 0.2908	 100.00	   2.82
    637	400145	     51	   17.0	13034.0	12980.1	 0.2908	 100.00	   2.82
    638	400145	     51	   26.0	13046.0	12980.2	 0.2909	 100.00	   2.82
    639	400145	     51	   27.0	13043.0	12980.3	 0.2909	 100.00	   2.82
    640	400145	     51	   26.0	13039.0	12980.4	 0.2911	 100.00	   2.82
    641	400145	     51	   17.0	13044.0	12980.5	 0.2912	 100.00	   2.82
    642	400145	     51	   24.0	13048.0	12980.6	 0.2913	 100.00	   2.82
    643	400145	     51	   15.0	13047.0	12980.7	 0.2912	 100.00	   2.82
    644	400145	     51	   25.0	13054.0	12980.8	 0.2912	 100.00	   2.82
    645	400145	     51	   21.0	13047.0	12980.9	 0.2912	 100.00	   2.82
    646	400145	     51	   23.0	13052.0	12981.0	 0.2912	 100.00	   2.82
    647	400145	     51	   14.0	13052.0	12981.1	 0.2913	 100.00	   2.82
    648	400145	     51	   15.0	13047.0	12981.2	 0.2912	 100.00	   2.82
    649	400145	     51	   15.0	13044.0	12981.3	 0.2912	 100.00	   2.82
    650	400145	     51	   22.0	13048.0	12981.4	 0.2914	 100.00	   2.82
    651	400145	     51	   27.0	13041.0	12981.5	 0.2914	 100.00	   2.82
    652	400145	     51	   32.0	13055.0	12981.6	 0.2916	 100.00	   2.82
    653	400145	     51	   22.0	13049.0	12981.7	 0.2917	 100.00	   2.82
    654	400145	     51	   22.0	13041.0	12981.8	 0.2916	 100.00	   2.82
    655	400145	     51	   27.0	13050.0	12981.9	 0.2917	 100.00	   2.82
    656	400145	     51	   23.0	13033.0	12982.0	 0.2920	 100.00	   2.82
    657	400145	     51	   16.0	13035.0	12982.1	 0.2919	 100.00	   2.82
    658	400145	     51	   21.0	13038.0	12982.2	 0.2919	 100.00	   2.82
    659	400145	     51	   17.0	13035.0	12982.3	 0.2921	 100.00	   2.82
    660	400145	     51	   21.0	13038.0	12982.3	 0.2921	 100.00	   2.82
    661	400145	     51	   24.0	13048.0	12982.4	 0.2923	 100.00	   2.82
    662	400145	     51	   18.0	13042.0	12982.5	 0.2923	 100.00	   2.82
    663	400145	     51	   25.0	13039.0	12982.6	 0.2923	 100.00	   2.82
    664	400145	     51	   17.0	13040.0	12982.7	 0.2925	 100.00	   2.83
    665	400145	     51	   23.0	13041.0	12982.8	 0.2926	 100.00	   2.83
    666	400145	     51	   30.0	13037.0	12982.9	 0.2927	 100.00	   2.83
    667	400145	     51	   17.0	13040.0	12983.0	 0.2926	 100.00	   2.83
    668	400145	     51	   15.0	13043.0	12983.0	 0.2926	 100.00	   2.83
    669	400145	     51	   24.0	13047.0	12983.1	 0.2927	 100.00	   2.83
    670	400145	     51	   25.0	13036.0	12983.2	 0.2926	 100.00	   2.83
    671	400145	     51	   21.0	13047.0	12983.3	 0.2925	 100.00	   2.83
    672	400145	     51	   28.0	13041.0	12983.4	 0.2928	 100.00	   2.83
    673	400145	     51	   21.0	13046.0	12983.5	 0.2929	 100.00	   2.83
    674	400145	     51	   19.0	13039.0	12983.6	 0.2929	 100.00	   2.83
    675	400145	     51	   24.0	13045.0	12983.7	 0.2930	 100.00	   2.83
    676	400145	     51	   23.0	13042.0	12983.8	 0.2931	 100.00	   2.83
    677	400145	     51	   29.0	13035.0	12983.8	 0.2930	 100.00	   2.83
    678	400145	     51	   20.0	13039.0	12983.9	 0.2930	 100.00	   2.83
    679	400145	     51	   23.0	13042.0	12984.0	 0.2932	 100.00	   2.83
    680	400145	     51	   24.0	13040.0	12984.1	 0.2932	 100.00	   2.83
    681	400145	     51	   23.0	13041.0	12984.2	 0.2932	 100.00	   2.83
    682	400145	     51	   28.0	13031.0	12984.2	 0.2932	 100.00	   2.83
    683	400145	     51	   15.0	13040.0	12984.3	 0.2932	 100.00	   2.83
    684	400145	     51	   21.0	13041.0	12984.4	 0.2935	 100.00	   2.83
    685	400145	     51	   17.0	13052.0	12984.5	 0.2935	 100.00	   2.83
    686	400145	     51	   22.0	13040.0	12984.6	 0.2936	 100.00	   2.83
    687	400145	     51	   18.0	13046.0	12984.7	 0.2936	 100.00	   2.83
    688	400145	     51	   18.0	13042.0	12984.7	 0.2936	 100.00	   2.83
    689	400145	     51	   27.0	13033.0	12984.8	 0.2937	 100.00	   2.83
    690	400145	     51	   12.0	13041.0	12984.9	 0.2938	 100.00	   2.83
    691	400145	     51	   17.0	13046.0	12985.0	 0.2939	 100.00	   2.83
    692	400145	     51	   25.0	13041.0	12985.1	 0.2940	 100.00	   2.83
    693	400145	     51	   18.0	13045.0	12985.2	 0.2940	 100.00	   2.83
    694	400145	     51	   27.0	13046.0	12985.2	 0.2940	 100.00	   2.83
    695	400145	     51	   19.0	13049.0	12985.3	 0.2939	 100.00	   2.83
    696	400145	     51	   24.0	13047.0	12985.4	 0.2939	 100.00	   2.83
    697	400145	     51	   20.0	13035.0	12985.5	 0.2941	 100.00	   2.83
    698	400145	     51	   19.0	13034.0	12985.6	 0.2940	 100.00	   2.83
    699	400145	     51	   26.0	13040.0	12985.6	 0.2938	 100.00	   2.83
    700	400145	     51	   13.0	13041.0	12985.7	 0.2938	 100.00	   2.83
    701	400145	     51	   17.0	13044.0	12985.8	 0.2939	 100.00	   2.83
    702	400145	     51	   19.0	13039.0	12985.9	 0.2938	 100.00	   2.83
    703	400145	     51	   15.0	13040.0	12986.0	 0.2937	 100.00	   2.83
    704	400145	     51	   25.0	13037.0	12986.0	 0.2938	 100.00	   2.83
    705	400145	     51	   21.0	13038.0	12986.1	 0.2939	 100.00	   2.83
    706	400145	     51	   22.0	13044.0	12986.2	 0.2939	 100.00	   2.83
    707	400145	     51	   25.0	13041.0	12986.3	 0.2940	 100.00	   2.83
    708	400145	     51	   27.0	13046.0	12986.3	 0.2940	 100.00	   2.83
    709	400145	     51	   15.0	13041.0	12986.4	 0.2939	 100.00	   2.83
    710	400145	     51	   25.0	13044.0	12986.5	 0.2939	 100.00	   2.83
    711	400145	     51	   20.0	13046.0	12986.6	 0.2939	 100.00	   2.83
    712	400145	     51	   20.0	13036.0	12986.7	 0.2940	 100.00	   2.83
    713	400145	     51	   19.0	13041.0	12986.7	 0.2939	 100.00	   2.83
    714	400145	     51	   16.0	13039.0	12986.8	 0.2939	 100.00	   2.83
    715	400145	     51	   20.0	13047.0	12986.9	 0.2939	 100.00	   2.83
    716	400145	     51	   22.0	13035.0	12987.0	 0.2939	 100.00	   2.83
    717	400145	     51	   21.0	13042.0	12987.0	 0.2939	 100.00	   2.83
    718	400145	     51	   18.0	13038.0	12987.1	 0.2940	 100.00	   2.83
    719	400145	     51	   25.0	13049.0	12987.2	 0.2941	 100.00	   2.83
    720	400145	     51	   15.0	13044.0	12987.3	 0.2942	 100.00	   2.83
    721	400145	     51	   20.0	13042.0	12987.3	 0.2942	 100.00	   2.83
    722	400145	     51	   24.0	13042.0	12987.4	 0.2942	 100.00	   2.84
    723	400145	     51	   17.0	13047.0	12987.5	 0.2941	 100.00	   2.84
    724	400145	     51	   25.0	13038.0	12987.6	 0.2941	 100.00	   2.84
    725	400145	     51	   19.0	13049.0	12987.7	 0.2941	 100.00	   2.84
    726	400145	     51	   26.0	13043.0	12987.7	 0.2942	 100.00	   2.84
    727	400145	     51	    7.0	13042.0	12987.8	 0.2942	 100.00	   2.84
    728	400145	     51	   25.0	13043.0	12987.9	 0.2940	 100.00	   2.84
    729	400145	     51	   21.0	13046.0	12988.0	 0.2939	 100.00	   2.84
    730	400145	     51	   22.0	13042.0	12988.0	 0.2940	 100.00	   2.84
    731	400145	     51	   21.0	13041.0	12988.1	 0.2941	 100.00	   2.84
    732	400145	     51	   25.0	13046.0	12988.2	 0.2942	 100.00	   2.84
    733	400145	     51	   23.0	13039.0	12988.3	 0.2942	 100.00	   2.84
    734	400145	     51	   23.0	13042.0	12988.3	 0.2942	 100.00	   2.84
    735	400145	     51	   20.0	13046.0	12988.4	 0.2942	 100.00	   2.84
    736	400145	     51	   24.0	13040.0	12988.5	 0.2943	 100.00	   2.84
    737	400145	     51	   23.0	13047.0	12988.6	 0.2944	 100.00	   2.84
    738	400145	     51	   26.0	13045.0	12988.6	 0.2947	 100.00	   2.84
    739	400145	     51	   22.0	13037.0	12988.7	 0.2945	 100.00	   2.84
    740	400145	     51	   22.0	13043.0	12988.8	 0.2946	 100.00	   2.84
    741	400145	     51	   21.0	13040.0	12988.8	 0.2946	 100.00	   2.84
    742	400145	     51	   22.0	13042.0	12988.9	 0.2946	 100.00	   2.84
    743	400145	     51	   22.0	13050.0	12989.0	 0.2945	 100.00	   2.84
    744	400145	     51	   16.0	13040.0	12989.1	 0.2945	 100.00	   2.84
    745	400145	     51	   22.0	13034.0	12989.1	 0.2946	 100.00	   2.84
    746	400145	     51	   26.0	13046.0	12989.2	 0.2946	 100.00	   2.84
    747	400145	     51	   21.0	13045.0	12989.3	 0.2946	 100.00	   2.84
    748	400145	     51	   25.0	13030.0	12989.3	 0.2945	 100.00	   2.84
    749	400145	     51	   21.0	13041.0	12989.4	 0.2946	 100.00	   2.84
    750	400145	     51	   28.0	13047.0	12989.5	 0.2946	 100.00	   2.84
    751	400145	     51	   16.0	13043.0	12989.5	 0.2948	 100.00	   2.84
    752	400145	     51	   18.0	13043.0	12989.6	 0.2947	 100.00	   2.84
    753	400145	     51	   24.0	13037.0	12989.7	 0.2948	 100.00	   2.84
    754	400145	     51	   24.0	13045.0	12989.8	 0.2947	 100.00	   2.84
    755	400145	     51	   21.0	13046.0	12989.8	 0.2947	 100.00	   2.84
