./asc:main.c:294: warning: auxv random bytes were not cleared
  Round	    PC	Excited	Hamming	   Loss	 Regret	    MSE	  Error	   MIPS
      0	40010c	     60	12755.0	12755.0	12755.0	 0.2663	 100.00	0.07018
      1	400142	     60	  308.0	13055.0	 6527.5	 0.2733	 100.00	0.14970
      2	400142	     60	   21.0	13054.0	 4351.3	 0.2813	 100.00	0.21196
      3	400142	     60	   27.0	13057.0	 3264.2	 0.2873	 100.00	0.28471
      4	400142	     60	   25.0	13054.0	 5222.2	 0.3033	 100.00	0.34820
      5	400142	     60	   24.0	13058.0	 6528.2	 0.3019	 100.00	0.41064
      6	400142	     60	   27.0	13051.0	 7460.0	 0.3017	 100.00	0.47056
      7	400142	     60	   23.0	13056.0	 8159.5	 0.3066	 100.00	0.52702
      8	400142	     60	   16.0	13054.0	 8703.3	 0.3045	 100.00	0.58139
      9	400142	     60	   24.0	13058.0	 9138.8	 0.2997	 100.00	0.62564
     10	400142	     60	   19.0	13059.0	 9495.2	 0.3037	 100.00	0.67646
     11	400142	     60	   27.0	13056.0	 9791.9	 0.3035	 100.00	0.72295
     12	400142	     60	   28.0	13052.0	10042.7	 0.3017	 100.00	0.76885
     13	400142	     60	   18.0	13052.0	10257.6	 0.2956	 100.00	0.81358
     14	400142	     60	   24.0	13054.0	10444.1	 0.2931	 100.00	0.85555
     15	400142	     60	   20.0	13062.0	10607.7	 0.2907	 100.00	0.89641
     16	400142	     60	   27.0	13055.0	10751.6	 0.2942	 100.00	0.93586
     17	400142	     60	   16.0	13055.0	10879.6	 0.2890	 100.00	0.97428
     18	400142	     60	   24.0	13055.0	10994.1	 0.2881	 100.00	   1.01
     19	400142	     60	   28.0	13059.0	11097.4	 0.2846	 100.00	   1.04
     20	400142	     60	   24.0	13059.0	11190.8	 0.2833	 100.00	   1.08
     21	400142	     60	   19.0	13054.0	11275.5	 0.2838	 100.00	   1.11
     22	400142	     60	   28.0	13054.0	11352.8	 0.2835	 100.00	   1.14
     23	400142	     60	   18.0	13058.0	11423.8	 0.2782	 100.00	   1.17
     24	400142	     60	   23.0	13045.0	11488.7	 0.2773	 100.00	   1.20
     25	400142	     60	   18.0	13053.0	11548.8	 0.2807	 100.00	   1.23
     26	400142	     60	   27.0	13054.0	11604.6	 0.2790	 100.00	   1.26
     27	400142	     60	   13.0	13051.0	11656.2	 0.2811	 100.00	   1.29
     28	400142	     60	   28.0	13059.0	11704.6	 0.2814	 100.00	   1.31
     29	400142	     60	   23.0	13058.0	11749.7	 0.2795	 100.00	   1.34
     30	400142	     60	   12.0	13058.0	11791.9	 0.2793	 100.00	   1.36
     31	400142	     60	   24.0	13056.0	11831.4	 0.2776	 100.00	   1.38
     32	400142	     60	   18.0	13054.0	11868.5	 0.2767	 100.00	   1.41
     33	400142	     60	   21.0	13059.0	11903.5	 0.2765	 100.00	   1.43
     34	400142	     60	   24.0	13053.0	11936.3	 0.2759	 100.00	   1.45
     35	400142	     60	   21.0	13054.0	11967.4	 0.2737	 100.00	   1.47
     36	400142	     60	   23.0	13053.0	11996.7	 0.2737	 100.00	   1.49
     37	400142	     60	   23.0	13058.0	12024.7	 0.2744	 100.00	   1.52
     38	400142	     60	   17.0	13057.0	12051.1	 0.2721	 100.00	   1.53
     39	400142	     60	   23.0	13058.0	12076.3	 0.2705	 100.00	   1.55
     40	400142	     60	   21.0	13057.0	12100.2	 0.2692	 100.00	   1.57
     41	400142	     60	   20.0	13053.0	12122.9	 0.2695	 100.00	   1.59
     42	400142	     60	   20.0	13055.0	12144.6	 0.2672	 100.00	   1.61
     43	400142	     60	   18.0	13057.0	12165.3	 0.2674	 100.00	   1.62
     44	400142	     60	   29.0	13052.0	12185.0	 0.2674	 100.00	   1.64
     45	400142	     60	   17.0	13059.0	12204.0	 0.2662	 100.00	   1.66
     46	400142	     60	   20.0	13057.0	12222.2	 0.2658	 100.00	   1.67
     47	400142	     60	   17.0	13054.0	12239.5	 0.2644	 100.00	   1.69
     48	400142	     60	   24.0	13054.0	12256.1	 0.2654	 100.00	   1.70
     49	400142	     60	   22.0	13056.0	12272.1	 0.2658	 100.00	   1.72
     50	400142	     60	   23.0	13051.0	12287.4	 0.2645	 100.00	   1.73
     51	400142	     60	   18.0	13057.0	12302.2	 0.2655	 100.00	   1.74
     52	400142	     60	   26.0	13053.0	12316.4	 0.2665	 100.00	   1.76
     53	400142	     60	   20.0	13053.0	12330.0	 0.2649	 100.00	   1.77
     54	400142	     60	   25.0	13054.0	12343.2	 0.2642	 100.00	   1.79
     55	400142	     60	   23.0	13061.0	12356.0	 0.2643	 100.00	   1.80
     56	400142	     60	   21.0	13058.0	12368.3	 0.2655	 100.00	   1.81
     57	400142	     60	   21.0	13055.0	12380.1	 0.2645	 100.00	   1.82
     58	400142	     60	   21.0	13060.0	12391.7	 0.2630	 100.00	   1.84
     59	400142	     60	   18.0	13058.0	12402.8	 0.2625	 100.00	   1.85
     60	400142	     60	   22.0	13064.0	12413.6	 0.2619	 100.00	   1.86
     61	400142	     60	   17.0	13057.0	12424.0	 0.2626	 100.00	   1.87
     62	400142	     60	   24.0	13057.0	12434.0	 0.2639	 100.00	   1.88
     63	400142	     60	   19.0	13058.0	12443.8	 0.2637	 100.00	   1.89
     64	400142	     60	   17.0	13057.0	12453.2	 0.2646	 100.00	   1.90
     65	400142	     60	   20.0	13057.0	12462.4	 0.2634	 100.00	   1.91
     66	400142	     60	   21.0	13060.0	12471.3	 0.2635	 100.00	   1.92
     67	400142	     60	   29.0	13057.0	12479.9	 0.2644	 100.00	   1.93
     68	400142	     60	   15.0	13052.0	12488.2	 0.2639	 100.00	   1.94
     69	400142	     60	   13.0	13057.0	12496.3	 0.2651	 100.00	   1.95
     70	400142	     60	   22.0	13059.0	12504.2	 0.2646	 100.00	   1.96
     71	400142	     60	   17.0	13054.0	12511.9	 0.2633	 100.00	   1.97
     72	400142	     60	   22.0	13050.0	12519.2	 0.2626	 100.00	   1.98
     73	400142	     60	   20.0	13052.0	12526.4	 0.2620	 100.00	   1.99
     74	400142	     60	   22.0	13058.0	12533.5	 0.2617	 100.00	   2.00
     75	400142	     60	   19.0	13059.0	12540.4	 0.2607	 100.00	   2.01
     76	400142	     60	   25.0	13058.0	12547.2	 0.2600	 100.00	   2.01
     77	400142	     60	   19.0	13055.0	12553.7	 0.2605	 100.00	   2.02
     78	400142	     60	   18.0	13059.0	12560.1	 0.2605	 100.00	   2.03
     79	400142	     60	   13.0	13056.0	12566.3	 0.2603	 100.00	   2.04
     80	400142	     60	   24.0	13060.0	12572.4	 0.2596	 100.00	   2.05
     81	400142	     60	   17.0	13061.0	12578.3	 0.2582	 100.00	   2.06
     82	400142	     60	   30.0	13055.0	12584.1	 0.2589	 100.00	   2.06
     83	400142	     60	   23.0	13058.0	12589.7	 0.2579	 100.00	   2.07
     84	400142	     60	   15.0	13053.0	12595.2	 0.2572	 100.00	   2.08
     85	400142	     60	   19.0	13054.0	12600.5	 0.2558	 100.00	   2.09
     86	400142	     60	   18.0	13056.0	12605.7	 0.2554	 100.00	   2.09
     87	400142	     60	   15.0	13063.0	12610.9	 0.2558	 100.00	   2.10
     88	400142	     60	   25.0	13054.0	12615.9	 0.2556	 100.00	   2.11
     89	400142	     60	   21.0	13055.0	12620.8	 0.2552	 100.00	   2.11
     90	400142	     60	   20.0	13053.0	12625.5	 0.2557	 100.00	   2.12
     91	400142	     60	   18.0	13057.0	12630.2	 0.2546	 100.00	   2.13
     92	400142	     60	   20.0	13059.0	12634.8	 0.2545	 100.00	   2.13
     93	400142	     60	   18.0	13057.0	12639.3	 0.2537	 100.00	   2.14
     94	400142	     60	   13.0	13058.0	12643.7	 0.2534	 100.00	   2.15
     95	400142	     60	   24.0	13056.0	12648.0	 0.2540	 100.00	   2.15
     96	400142	     60	   16.0	13054.0	12652.2	 0.2536	 100.00	   2.16
     97	400142	     60	   20.0	13062.0	12656.4	 0.2541	 100.00	   2.17
     98	400142	     60	   19.0	13053.0	12660.4	 0.2536	 100.00	   2.17
     99	400142	     60	   17.0	13056.0	12664.4	 0.2529	 100.00	   2.18
    100	400142	     60	   23.0	13057.0	12668.2	 0.2522	 100.00	   2.18
    101	400142	     60	   17.0	13056.0	12672.0	 0.2523	 100.00	   2.19
    102	400142	     60	   19.0	13059.0	12675.8	 0.2524	 100.00	   2.19
    103	400142	     60	   30.0	13057.0	12679.5	 0.2517	 100.00	   2.20
    104	400142	     60	   17.0	13054.0	12683.0	 0.2515	 100.00	   2.21
    105	400142	     60	   21.0	13053.0	12686.5	 0.2512	 100.00	   2.21
    106	400142	     60	   22.0	13057.0	12690.0	 0.2510	 100.00	   2.22
    107	400142	     60	   16.0	13057.0	12693.4	 0.2501	 100.00	   2.22
    108	400142	     60	   26.0	13057.0	12696.7	 0.2499	 100.00	   2.23
    109	400142	     60	   30.0	13055.0	12700.0	 0.2509	 100.00	   2.23
    110	400142	     60	   18.0	13059.0	12703.2	 0.2511	 100.00	   2.24
    111	400142	     60	   24.0	13063.0	12706.4	 0.2508	 100.00	   2.24
    112	400142	     60	   18.0	13053.0	12709.5	 0.2511	 100.00	   2.25
    113	400142	     60	   20.0	13061.0	12712.6	 0.2516	 100.00	   2.25
    114	400142	     60	   21.0	13052.0	12715.5	 0.2515	 100.00	   2.26
    115	400142	     60	   11.0	13055.0	12718.5	 0.2514	 100.00	   2.26
    116	400142	     60	   25.0	13062.0	12721.4	 0.2513	 100.00	   2.27
    117	400142	     60	   20.0	13060.0	12724.3	 0.2512	 100.00	   2.27
    118	400142	     60	   24.0	13064.0	12727.1	 0.2511	 100.00	   2.27
    119	400142	     60	   24.0	13056.0	12729.9	 0.2510	 100.00	   2.28
    120	400142	     60	   18.0	13060.0	12732.6	 0.2507	 100.00	   2.28
    121	400142	     60	   24.0	13058.0	12735.3	 0.2504	 100.00	   2.29
    122	400142	     60	   21.0	13059.0	12737.9	 0.2499	 100.00	   2.29
    123	400142	     60	   25.0	13054.0	12740.4	 0.2492	 100.00	   2.30
    124	400142	     60	   18.0	13054.0	12742.9	 0.2491	 100.00	   2.30
    125	400142	     60	   27.0	13057.0	12745.4	 0.2490	 100.00	   2.31
    126	400142	     60	   26.0	13059.0	12747.9	 0.2488	 100.00	   2.31
    127	400142	     60	   19.0	13058.0	12750.3	 0.2487	 100.00	   2.31
    128	400142	     60	   22.0	13054.0	12752.7	 0.2491	 100.00	   2.32
    129	400142	     60	   15.0	13057.0	12755.0	 0.2489	 100.00	   2.32
    130	400142	     60	   18.0	13057.0	12757.3	 0.2487	 100.00	   2.32
    131	400142	     60	   23.0	13060.0	12759.6	 0.2481	 100.00	   2.33
    132	400142	     60	   18.0	13058.0	12761.9	 0.2479	 100.00	   2.33
    133	400142	     60	   21.0	13057.0	12764.1	 0.2479	 100.00	   2.34
    134	400142	     60	   28.0	13061.0	12766.3	 0.2481	 100.00	   2.34
    135	400142	     60	   18.0	13061.0	12768.4	 0.2486	 100.00	   2.34
    136	400142	     60	   18.0	13057.0	12770.5	 0.2486	 100.00	   2.35
    137	400142	     60	   19.0	13060.0	12772.6	 0.2484	 100.00	   2.35
    138	400142	     60	   15.0	13059.0	12774.7	 0.2484	 100.00	   2.35
    139	400142	     60	   18.0	13055.0	12776.7	 0.2488	 100.00	   2.36
    140	400142	     60	   26.0	13061.0	12778.7	 0.2489	 100.00	   2.36
    141	400142	     60	   19.0	13054.0	12780.7	 0.2478	 100.00	   2.36
    142	400142	     60	   20.0	13056.0	12782.6	 0.2481	 100.00	   2.37
    143	400142	     60	   15.0	13059.0	12784.5	 0.2482	 100.00	   2.37
    144	400142	     60	   18.0	13051.0	12786.3	 0.2490	 100.00	   2.38
    145	400142	     60	   24.0	13057.0	12788.2	 0.2491	 100.00	   2.38
    146	400142	     60	   21.0	13058.0	12790.0	 0.2487	 100.00	   2.38
    147	400142	     60	   17.0	13061.0	12791.9	 0.2487	 100.00	   2.38
    148	400142	     60	   12.0	13061.0	12793.7	 0.2488	 100.00	   2.39
    149	400142	     60	   23.0	13058.0	12795.4	 0.2486	 100.00	   2.39
    150	400142	     60	   17.0	13053.0	12797.1	 0.2486	 100.00	   2.39
    151	400142	     60	   20.0	13061.0	12798.9	 0.2491	 100.00	   2.40
    152	400142	     60	   23.0	13056.0	12800.5	 0.2487	 100.00	   2.40
    153	400142	     60	   17.0	13061.0	12802.2	 0.2487	 100.00	   2.40
    154	400142	     60	   24.0	13059.0	12803.9	 0.2489	 100.00	   2.41
    155	400142	     60	   19.0	13056.0	12805.5	 0.2489	 100.00	   2.41
    156	400142	     60	   23.0	13059.0	12807.1	 0.2486	 100.00	   2.41
    157	400142	     60	   15.0	13058.0	12808.7	 0.2490	 100.00	   2.41
    158	400142	     60	   20.0	13056.0	12810.3	 0.2486	 100.00	   2.42
    159	400142	     60	   24.0	13060.0	12811.8	 0.2489	 100.00	   2.42
    160	400142	     60	   17.0	13059.0	12813.4	 0.2488	 100.00	   2.42
    161	400142	     60	   19.0	13058.0	12814.9	 0.2486	 100.00	   2.43
    162	400142	     60	   23.0	13061.0	12816.4	 0.2491	 100.00	   2.43
    163	400142	     60	   19.0	13062.0	12817.9	 0.2486	 100.00	   2.43
    164	400142	     60	   29.0	13055.0	12819.3	 0.2487	 100.00	   2.43
    165	400142	     60	   19.0	13060.0	12820.8	 0.2479	 100.00	   2.44
    166	400142	     60	   17.0	13059.0	12822.2	 0.2478	 100.00	   2.44
    167	400142	     60	   14.0	13059.0	12823.6	 0.2476	 100.00	   2.44
    168	400142	     60	   14.0	13057.0	12825.0	 0.2470	 100.00	   2.44
    169	400142	     60	   23.0	13050.0	12826.3	 0.2467	 100.00	   2.45
    170	400142	     60	   13.0	13057.0	12827.7	 0.2466	 100.00	   2.45
    171	400142	     60	   20.0	13055.0	12829.0	 0.2461	 100.00	   2.45
    172	400142	     60	   21.0	13056.0	12830.3	 0.2466	 100.00	   2.45
    173	400142	     60	   13.0	13057.0	12831.6	 0.2461	 100.00	   2.46
    174	400142	     60	   23.0	13062.0	12832.9	 0.2460	 100.00	   2.46
    175	400142	     60	   23.0	13055.0	12834.2	 0.2462	 100.00	   2.46
    176	400142	     60	   18.0	13055.0	12835.4	 0.2456	 100.00	   2.46
    177	400142	     60	   22.0	13053.0	12836.6	 0.2455	 100.00	   2.47
    178	400142	     60	   18.0	13053.0	12837.9	 0.2452	 100.00	   2.47
    179	400142	     60	   12.0	13061.0	12839.1	 0.2452	 100.00	   2.47
    180	400142	     60	   24.0	13053.0	12840.3	 0.2452	 100.00	   2.47
    181	400142	     60	   24.0	13055.0	12841.5	 0.2447	 100.00	   2.48
    182	400142	     60	   21.0	13058.0	12842.6	 0.2445	 100.00	   2.48
    183	400142	     60	   18.0	13058.0	12843.8	 0.2444	 100.00	   2.48
    184	400142	     60	   19.0	13057.0	12845.0	 0.2442	 100.00	   2.48
    185	400142	     60	   23.0	13056.0	12846.1	 0.2441	 100.00	   2.49
    186	400142	     60	   24.0	13054.0	12847.2	 0.2442	 100.00	   2.49
    187	400142	     60	   21.0	13055.0	12848.3	 0.2441	 100.00	   2.49
    188	400142	     60	   23.0	13052.0	12849.4	 0.2436	 100.00	   2.49
    189	400142	     60	   15.0	13055.0	12850.5	 0.2436	 100.00	   2.49
    190	400142	     60	   24.0	13059.0	12851.6	 0.2437	 100.00	   2.50
    191	400142	     60	   18.0	13057.0	12852.6	 0.2439	 100.00	   2.50
    192	400142	     60	   20.0	13053.0	12853.7	 0.2437	 100.00	   2.50
    193	400142	     60	   18.0	13057.0	12854.7	 0.2436	 100.00	   2.50
    194	400142	     60	   22.0	13059.0	12855.8	 0.2432	 100.00	   2.50
    195	400142	     60	   25.0	13056.0	12856.8	 0.2431	 100.00	   2.51
    196	400142	     60	   24.0	13054.0	12857.8	 0.2430	 100.00	   2.51
    197	400142	     60	   16.0	13058.0	12858.8	 0.2431	 100.00	   2.51
    198	400142	     60	   24.0	13056.0	12859.8	 0.2429	 100.00	   2.51
    199	400142	     60	   23.0	13059.0	12860.8	 0.2426	 100.00	   2.51
    200	400142	     60	   23.0	13056.0	12861.8	 0.2427	 100.00	   2.52
    201	400142	     60	   15.0	13057.0	12862.7	 0.2424	 100.00	   2.52
    202	400142	     60	   19.0	13056.0	12863.7	 0.2424	 100.00	   2.52
    203	400142	     60	   18.0	13056.0	12864.6	 0.2422	 100.00	   2.52
    204	400142	     60	   20.0	13056.0	12865.6	 0.2421	 100.00	   2.52
    205	400142	     60	   30.0	13058.0	12866.5	 0.2423	 100.00	   2.53
    206	400142	     60	   21.0	13055.0	12867.4	 0.2423	 100.00	   2.53
    207	400142	     60	   18.0	13055.0	12868.3	 0.2420	 100.00	   2.53
    208	400142	     60	   19.0	13052.0	12869.2	 0.2418	 100.00	   2.53
    209	400142	     60	   23.0	13057.0	12870.1	 0.2417	 100.00	   2.53
    210	400142	     60	   21.0	13050.0	12870.9	 0.2418	 100.00	   2.53
    211	400142	     60	   22.0	13054.0	12871.8	 0.2413	 100.00	   2.54
    212	400142	     60	   20.0	13054.0	12872.6	 0.2413	 100.00	   2.54
    213	400142	     60	   25.0	13055.0	12873.5	 0.2413	 100.00	   2.54
    214	400142	     60	   20.0	13053.0	12874.3	 0.2414	 100.00	   2.54
    215	400142	     60	   20.0	13057.0	12875.2	 0.2415	 100.00	   2.54
    216	400142	     60	   26.0	13053.0	12876.0	 0.2411	 100.00	   2.54
    217	400142	     60	   16.0	13055.0	12876.8	 0.2410	 100.00	   2.55
    218	400142	     60	   31.0	13058.0	12877.6	 0.2413	 100.00	   2.55
    219	400142	     60	   16.0	13054.0	12878.5	 0.2411	 100.00	   2.55
    220	400142	     60	   19.0	13055.0	12879.2	 0.2410	 100.00	   2.55
    221	400142	     60	   18.0	13057.0	12880.0	 0.2409	 100.00	   2.55
    222	400142	     60	   19.0	13058.0	12880.8	 0.2407	 100.00	   2.55
    223	400142	     60	   18.0	13062.0	12881.7	 0.2405	 100.00	   2.56
    224	400142	     60	   18.0	13052.0	12882.4	 0.2405	 100.00	   2.56
    225	400142	     60	   20.0	13060.0	12883.2	 0.2404	 100.00	   2.56
    226	400142	     60	   21.0	13057.0	12884.0	 0.2404	 100.00	   2.56
    227	400142	     60	   20.0	13061.0	12884.7	 0.2399	 100.00	   2.56
    228	400142	     60	   26.0	13057.0	12885.5	 0.2400	 100.00	   2.56
    229	400142	     60	   22.0	13057.0	12886.2	 0.2400	 100.00	   2.56
    230	400142	     60	   21.0	13062.0	12887.0	 0.2396	 100.00	   2.57
    231	400142	     60	   25.0	13061.0	12887.8	 0.2396	 100.00	   2.57
    232	400142	     60	   26.0	13063.0	12888.5	 0.2396	 100.00	   2.57
    233	400142	     60	   23.0	13056.0	12889.2	 0.2391	 100.00	   2.57
    234	400142	     60	   18.0	13062.0	12890.0	 0.2390	 100.00	   2.57
    235	400142	     60	   13.0	13061.0	12890.7	 0.2389	 100.00	   2.57
    236	400142	     60	   18.0	13059.0	12891.4	 0.2390	 100.00	   2.58
    237	400142	     60	   12.0	13063.0	12892.1	 0.2389	 100.00	   2.58
    238	400142	     60	   16.0	13063.0	12892.8	 0.2385	 100.00	   2.58
    239	400142	     60	   17.0	13062.0	12893.5	 0.2383	 100.00	   2.58
    240	400142	     60	   19.0	13063.0	12894.2	 0.2385	 100.00	   2.58
    241	400142	     60	   15.0	13064.0	12894.9	 0.2383	 100.00	   2.58
    242	400142	     60	   25.0	13055.0	12895.6	 0.2384	 100.00	   2.58
    243	400142	     60	   15.0	13060.0	12896.3	 0.2383	 100.00	   2.58
    244	400142	     60	   21.0	13059.0	12896.9	 0.2384	 100.00	   2.59
    245	400142	     60	   20.0	13061.0	12897.6	 0.2383	 100.00	   2.59
    246	400142	     60	   28.0	13053.0	12898.2	 0.2384	 100.00	   2.59
    247	400142	     60	   20.0	13059.0	12898.9	 0.2380	 100.00	   2.59
    248	400142	     60	   20.0	13055.0	12899.5	 0.2383	 100.00	   2.59
    249	400142	     60	   23.0	13054.0	12900.1	 0.2386	 100.00	   2.59
    250	400142	     60	   18.0	13058.0	12900.7	 0.2385	 100.00	   2.59
    251	400142	     60	   19.0	13057.0	12901.4	 0.2382	 100.00	   2.60
    252	400142	     60	   19.0	13060.0	12902.0	 0.2384	 100.00	   2.60
    253	400142	     60	   17.0	13063.0	12902.6	 0.2384	 100.00	   2.60
    254	400142	     60	   19.0	13060.0	12903.2	 0.2384	 100.00	   2.60
    255	400142	     60	   13.0	13059.0	12903.9	 0.2381	 100.00	   2.60
    256	400142	     60	   23.0	13054.0	12904.4	 0.2383	 100.00	   2.60
    257	400142	     60	   20.0	13054.0	12905.0	 0.2383	 100.00	   2.60
    258	400142	     60	   17.0	13059.0	12905.6	 0.2381	 100.00	   2.60
    259	400142	     60	   19.0	13060.0	12906.2	 0.2380	 100.00	   2.61
    260	400142	     60	   20.0	13058.0	12906.8	 0.2378	 100.00	   2.61
    261	400142	     60	   11.0	13059.0	12907.4	 0.2376	 100.00	   2.61
    262	400142	     60	   19.0	13058.0	12907.9	 0.2371	 100.00	   2.61
    263	400142	     60	   23.0	13061.0	12908.5	 0.2370	 100.00	   2.61
    264	400142	     60	   18.0	13059.0	12909.1	 0.2370	 100.00	   2.61
    265	400142	     60	   15.0	13052.0	12909.6	 0.2369	 100.00	   2.61
    266	400142	     60	   21.0	13059.0	12910.2	 0.2374	 100.00	   2.61
    267	400142	     60	   24.0	13059.0	12910.7	 0.2376	 100.00	   2.62
    268	400142	     60	   28.0	13059.0	12911.3	 0.2376	 100.00	   2.62
    269	400142	     60	   20.0	13059.0	12911.8	 0.2377	 100.00	   2.62
    270	400142	     60	   17.0	13062.0	12912.4	 0.2378	 100.00	   2.62
    271	400142	     60	   14.0	13060.0	12912.9	 0.2375	 100.00	   2.62
    272	400142	     60	   18.0	13058.0	12913.5	 0.2371	 100.00	   2.62
    273	400142	     60	   14.0	13062.0	12914.0	 0.2371	 100.00	   2.62
    274	400142	     60	   13.0	13059.0	12914.5	 0.2368	 100.00	   2.62
    275	400142	     60	   17.0	13058.0	12915.1	 0.2366	 100.00	   2.63
    276	400142	     60	   18.0	13060.0	12915.6	 0.2363	 100.00	   2.63
    277	400142	     60	   24.0	13060.0	12916.1	 0.2362	 100.00	   2.63
    278	400142	     60	   14.0	13054.0	12916.6	 0.2363	 100.00	   2.63
    279	400142	     60	   18.0	13062.0	12917.1	 0.2363	 100.00	   2.63
    280	400142	     60	   22.0	13060.0	12917.6	 0.2363	 100.00	   2.63
    281	400142	     60	   14.0	13058.0	12918.1	 0.2363	 100.00	   2.63
    282	400142	     60	   25.0	13061.0	12918.6	 0.2362	 100.00	   2.63
    283	400142	     60	   19.0	13058.0	12919.1	 0.2362	 100.00	   2.63
    284	400142	     60	   19.0	13055.0	12919.6	 0.2366	 100.00	   2.63
    285	400142	     60	   23.0	13058.0	12920.1	 0.2365	 100.00	   2.64
    286	400142	     60	   22.0	13056.0	12920.6	 0.2365	 100.00	   2.64
    287	400142	     60	   24.0	13056.0	12921.0	 0.2366	 100.00	   2.64
    288	400142	     60	   19.0	13053.0	12921.5	 0.2366	 100.00	   2.64
    289	400142	     60	   20.0	13057.0	12921.9	 0.2364	 100.00	   2.64
    290	400142	     60	   25.0	13064.0	12922.4	 0.2367	 100.00	   2.64
    291	400142	     60	   18.0	13062.0	12922.9	 0.2368	 100.00	   2.64
    292	400142	     60	   26.0	13058.0	12923.4	 0.2368	 100.00	   2.64
    293	400142	     60	   22.0	13064.0	12923.9	 0.2370	 100.00	   2.64
    294	400142	     60	   22.0	13060.0	12924.3	 0.2368	 100.00	   2.65
    295	400142	     60	   18.0	13062.0	12924.8	 0.2368	 100.00	   2.65
    296	400142	     60	   17.0	13057.0	12925.2	 0.2368	 100.00	   2.65
    297	400142	     60	   26.0	13057.0	12925.7	 0.2369	 100.00	   2.65
    298	400142	     60	   14.0	13057.0	12926.1	 0.2368	 100.00	   2.65
    299	400142	     60	   12.0	13059.0	12926.5	 0.2365	 100.00	   2.65
    300	400142	     60	   23.0	13060.0	12927.0	 0.2363	 100.00	   2.65
    301	400142	     60	   20.0	13060.0	12927.4	 0.2363	 100.00	   2.65
    302	400142	     60	   17.0	13063.0	12927.9	 0.2362	 100.00	   2.65
    303	400142	     60	   21.0	13062.0	12928.3	 0.2365	 100.00	   2.65
    304	400142	     60	   21.0	13059.0	12928.7	 0.2364	 100.00	   2.66
    305	400142	     60	   23.0	13056.0	12929.2	 0.2363	 100.00	   2.66
    306	400142	     60	   22.0	13062.0	12929.6	 0.2364	 100.00	   2.66
    307	400142	     60	   15.0	13061.0	12930.0	 0.2364	 100.00	   2.66
    308	400142	     60	   25.0	13056.0	12930.4	 0.2363	 100.00	   2.66
    309	400142	     60	   17.0	13061.0	12930.9	 0.2363	 100.00	   2.66
    310	400142	     60	   22.0	13059.0	12931.3	 0.2363	 100.00	   2.66
    311	400142	     60	   16.0	13063.0	12931.7	 0.2364	 100.00	   2.66
    312	400142	     60	   17.0	13060.0	12932.1	 0.2364	 100.00	   2.66
    313	400142	     60	   21.0	13063.0	12932.5	 0.2363	 100.00	   2.66
    314	400142	     60	   15.0	13058.0	12932.9	 0.2364	 100.00	   2.66
    315	400142	     60	   17.0	13061.0	12933.3	 0.2362	 100.00	   2.67
    316	400142	     60	   21.0	13056.0	12933.7	 0.2362	 100.00	   2.67
    317	400142	     60	   24.0	13066.0	12934.1	 0.2360	 100.00	   2.67
    318	400142	     60	   22.0	13060.0	12934.5	 0.2360	 100.00	   2.67
    319	400142	     60	   18.0	13058.0	12934.9	 0.2362	 100.00	   2.67
    320	400142	     60	   22.0	13060.0	12935.3	 0.2363	 100.00	   2.67
    321	400142	     60	   19.0	13061.0	12935.7	 0.2362	 100.00	   2.67
    322	400142	     60	   20.0	13055.0	12936.0	 0.2362	 100.00	   2.67
    323	400142	     60	   20.0	13061.0	12936.4	 0.2366	 100.00	   2.67
    324	400142	     60	   22.0	13057.0	12936.8	 0.2364	 100.00	   2.67
    325	400142	     60	   17.0	13060.0	12937.2	 0.2360	 100.00	   2.67
    326	400142	     60	   15.0	13061.0	12937.6	 0.2361	 100.00	   2.67
    327	400142	     60	   22.0	13059.0	12937.9	 0.2360	 100.00	   2.68
    328	400142	     60	   27.0	13054.0	12938.3	 0.2361	 100.00	   2.68
    329	400142	     60	   20.0	13056.0	12938.6	 0.2362	 100.00	   2.68
    330	400142	     60	   17.0	13055.0	12939.0	 0.2361	 100.00	   2.68
    331	400142	     60	   20.0	13051.0	12939.3	 0.2360	 100.00	   2.68
    332	400142	     60	   22.0	13055.0	12939.7	 0.2359	 100.00	   2.68
    333	400142	     60	   17.0	13056.0	12940.0	 0.2359	 100.00	   2.68
    334	400142	     60	   12.0	13056.0	12940.4	 0.2356	 100.00	   2.68
    335	400142	     60	   13.0	13061.0	12940.7	 0.2354	 100.00	   2.68
    336	400142	     60	   20.0	13057.0	12941.1	 0.2356	 100.00	   2.68
    337	400142	     60	   18.0	13061.0	12941.4	 0.2352	 100.00	   2.68
    338	400142	     60	   20.0	13053.0	12941.8	 0.2356	 100.00	   2.68
    339	400142	     60	   16.0	13051.0	12942.1	 0.2353	 100.00	   2.69
    340	400142	     60	   23.0	13056.0	12942.4	 0.2352	 100.00	   2.69
    341	400142	     60	   19.0	13059.0	12942.8	 0.2350	 100.00	   2.69
    342	400142	     60	   22.0	13055.0	12943.1	 0.2348	 100.00	   2.69
    343	400142	     60	   16.0	13057.0	12943.4	 0.2348	 100.00	   2.69
    344	400142	     60	   22.0	13053.0	12943.7	 0.2350	 100.00	   2.69
    345	400142	     60	   20.0	13055.0	12944.1	 0.2349	 100.00	   2.69
    346	400142	     60	   20.0	13053.0	12944.4	 0.2349	 100.00	   2.69
    347	400142	     60	   18.0	13057.0	12944.7	 0.2349	 100.00	   2.69
    348	400142	     60	   19.0	13066.0	12945.0	 0.2349	 100.00	   2.69
    349	400142	     60	   24.0	13052.0	12945.3	 0.2350	 100.00	   2.69
    350	400142	     60	   20.0	13060.0	12945.7	 0.2348	 100.00	   2.69
    351	400142	     60	   10.0	13058.0	12946.0	 0.2348	 100.00	   2.70
    352	400142	     60	   23.0	13053.0	12946.3	 0.2350	 100.00	   2.70
    353	400142	     60	   24.0	13063.0	12946.6	 0.2350	 100.00	   2.70
    354	400142	     60	   17.0	13054.0	12946.9	 0.2351	 100.00	   2.70
    355	400142	     60	   18.0	13060.0	12947.2	 0.2349	 100.00	   2.70
    356	400142	     60	   21.0	13059.0	12947.6	 0.2350	 100.00	   2.70
    357	400142	     60	   18.0	13063.0	12947.9	 0.2352	 100.00	   2.70
    358	400142	     60	   15.0	13064.0	12948.2	 0.2351	 100.00	   2.70
    359	400142	     60	   24.0	13054.0	12948.5	 0.2354	 100.00	   2.70
    360	400142	     60	   18.0	13056.0	12948.8	 0.2354	 100.00	   2.70
    361	400142	     60	   21.0	13055.0	12949.1	 0.2353	 100.00	   2.70
    362	400142	     60	   18.0	13055.0	12949.4	 0.2353	 100.00	   2.70
    363	400142	     60	   17.0	13062.0	12949.7	 0.2351	 100.00	   2.70
    364	400142	     60	   28.0	13058.0	12950.0	 0.2351	 100.00	   2.70
    365	400142	     60	   19.0	13055.0	12950.3	 0.2350	 100.00	   2.71
    366	400142	     60	   20.0	13057.0	12950.6	 0.2350	 100.00	   2.71
    367	400142	     60	   18.0	13065.0	12950.9	 0.2351	 100.00	   2.71
    368	400142	     60	   19.0	13056.0	12951.2	 0.2352	 100.00	   2.71
    369	400142	     60	   20.0	13056.0	12951.4	 0.2352	 100.00	   2.71
    370	400142	     60	   23.0	13059.0	12951.7	 0.2349	 100.00	   2.71
    371	400142	     60	   22.0	13051.0	12952.0	 0.2346	 100.00	   2.71
    372	400142	     60	   20.0	13055.0	12952.3	 0.2347	 100.00	   2.71
    373	400142	     60	   18.0	13055.0	12952.6	 0.2347	 100.00	   2.71
    374	400142	     60	   23.0	13052.0	12952.8	 0.2347	 100.00	   2.71
    375	400142	     60	   20.0	13056.0	12953.1	 0.2347	 100.00	   2.71
    376	400142	     60	   16.0	13056.0	12953.4	 0.2347	 100.00	   2.71
    377	400142	     60	   23.0	13057.0	12953.6	 0.2346	 100.00	   2.71
    378	400142	     60	   15.0	13056.0	12953.9	 0.2345	 100.00	   2.71
    379	400142	     60	   18.0	13054.0	12954.2	 0.2345	 100.00	   2.71
    380	400142	     60	   25.0	13059.0	12954.4	 0.2345	 100.00	   2.71
    381	400142	     60	   16.0	13057.0	12954.7	 0.2342	 100.00	   2.71
    382	400142	     60	   23.0	13058.0	12955.0	 0.2343	 100.00	   2.72
    383	400142	     60	   14.0	13056.0	12955.2	 0.2341	 100.00	   2.72
    384	400142	     60	   21.0	13053.0	12955.5	 0.2342	 100.00	   2.72
    385	400142	     60	   20.0	13059.0	12955.8	 0.2342	 100.00	   2.72
    386	400142	     60	   13.0	13058.0	12956.0	 0.2341	 100.00	   2.72
    387	400142	     60	   29.0	13057.0	12956.3	 0.2341	 100.00	   2.72
    388	400142	     60	   20.0	13057.0	12956.6	 0.2340	 100.00	   2.72
    389	400142	     60	   19.0	13060.0	12956.8	 0.2341	 100.00	   2.72
    390	400142	     60	   27.0	13057.0	12957.1	 0.2341	 100.00	   2.72
    391	400142	     60	   17.0	13062.0	12957.3	 0.2339	 100.00	   2.72
    392	400142	     60	   20.0	13056.0	12957.6	 0.2338	 100.00	   2.72
    393	400142	     60	   14.0	13058.0	12957.8	 0.2337	 100.00	   2.72
    394	400142	     60	   18.0	13058.0	12958.1	 0.2338	 100.00	   2.72
    395	400142	     60	   21.0	13059.0	12958.4	 0.2335	 100.00	   2.72
    396	400142	     60	   22.0	13055.0	12958.6	 0.2336	 100.00	   2.72
    397	400142	     60	   20.0	13057.0	12958.8	 0.2336	 100.00	   2.72
    398	400142	     60	   23.0	13064.0	12959.1	 0.2336	 100.00	   2.72
    399	400142	     60	   16.0	13060.0	12959.4	 0.2338	 100.00	   2.72
    400	400142	     60	   25.0	13057.0	12959.6	 0.2337	 100.00	   2.73
    401	400142	     60	   20.0	13059.0	12959.9	 0.2336	 100.00	   2.73
    402	400142	     60	   18.0	13057.0	12960.1	 0.2335	 100.00	   2.73
    403	400142	     60	   12.0	13055.0	12960.3	 0.2335	 100.00	   2.73
    404	400142	     60	   20.0	13057.0	12960.6	 0.2332	 100.00	   2.73
    405	400142	     60	   21.0	13060.0	12960.8	 0.2332	 100.00	   2.73
    406	400142	     60	   22.0	13058.0	12961.1	 0.2332	 100.00	   2.73
    407	400142	     60	   18.0	13062.0	12961.3	 0.2333	 100.00	   2.73
    408	400142	     60	   19.0	13057.0	12961.5	 0.2333	 100.00	   2.73
    409	400142	     60	   22.0	13059.0	12961.8	 0.2332	 100.00	   2.73
    410	400142	     60	   31.0	13058.0	12962.0	 0.2335	 100.00	   2.73
    411	400142	     60	   17.0	13055.0	12962.2	 0.2335	 100.00	   2.73
    412	400142	     60	   22.0	13057.0	12962.5	 0.2334	 100.00	   2.73
    413	400142	     60	   15.0	13056.0	12962.7	 0.2334	 100.00	   2.73
    414	400142	     60	   20.0	13058.0	12962.9	 0.2334	 100.00	   2.73
    415	400142	     60	   16.0	13052.0	12963.1	 0.2337	 100.00	   2.73
    416	400142	     60	   20.0	13052.0	12963.3	 0.2335	 100.00	   2.73
    417	400142	     60	   20.0	13056.0	12963.6	 0.2336	 100.00	   2.73
    418	400142	     60	   19.0	13053.0	12963.8	 0.2338	 100.00	   2.73
    419	400142	     60	   22.0	13057.0	12964.0	 0.2335	 100.00	   2.74
    420	400142	     60	   18.0	13051.0	12964.2	 0.2335	 100.00	   2.74
    421	400142	     60	   15.0	13052.0	12964.4	 0.2334	 100.00	   2.74
    422	400142	     60	   21.0	13061.0	12964.6	 0.2332	 100.00	   2.74
    423	400142	     60	   21.0	13058.0	12964.9	 0.2331	 100.00	   2.74
    424	400142	     60	   16.0	13054.0	12965.1	 0.2333	 100.00	   2.74
    425	400142	     60	   17.0	13053.0	12965.3	 0.2333	 100.00	   2.74
    426	400142	     60	   21.0	13056.0	12965.5	 0.2333	 100.00	   2.74
    427	400142	     60	   19.0	13057.0	12965.7	 0.2334	 100.00	   2.74
    428	400142	     60	   19.0	13054.0	12965.9	 0.2334	 100.00	   2.74
    429	400142	     60	   21.0	13057.0	12966.1	 0.2332	 100.00	   2.74
    430	400142	     60	   19.0	13060.0	12966.3	 0.2331	 100.00	   2.74
    431	400142	     60	   24.0	13054.0	12966.5	 0.2329	 100.00	   2.74
    432	400142	     60	   21.0	13055.0	12966.7	 0.2327	 100.00	   2.74
    433	400142	     60	   19.0	13052.0	12966.9	 0.2326	 100.00	   2.74
    434	400142	     60	   18.0	13048.0	12967.1	 0.2325	 100.00	   2.74
    435	400142	     60	   31.0	13065.0	12967.4	 0.2329	 100.00	   2.74
    436	400142	     60	   23.0	13058.0	12967.6	 0.2327	 100.00	   2.74
    437	400142	     60	   22.0	13064.0	12967.8	 0.2325	 100.00	   2.74
    438	400142	     60	   22.0	13058.0	12968.0	 0.2325	 100.00	   2.74
    439	400142	     60	   19.0	13065.0	12968.2	 0.2325	 100.00	   2.74
    440	400142	     60	   14.0	13061.0	12968.4	 0.2326	 100.00	   2.75
    441	400142	     60	   27.0	13060.0	12968.6	 0.2325	 100.00	   2.75
    442	400142	     60	   25.0	13059.0	12968.8	 0.2323	 100.00	   2.75
    443	400142	     60	   18.0	13055.0	12969.0	 0.2323	 100.00	   2.75
    444	400142	     60	   18.0	13061.0	12969.2	 0.2322	 100.00	   2.75
    445	400142	     60	   10.0	13061.0	12969.4	 0.2322	 100.00	   2.75
    446	400142	     60	   22.0	13061.0	12969.6	 0.2323	 100.00	   2.75
    447	400142	     60	   17.0	13060.0	12969.8	 0.2323	 100.00	   2.75
    448	400142	     60	   24.0	13050.0	12970.0	 0.2323	 100.00	   2.75
    449	400142	     60	   20.0	13064.0	12970.2	 0.2323	 100.00	   2.75
    450	400142	     60	   17.0	13061.0	12970.4	 0.2323	 100.00	   2.75
    451	400142	     60	   26.0	13061.0	12970.6	 0.2322	 100.00	   2.75
    452	400142	     60	   18.0	13053.0	12970.8	 0.2323	 100.00	   2.75
    453	400142	     60	   18.0	13059.0	12971.0	 0.2322	 100.00	   2.75
    454	400142	     60	   23.0	13060.0	12971.2	 0.2321	 100.00	   2.75
    455	400142	     60	   13.0	13059.0	12971.4	 0.2320	 100.00	   2.75
    456	400142	     60	   21.0	13054.0	12971.6	 0.2320	 100.00	   2.75
    457	400142	     60	   24.0	13060.0	12971.8	 0.2319	 100.00	   2.75
    458	400142	     60	   17.0	13057.0	12972.0	 0.2318	 100.00	   2.75
    459	400142	     60	   15.0	13060.0	12972.1	 0.2317	 100.00	   2.75
    460	400142	     60	   16.0	13058.0	12972.3	 0.2317	 100.00	   2.75
    461	400142	     60	   21.0	13055.0	12972.5	 0.2317	 100.00	   2.76
    462	400142	     60	   23.0	13058.0	12972.7	 0.2317	 100.00	   2.76
    463	400142	     60	   15.0	13059.0	12972.9	 0.2315	 100.00	   2.76
    464	400142	     60	   26.0	13061.0	12973.1	 0.2315	 100.00	   2.76
    465	400142	     60	   18.0	13061.0	12973.3	 0.2315	 100.00	   2.76
    466	400142	     60	   18.0	13061.0	12973.4	 0.2317	 100.00	   2.76
    467	400142	     60	   14.0	13065.0	12973.6	 0.2314	 100.00	   2.76
    468	400142	     60	   24.0	13059.0	12973.8	 0.2313	 100.00	   2.76
    469	400142	     60	   23.0	13060.0	12974.0	 0.2312	 100.00	   2.76
    470	400142	     60	   16.0	13056.0	12974.2	 0.2312	 100.00	   2.76
    471	400142	     60	   15.0	13063.0	12974.4	 0.2311	 100.00	   2.76
    472	400142	     60	   22.0	13059.0	12974.6	 0.2311	 100.00	   2.76
    473	400142	     60	   15.0	13058.0	12974.7	 0.2309	 100.00	   2.76
    474	400142	     60	   16.0	13060.0	12974.9	 0.2308	 100.00	   2.76
    475	400142	     60	   16.0	13060.0	12975.1	 0.2309	 100.00	   2.76
    476	400142	     60	   17.0	13061.0	12975.3	 0.2310	 100.00	   2.76
    477	400142	     60	   21.0	13060.0	12975.4	 0.2309	 100.00	   2.76
    478	400142	     60	   15.0	13063.0	12975.6	 0.2308	 100.00	   2.76
    479	400142	     60	   15.0	13064.0	12975.8	 0.2308	 100.00	   2.76
    480	400142	     60	   21.0	13063.0	12976.0	 0.2309	 100.00	   2.76
    481	400142	     60	   14.0	13063.0	12976.2	 0.2312	 100.00	   2.76
    482	400142	     60	   21.0	13060.0	12976.3	 0.2310	 100.00	   2.76
    483	400142	     60	   21.0	13059.0	12976.5	 0.2311	 100.00	   2.77
    484	400142	     60	   19.0	13052.0	12976.7	 0.2309	 100.00	   2.76
    485	400142	     60	   18.0	13062.0	12976.8	 0.2308	 100.00	   2.77
    486	400142	     60	   15.0	13061.0	12977.0	 0.2308	 100.00	   2.77
    487	400142	     60	   20.0	13061.0	12977.2	 0.2306	 100.00	   2.77
    488	400142	     60	   23.0	13056.0	12977.4	 0.2306	 100.00	   2.77
    489	400142	     60	   21.0	13059.0	12977.5	 0.2306	 100.00	   2.77
    490	400142	     60	   17.0	13060.0	12977.7	 0.2306	 100.00	   2.77
    491	400142	     60	   23.0	13059.0	12977.9	 0.2306	 100.00	   2.77
    492	400142	     60	   23.0	13056.0	12978.0	 0.2305	 100.00	   2.77
    493	400142	     60	   17.0	13057.0	12978.2	 0.2304	 100.00	   2.77
    494	400142	     60	   18.0	13055.0	12978.3	 0.2305	 100.00	   2.77
    495	400142	     60	   16.0	13057.0	12978.5	 0.2302	 100.00	   2.77
    496	400142	     60	   17.0	13056.0	12978.6	 0.2302	 100.00	   2.77
    497	400142	     60	   21.0	13057.0	12978.8	 0.2304	 100.00	   2.77
    498	400142	     60	   23.0	13062.0	12979.0	 0.2304	 100.00	   2.77
    499	400142	     60	   17.0	13059.0	12979.1	 0.2304	 100.00	   2.77
    500	400142	     60	   22.0	13059.0	12979.3	 0.2306	 100.00	   2.77
    501	400142	     60	   19.0	13058.0	12979.4	 0.2306	 100.00	   2.77
    502	400142	     60	   25.0	13059.0	12979.6	 0.2307	 100.00	   2.77
    503	400142	     60	   19.0	13062.0	12979.8	 0.2307	 100.00	   2.77
    504	400142	     60	   21.0	13061.0	12979.9	 0.2307	 100.00	   2.77
    505	400142	     60	   16.0	13061.0	12980.1	 0.2306	 100.00	   2.77
    506	400142	     60	   20.0	13059.0	12980.2	 0.2305	 100.00	   2.77
    507	400142	     60	   23.0	13058.0	12980.4	 0.2306	 100.00	   2.77
    508	400142	     60	   20.0	13056.0	12980.5	 0.2306	 100.00	   2.77
    509	400142	     60	   17.0	13065.0	12980.7	 0.2306	 100.00	   2.78
    510	400142	     60	   24.0	13057.0	12980.9	 0.2307	 100.00	   2.78
    511	400142	     60	   20.0	13063.0	12981.0	 0.2308	 100.00	   2.78
    512	400142	     60	   22.0	13055.0	12981.2	 0.2309	 100.00	   2.78
    513	400142	     60	   17.0	13058.0	12981.3	 0.2309	 100.00	   2.78
    514	400142	     60	   15.0	13057.0	12981.5	 0.2309	 100.00	   2.78
    515	400142	     60	   18.0	13057.0	12981.6	 0.2309	 100.00	   2.78
    516	400142	     60	   23.0	13052.0	12981.7	 0.2311	 100.00	   2.78
    517	400142	     60	   13.0	13059.0	12981.9	 0.2310	 100.00	   2.78
    518	400142	     60	   19.0	13058.0	12982.0	 0.2310	 100.00	   2.78
    519	400142	     60	   18.0	13058.0	12982.2	 0.2310	 100.00	   2.78
    520	400142	     60	   19.0	13057.0	12982.3	 0.2310	 100.00	   2.78
    521	400142	     60	   22.0	13057.0	12982.5	 0.2311	 100.00	   2.78
    522	400142	     60	   22.0	13057.0	12982.6	 0.2310	 100.00	   2.78
    523	400142	     60	   22.0	13061.0	12982.8	 0.2310	 100.00	   2.78
    524	400142	     60	   12.0	13061.0	12982.9	 0.2310	 100.00	   2.78
    525	400142	     60	   18.0	13055.0	12983.0	 0.2310	 100.00	   2.78
    526	400142	     60	   24.0	13057.0	12983.2	 0.2309	 100.00	   2.78
    527	400142	     60	   18.0	13061.0	12983.3	 0.2309	 100.00	   2.78
    528	400142	     60	   22.0	13059.0	12983.5	 0.2308	 100.00	   2.78
    529	400142	     60	   14.0	13061.0	12983.6	 0.2307	 100.00	   2.78
    530	400142	     60	   22.0	13057.0	12983.8	 0.2306	 100.00	   2.78
    531	400142	     60	   20.0	13065.0	12983.9	 0.2307	 100.00	   2.78
    532	400142	     60	   23.0	13058.0	12984.1	 0.2307	 100.00	   2.78
    533	400142	     60	   21.0	13055.0	12984.2	 0.2306	 100.00	   2.78
    534	400142	     60	   21.0	13058.0	12984.3	 0.2306	 100.00	   2.78
    535	400142	     60	   19.0	13059.0	12984.5	 0.2306	 100.00	   2.78
    536	400142	     60	   24.0	13059.0	12984.6	 0.2305	 100.00	   2.78
    537	400142	     60	   14.0	13057.0	12984.7	 0.2305	 100.00	   2.78
    538	400142	     60	   22.0	13059.0	12984.9	 0.2305	 100.00	   2.78
    539	400142	     60	   19.0	13058.0	12985.0	 0.2306	 100.00	   2.79
    540	400142	     60	   15.0	13057.0	12985.1	 0.2306	 100.00	   2.79
    541	400142	     60	   19.0	13058.0	12985.3	 0.2305	 100.00	   2.79
    542	400142	     60	   16.0	13060.0	12985.4	 0.2304	 100.00	   2.79
    543	400142	     60	   19.0	13059.0	12985.6	 0.2304	 100.00	   2.79
    544	400142	     60	   19.0	13052.0	12985.7	 0.2304	 100.00	   2.79
    545	400142	     60	   14.0	13060.0	12985.8	 0.2302	 100.00	   2.79
    546	400142	     60	   19.0	13059.0	12985.9	 0.2302	 100.00	   2.79
    547	400142	     60	   18.0	13061.0	12986.1	 0.2301	 100.00	   2.79
    548	400142	     60	   18.0	13055.0	12986.2	 0.2299	 100.00	   2.79
    549	400142	     60	   20.0	13057.0	12986.3	 0.2298	 100.00	   2.79
    550	400142	     60	   19.0	13062.0	12986.5	 0.2298	 100.00	   2.79
    551	400142	     60	   17.0	13065.0	12986.6	 0.2296	 100.00	   2.79
    552	400142	     60	   21.0	13060.0	12986.7	 0.2296	 100.00	   2.79
    553	400142	     60	   24.0	13056.0	12986.9	 0.2296	 100.00	   2.79
    554	400142	     60	   16.0	13054.0	12987.0	 0.2295	 100.00	   2.79
    555	400142	     60	   19.0	13059.0	12987.1	 0.2295	 100.00	   2.79
    556	400142	     60	   19.0	13058.0	12987.2	 0.2294	 100.00	   2.79
    557	400142	     60	   22.0	13056.0	12987.4	 0.2294	 100.00	   2.79
    558	400142	     60	   20.0	13062.0	12987.5	 0.2295	 100.00	   2.79
    559	400142	     60	   23.0	13061.0	12987.6	 0.2295	 100.00	   2.79
    560	400142	     60	   22.0	13055.0	12987.8	 0.2294	 100.00	   2.79
    561	400142	     60	   21.0	13060.0	12987.9	 0.2292	 100.00	   2.79
    562	400142	     60	   21.0	13057.0	12988.0	 0.2293	 100.00	   2.79
    563	400142	     60	   18.0	13061.0	12988.1	 0.2294	 100.00	   2.79
    564	400142	     60	   21.0	13056.0	12988.3	 0.2294	 100.00	   2.79
    565	400142	     60	   18.0	13060.0	12988.4	 0.2294	 100.00	   2.79
    566	400142	     60	   18.0	13062.0	12988.5	 0.2295	 100.00	   2.79
    567	400142	     60	   18.0	13062.0	12988.6	 0.2296	 100.00	   2.79
    568	400142	     60	   14.0	13058.0	12988.8	 0.2296	 100.00	   2.79
    569	400142	     60	   21.0	13057.0	12988.9	 0.2296	 100.00	   2.79
    570	400142	     60	   16.0	13059.0	12989.0	 0.2295	 100.00	   2.79
    571	400142	     60	   15.0	13064.0	12989.1	 0.2293	 100.00	   2.79
    572	400142	     60	   17.0	13059.0	12989.3	 0.2295	 100.00	   2.80
    573	400142	     60	   14.0	13061.0	12989.4	 0.2293	 100.00	   2.80
    574	400142	     60	   29.0	13058.0	12989.5	 0.2294	 100.00	   2.80
    575	400142	     60	   18.0	13056.0	12989.6	 0.2296	 100.00	   2.80
    576	400142	     60	   19.0	13053.0	12989.7	 0.2294	 100.00	   2.80
    577	400142	     60	   16.0	13055.0	12989.8	 0.2294	 100.00	   2.80
    578	400142	     60	   18.0	13055.0	12990.0	 0.2293	 100.00	   2.80
    579	400142	     60	   21.0	13052.0	12990.1	 0.2293	 100.00	   2.80
    580	400142	     60	   29.0	13059.0	12990.2	 0.2294	 100.00	   2.80
    581	400142	     60	   18.0	13065.0	12990.3	 0.2293	 100.00	   2.80
    582	400142	     60	   20.0	13059.0	12990.4	 0.2293	 100.00	   2.80
    583	400142	     60	   11.0	13064.0	12990.6	 0.2292	 100.00	   2.80
    584	400142	     60	   21.0	13059.0	12990.7	 0.2293	 100.00	   2.80
    585	400142	     60	   23.0	13058.0	12990.8	 0.2292	 100.00	   2.80
    586	400142	     60	   21.0	13065.0	12990.9	 0.2292	 100.00	   2.80
    587	400142	     60	   16.0	13061.0	12991.0	 0.2291	 100.00	   2.80
    588	400142	     60	   20.0	13061.0	12991.2	 0.2291	 100.00	   2.80
    589	400142	     60	   22.0	13053.0	12991.3	 0.2291	 100.00	   2.80
    590	400142	     60	   13.0	13056.0	12991.4	 0.2291	 100.00	   2.80
    591	400142	     60	   16.0	13060.0	12991.5	 0.2291	 100.00	   2.80
    592	400142	     60	   18.0	13060.0	12991.6	 0.2291	 100.00	   2.80
    593	400142	     60	   21.0	13053.0	12991.7	 0.2291	 100.00	   2.80
    594	400142	     60	   22.0	13059.0	12991.8	 0.2292	 100.00	   2.80
    595	400142	     60	   21.0	13060.0	12991.9	 0.2292	 100.00	   2.80
    596	400142	     60	   22.0	13054.0	12992.0	 0.2291	 100.00	   2.80
    597	400142	     60	   22.0	13064.0	12992.2	 0.2290	 100.00	   2.80
    598	400142	     60	   22.0	13058.0	12992.3	 0.2290	 100.00	   2.80
    599	400142	     60	   17.0	13065.0	12992.4	 0.2290	 100.00	   2.80
    600	400142	     60	   19.0	13054.0	12992.5	 0.2289	 100.00	   2.80
    601	400142	     60	   17.0	13055.0	12992.6	 0.2289	 100.00	   2.80
    602	400142	     60	   23.0	13060.0	12992.7	 0.2289	 100.00	   2.80
    603	400142	     60	   13.0	13061.0	12992.8	 0.2290	 100.00	   2.80
    604	400142	     60	   16.0	13059.0	12992.9	 0.2289	 100.00	   2.80
    605	400142	     60	   14.0	13057.0	12993.0	 0.2288	 100.00	   2.80
    606	400142	     60	   22.0	13063.0	12993.1	 0.2288	 100.00	   2.80
    607	400142	     60	   16.0	13065.0	12993.3	 0.2288	 100.00	   2.81
    608	400142	     60	   20.0	13059.0	12993.4	 0.2288	 100.00	   2.81
    609	400142	     60	   15.0	13064.0	12993.5	 0.2288	 100.00	   2.81
    610	400142	     60	   24.0	13056.0	12993.6	 0.2288	 100.00	   2.81
    611	400142	     60	   19.0	13057.0	12993.7	 0.2289	 100.00	   2.81
    612	400142	     60	   26.0	13061.0	12993.8	 0.2288	 100.00	   2.81
    613	400142	     60	   12.0	13065.0	12993.9	 0.2288	 100.00	   2.81
    614	400142	     60	   21.0	13064.0	12994.0	 0.2286	 100.00	   2.81
    615	400142	     60	   28.0	13056.0	12994.1	 0.2286	 100.00	   2.81
    616	400142	     60	   20.0	13056.0	12994.2	 0.2285	 100.00	   2.81
    617	400142	     60	   17.0	13055.0	12994.3	 0.2285	 100.00	   2.81
    618	400142	     60	   18.0	13059.0	12994.4	 0.2286	 100.00	   2.81
    619	400142	     60	   20.0	13065.0	12994.5	 0.2287	 100.00	   2.81
    620	400142	     60	   26.0	13059.0	12994.7	 0.2288	 100.00	   2.81
    621	400142	     60	   18.0	13061.0	12994.8	 0.2287	 100.00	   2.81
    622	400142	     60	   20.0	13061.0	12994.9	 0.2287	 100.00	   2.81
    623	400142	     60	   20.0	13063.0	12995.0	 0.2287	 100.00	   2.81
    624	400142	     60	   19.0	13058.0	12995.1	 0.2286	 100.00	   2.81
    625	400142	     60	   20.0	13054.0	12995.2	 0.2286	 100.00	   2.81
    626	400142	     60	   20.0	13056.0	12995.3	 0.2286	 100.00	   2.81
    627	400142	     60	   18.0	13060.0	12995.4	 0.2286	 100.00	   2.81
    628	400142	     60	   21.0	13059.0	12995.5	 0.2285	 100.00	   2.81
    629	400142	     60	   16.0	13057.0	12995.6	 0.2285	 100.00	   2.81
    630	400142	     60	   16.0	13059.0	12995.7	 0.2285	 100.00	   2.81
    631	400142	     60	   15.0	13060.0	12995.8	 0.2285	 100.00	   2.81
    632	400142	     60	   17.0	13055.0	12995.9	 0.2284	 100.00	   2.81
    633	400142	     60	   21.0	13064.0	12996.0	 0.2284	 100.00	   2.81
    634	400142	     60	   19.0	13061.0	12996.1	 0.2283	 100.00	   2.81
    635	400142	     60	   20.0	13061.0	12996.2	 0.2284	 100.00	   2.81
    636	400142	     60	   16.0	13057.0	12996.3	 0.2282	 100.00	   2.81
    637	400142	     60	   16.0	13053.0	12996.4	 0.2281	 100.00	   2.81
    638	400142	     60	   21.0	13060.0	12996.5	 0.2280	 100.00	   2.81
    639	400142	     60	   23.0	13059.0	12996.6	 0.2280	 100.00	   2.81
    640	400142	     60	   23.0	13058.0	12996.7	 0.2280	 100.00	   2.81
    641	400142	     60	   14.0	13060.0	12996.8	 0.2280	 100.00	   2.81
    642	400142	     60	   21.0	13063.0	12996.9	 0.2280	 100.00	   2.81
    643	400142	     60	   14.0	13061.0	12997.0	 0.2280	 100.00	   2.81
    644	400142	     60	   21.0	13064.0	12997.1	 0.2280	 100.00	   2.81
    645	400142	     60	   18.0	13062.0	12997.2	 0.2280	 100.00	   2.81
    646	400142	     60	   20.0	13062.0	12997.3	 0.2279	 100.00	   2.82
    647	400142	     60	   12.0	13062.0	12997.4	 0.2278	 100.00	   2.82
    648	400142	     60	   16.0	13060.0	12997.5	 0.2277	 100.00	   2.82
    649	400142	     60	   14.0	13060.0	12997.6	 0.2276	 100.00	   2.82
    650	400142	     60	   19.0	13061.0	12997.7	 0.2277	 100.00	   2.82
    651	400142	     60	   21.0	13058.0	12997.7	 0.2276	 100.00	   2.82
    652	400142	     60	   26.0	13064.0	12997.8	 0.2277	 100.00	   2.82
    653	400142	     60	   19.0	13065.0	12997.9	 0.2277	 100.00	   2.82
    654	400142	     60	   16.0	13059.0	12998.0	 0.2277	 100.00	   2.82
    655	400142	     60	   23.0	13066.0	12998.1	 0.2277	 100.00	   2.82
    656	400142	     60	   21.0	13049.0	12998.2	 0.2279	 100.00	   2.82
    657	400142	     60	   15.0	13052.0	12998.3	 0.2278	 100.00	   2.82
    658	400142	     60	   15.0	13051.0	12998.4	 0.2277	 100.00	   2.82
    659	400142	     60	   16.0	13053.0	12998.5	 0.2277	 100.00	   2.82
    660	400142	     60	   16.0	13053.0	12998.5	 0.2276	 100.00	   2.82
    661	400142	     60	   23.0	13060.0	12998.6	 0.2276	 100.00	   2.82
    662	400142	     60	   13.0	13055.0	12998.7	 0.2276	 100.00	   2.82
    663	400142	     60	   22.0	13059.0	12998.8	 0.2274	 100.00	   2.82
    664	400142	     60	   15.0	13056.0	12998.9	 0.2274	 100.00	   2.82
    665	400142	     60	   16.0	13056.0	12999.0	 0.2275	 100.00	   2.82
    666	400142	     60	   25.0	13055.0	12999.1	 0.2274	 100.00	   2.82
    667	400142	     60	   14.0	13057.0	12999.2	 0.2274	 100.00	   2.82
    668	400142	     60	   11.0	13058.0	12999.2	 0.2274	 100.00	   2.82
    669	400142	     60	   17.0	13061.0	12999.3	 0.2273	 100.00	   2.82
    670	400142	     60	   20.0	13053.0	12999.4	 0.2273	 100.00	   2.82
    671	400142	     60	   18.0	13061.0	12999.5	 0.2273	 100.00	   2.82
    672	400142	     60	   19.0	13056.0	12999.6	 0.2273	 100.00	   2.82
    673	400142	     60	   16.0	13060.0	12999.7	 0.2272	 100.00	   2.82
    674	400142	     60	   15.0	13057.0	12999.8	 0.2272	 100.00	   2.82
    675	400142	     60	   23.0	13058.0	12999.9	 0.2272	 100.00	   2.82
    676	400142	     60	   20.0	13054.0	12999.9	 0.2271	 100.00	   2.82
    677	400142	     60	   22.0	13052.0	13000.0	 0.2271	 100.00	   2.82
    678	400142	     60	   14.0	13054.0	13000.1	 0.2269	 100.00	   2.82
    679	400142	     60	   22.0	13058.0	13000.2	 0.2269	 100.00	   2.82
    680	400142	     60	   18.0	13056.0	13000.3	 0.2268	 100.00	   2.82
    681	400142	     60	   20.0	13056.0	13000.3	 0.2267	 100.00	   2.82
    682	400142	     60	   20.0	13054.0	13000.4	 0.2266	 100.00	   2.82
    683	400142	     60	   15.0	13053.0	13000.5	 0.2267	 100.00	   2.82
    684	400142	     60	   20.0	13055.0	13000.6	 0.2267	 100.00	   2.82
    685	400142	     60	   14.0	13059.0	13000.7	 0.2266	 100.00	   2.82
    686	400142	     60	   17.0	13054.0	13000.7	 0.2265	 100.00	   2.82
    687	400142	     60	   16.0	13058.0	13000.8	 0.2265	 100.00	   2.82
    688	400142	     60	   20.0	13056.0	13000.9	 0.2265	 100.00	   2.82
    689	400142	     60	   19.0	13051.0	13001.0	 0.2266	 100.00	   2.82
    690	400142	     60	   12.0	13055.0	13001.1	 0.2265	 100.00	   2.83
    691	400142	     60	   13.0	13060.0	13001.1	 0.2266	 100.00	   2.83
    692	400142	     60	   24.0	13056.0	13001.2	 0.2266	 100.00	   2.83
    693	400142	     60	   16.0	13056.0	13001.3	 0.2266	 100.00	   2.83
    694	400142	     60	   21.0	13057.0	13001.4	 0.2267	 100.00	   2.83
    695	400142	     60	   17.0	13058.0	13001.5	 0.2265	 100.00	   2.83
    696	400142	     60	   24.0	13064.0	13001.5	 0.2265	 100.00	   2.83
    697	400142	     60	   19.0	13055.0	13001.6	 0.2266	 100.00	   2.83
    698	400142	     60	   18.0	13053.0	13001.7	 0.2267	 100.00	   2.83
    699	400142	     60	   20.0	13057.0	13001.8	 0.2266	 100.00	   2.83
    700	400142	     60	   13.0	13056.0	13001.9	 0.2266	 100.00	   2.83
    701	400142	     60	   17.0	13059.0	13001.9	 0.2265	 100.00	   2.83
    702	400142	     60	   16.0	13055.0	13002.0	 0.2263	 100.00	   2.83
    703	400142	     60	   14.0	13059.0	13002.1	 0.2263	 100.00	   2.83
    704	400142	     60	   21.0	13054.0	13002.2	 0.2264	 100.00	   2.83
    705	400142	     60	   19.0	13057.0	13002.2	 0.2265	 100.00	   2.83
    706	400142	     60	   20.0	13059.0	13002.3	 0.2265	 100.00	   2.83
    707	400142	     60	   22.0	13059.0	13002.4	 0.2264	 100.00	   2.83
    708	400142	     60	   21.0	13056.0	13002.5	 0.2264	 100.00	   2.83
    709	400142	     60	   13.0	13055.0	13002.6	 0.2263	 100.00	   2.83
    710	400142	     60	   23.0	13060.0	13002.6	 0.2263	 100.00	   2.83
    711	400142	     60	   16.0	13060.0	13002.7	 0.2262	 100.00	   2.83
    712	400142	     60	   19.0	13055.0	13002.8	 0.2262	 100.00	   2.83
    713	400142	     60	   16.0	13055.0	13002.9	 0.2262	 100.00	   2.83
    714	400142	     60	   17.0	13060.0	13002.9	 0.2262	 100.00	   2.83
    715	400142	     60	   15.0	13063.0	13003.0	 0.2262	 100.00	   2.83
    716	400142	     60	   19.0	13058.0	13003.1	 0.2262	 100.00	   2.83
    717	400142	     60	   19.0	13057.0	13003.2	 0.2262	 100.00	   2.83
    718	400142	     60	   18.0	13053.0	13003.2	 0.2262	 100.00	   2.83
    719	400142	     60	   20.0	13061.0	13003.3	 0.2262	 100.00	   2.83
    720	400142	     60	   16.0	13055.0	13003.4	 0.2261	 100.00	   2.83
    721	400142	     60	   16.0	13057.0	13003.5	 0.2260	 100.00	   2.83
    722	400142	     60	   22.0	13055.0	13003.5	 0.2259	 100.00	   2.83
    723	400142	     60	   17.0	13064.0	13003.6	 0.2260	 100.00	   2.83
    724	400142	     60	   20.0	13056.0	13003.7	 0.2260	 100.00	   2.83
    725	400142	     60	   17.0	13059.0	13003.8	 0.2260	 100.00	   2.83
    726	400142	     60	   22.0	13059.0	13003.9	 0.2260	 100.00	   2.83
    727	400142	     60	   11.0	13058.0	13003.9	 0.2260	 100.00	   2.83
    728	400142	     60	   24.0	13058.0	13004.0	 0.2260	 100.00	   2.83
    729	400142	     60	   17.0	13059.0	13004.1	 0.2260	 100.00	   2.83
    730	400142	     60	   19.0	13056.0	13004.1	 0.2261	 100.00	   2.83
    731	400142	     60	   18.0	13056.0	13004.2	 0.2260	 100.00	   2.83
    732	400142	     60	   21.0	13057.0	13004.3	 0.2261	 100.00	   2.83
    733	400142	     60	   25.0	13056.0	13004.4	 0.2261	 100.00	   2.83
    734	400142	     60	   18.0	13060.0	13004.4	 0.2260	 100.00	   2.83
    735	400142	     60	   17.0	13061.0	13004.5	 0.2261	 100.00	   2.83
    736	400142	     60	   21.0	13056.0	13004.6	 0.2262	 100.00	   2.83
    737	400142	     60	   18.0	13060.0	13004.7	 0.2262	 100.00	   2.83
    738	400142	     60	   24.0	13058.0	13004.7	 0.2260	 100.00	   2.83
    739	400142	     60	   19.0	13053.0	13004.8	 0.2260	 100.00	   2.83
    740	400142	     60	   20.0	13055.0	13004.9	 0.2259	 100.00	   2.84
    741	400142	     60	   15.0	13052.0	13004.9	 0.2259	 100.00	   2.84
    742	400142	     60	   17.0	13055.0	13005.0	 0.2260	 100.00	   2.84
    743	400142	     60	   22.0	13061.0	13005.1	 0.2260	 100.00	   2.84
    744	400142	     60	   17.0	13054.0	13005.1	 0.2259	 100.00	   2.84
    745	400142	     60	   18.0	13052.0	13005.2	 0.2258	 100.00	   2.84
    746	400142	     60	   22.0	13060.0	13005.3	 0.2258	 100.00	   2.84
    747	400142	     60	   16.0	13058.0	13005.3	 0.2258	 100.00	   2.84
    748	400142	     60	   23.0	13049.0	13005.4	 0.2258	 100.00	   2.84
    749	400142	     60	   18.0	13055.0	13005.5	 0.2258	 100.00	   2.84
    750	400142	     60	   24.0	13059.0	13005.5	 0.2257	 100.00	   2.84
    751	400142	     60	   14.0	13053.0	13005.6	 0.2256	 100.00	   2.84
    752	400142	     60	   16.0	13055.0	13005.7	 0.2256	 100.00	   2.84
    753	400142	     60	   25.0	13056.0	13005.7	 0.2256	 100.00	   2.84
    754	400142	     60	   19.0	13057.0	13005.8	 0.2256	 100.00	   2.84
    755	400142	     60	   21.0	13062.0	13005.9	 0.2256	 100.00	   2.84
