./asc:main.c:294: warning: auxv random bytes were not cleared
  Round	    PC	Excited	Hamming	   Loss	 Regret	    MSE	  Error	   MIPS
      0	40010c	     52	12749.0	12749.0	12749.0	 0.2201	 100.00	0.07642
      1	400148	     52	  291.0	13034.0	 6517.0	 0.1685	 100.00	0.18593
      2	400148	     52	   13.0	13039.0	 4346.3	 0.2088	 100.00	0.27414
      3	400148	     52	   17.0	13044.0	 3261.0	 0.2568	 100.00	0.36397
      4	400148	     52	   16.0	13036.0	 5216.0	 0.2495	 100.00	0.44972
      5	400148	     52	   16.0	13040.0	 6520.0	 0.2516	 100.00	0.52899
      6	400148	     52	   19.0	13037.0	 7451.0	 0.2368	 100.00	0.60573
      7	400148	     52	   14.0	13037.0	 8149.2	 0.2421	 100.00	0.65238
      8	400148	     52	   13.0	13042.0	 8692.9	 0.2371	 100.00	0.73819
      9	400148	     52	   18.0	13042.0	 9127.8	 0.2440	 100.00	0.80148
     10	400148	     52	   11.0	13045.0	 9483.9	 0.2441	 100.00	0.85867
     11	400148	     52	   18.0	13043.0	 9780.5	 0.2392	 100.00	0.91564
     12	400148	     52	   23.0	13040.0	10031.2	 0.2372	 100.00	0.96876
     13	400148	     52	   19.0	13041.0	10246.2	 0.2479	 100.00	   1.02
     14	400148	     52	   13.0	13040.0	10432.5	 0.2467	 100.00	   1.07
     15	400148	     52	   15.0	13045.0	10595.8	 0.2477	 100.00	   1.11
     16	400148	     52	   19.0	13040.0	10739.5	 0.2437	 100.00	   1.16
     17	400148	     52	    9.0	13043.0	10867.5	 0.2363	 100.00	   1.20
     18	400148	     52	   17.0	13042.0	10981.9	 0.2333	 100.00	   1.24
     19	400148	     52	   21.0	13051.0	11085.4	 0.2322	 100.00	   1.28
     20	400148	     52	   15.0	13044.0	11178.7	 0.2307	 100.00	   1.31
     21	400148	     52	   16.0	13042.0	11263.4	 0.2353	 100.00	   1.35
     22	400148	     52	   19.0	13035.0	11340.4	 0.2390	 100.00	   1.38
     23	400148	     52	   16.0	13043.0	11411.3	 0.2431	 100.00	   1.41
     24	400148	     52	   18.0	13031.0	11476.1	 0.2429	 100.00	   1.44
     25	400148	     52	   11.0	13040.0	11536.3	 0.2421	 100.00	   1.47
     26	400148	     52	   23.0	13039.0	11591.9	 0.2474	 100.00	   1.50
     27	400148	     52	   10.0	13039.0	11643.6	 0.2469	 100.00	   1.53
     28	400148	     52	   24.0	13045.0	11691.9	 0.2476	 100.00	   1.55
     29	400148	     52	   24.0	13041.0	11736.9	 0.2507	 100.00	   1.58
     30	400148	     52	   14.0	13039.0	11778.9	 0.2458	 100.00	   1.60
     31	400148	     52	   21.0	13042.0	11818.4	 0.2457	 100.00	   1.63
     32	400148	     52	   14.0	13038.0	11855.3	 0.2480	 100.00	   1.65
     33	400148	     52	   16.0	13046.0	11890.4	 0.2481	 100.00	   1.67
     34	400148	     52	   17.0	13045.0	11923.3	 0.2514	 100.00	   1.69
     35	400148	     52	   20.0	13043.0	11954.4	 0.2504	 100.00	   1.72
     36	400148	     52	   19.0	13048.0	11984.0	 0.2467	 100.00	   1.74
     37	400148	     52	   18.0	13048.0	12012.0	 0.2455	 100.00	   1.75
     38	400148	     52	   12.0	13044.0	12038.5	 0.2447	 100.00	   1.77
     39	400148	     52	   17.0	13041.0	12063.5	 0.2452	 100.00	   1.79
     40	400148	     52	   15.0	13042.0	12087.4	 0.2461	 100.00	   1.81
     41	400148	     52	   20.0	13042.0	12110.1	 0.2471	 100.00	   1.82
     42	400148	     52	   19.0	13041.0	12131.8	 0.2478	 100.00	   1.84
     43	400148	     52	   19.0	13046.0	12152.5	 0.2478	 100.00	   1.86
     44	400148	     52	   20.0	13038.0	12172.2	 0.2496	 100.00	   1.87
     45	400148	     52	   18.0	13044.0	12191.2	 0.2488	 100.00	   1.89
     46	400148	     52	   16.0	13046.0	12209.4	 0.2476	 100.00	   1.90
     47	400148	     52	   17.0	13045.0	12226.8	 0.2488	 100.00	   1.92
     48	400148	     52	   23.0	13042.0	12243.4	 0.2490	 100.00	   1.93
     49	400148	     52	   15.0	13041.0	12259.4	 0.2494	 100.00	   1.94
     50	400148	     52	   23.0	13038.0	12274.6	 0.2491	 100.00	   1.96
     51	400148	     52	   18.0	13044.0	12289.4	 0.2491	 100.00	   1.97
     52	400148	     52	   22.0	13042.0	12303.6	 0.2501	 100.00	   1.98
     53	400148	     52	   23.0	13037.0	12317.2	 0.2491	 100.00	   2.00
     54	400148	     52	   22.0	13045.0	12330.4	 0.2477	 100.00	   2.01
     55	400148	     52	   18.0	13049.0	12343.3	 0.2485	 100.00	   2.02
     56	400148	     52	   18.0	13041.0	12355.5	 0.2499	 100.00	   2.03
     57	400148	     52	   22.0	13045.0	12367.4	 0.2484	 100.00	   2.04
     58	400148	     52	   16.0	13039.0	12378.8	 0.2469	 100.00	   2.05
     59	400148	     52	   19.0	13042.0	12389.8	 0.2460	 100.00	   2.06
     60	400148	     52	   22.0	13050.0	12400.7	 0.2470	 100.00	   2.07
     61	400148	     52	   12.0	13048.0	12411.1	 0.2460	 100.00	   2.08
     62	400148	     52	   28.0	13046.0	12421.2	 0.2471	 100.00	   2.09
     63	400148	     52	   21.0	13041.0	12430.9	 0.2482	 100.00	   2.10
     64	400148	     52	   18.0	13039.0	12440.2	 0.2486	 100.00	   2.11
     65	400148	     52	   17.0	13044.0	12449.4	 0.2484	 100.00	   2.12
     66	400148	     52	   20.0	13052.0	12458.4	 0.2480	 100.00	   2.13
     67	400148	     52	   33.0	13041.0	12466.9	 0.2489	 100.00	   2.14
     68	400148	     52	   14.0	13037.0	12475.2	 0.2489	 100.00	   2.15
     69	400148	     52	   10.0	13041.0	12483.3	 0.2497	 100.00	   2.16
     70	400148	     52	   20.0	13051.0	12491.3	 0.2490	 100.00	   2.17
     71	400148	     52	   16.0	13049.0	12499.0	 0.2490	 100.00	   2.17
     72	400148	     52	   18.0	13037.0	12506.4	 0.2493	 100.00	   2.18
     73	400148	     52	   11.0	13034.0	12513.5	 0.2498	 100.00	   2.19
     74	400148	     52	   20.0	13048.0	12520.6	 0.2506	 100.00	   2.20
     75	400148	     52	   23.0	13047.0	12527.6	 0.2507	 100.00	   2.21
     76	400148	     52	   18.0	13047.0	12534.3	 0.2506	 100.00	   2.21
     77	400148	     52	   19.0	13040.0	12540.8	 0.2497	 100.00	   2.22
     78	400148	     52	   14.0	13048.0	12547.2	 0.2506	 100.00	   2.23
     79	400148	     52	   11.0	13045.0	12553.4	 0.2508	 100.00	   2.23
     80	400148	     52	   21.0	13046.0	12559.5	 0.2498	 100.00	   2.24
     81	400148	     52	   13.0	13051.0	12565.5	 0.2493	 100.00	   2.25
     82	400148	     52	   29.0	13044.0	12571.3	 0.2510	 100.00	   2.25
     83	400148	     52	   22.0	13048.0	12577.0	 0.2520	 100.00	   2.26
     84	400148	     52	   19.0	13037.0	12582.4	 0.2518	 100.00	   2.27
     85	400148	     52	   16.0	13045.0	12587.7	 0.2524	 100.00	   2.27
     86	400148	     52	   17.0	13048.0	12593.0	 0.2530	 100.00	   2.28
     87	400148	     52	   12.0	13052.0	12598.2	 0.2527	 100.00	   2.28
     88	400148	     52	   26.0	13044.0	12603.3	 0.2537	 100.00	   2.29
     89	400148	     52	   19.0	13041.0	12608.1	 0.2538	 100.00	   2.30
     90	400148	     52	   14.0	13045.0	12612.9	 0.2543	 100.00	   2.30
     91	400148	     52	   20.0	13045.0	12617.6	 0.2542	 100.00	   2.31
     92	400148	     52	   16.0	13049.0	12622.3	 0.2544	 100.00	   2.31
     93	400148	     52	   16.0	13049.0	12626.8	 0.2544	 100.00	   2.32
     94	400148	     52	   12.0	13051.0	12631.3	 0.2538	 100.00	   2.32
     95	400148	     52	   22.0	13041.0	12635.5	 0.2541	 100.00	   2.33
     96	400148	     52	   17.0	13044.0	12639.7	 0.2536	 100.00	   2.33
     97	400148	     52	   16.0	13046.0	12643.9	 0.2547	 100.00	   2.34
     98	400148	     52	   17.0	13043.0	12647.9	 0.2545	 100.00	   2.34
     99	400148	     52	   19.0	13046.0	12651.9	 0.2539	 100.00	   2.35
    100	400148	     52	   20.0	13046.0	12655.8	 0.2549	 100.00	   2.35
    101	400148	     52	   17.0	13043.0	12659.6	 0.2555	 100.00	   2.36
    102	400148	     52	   20.0	13047.0	12663.4	 0.2558	 100.00	   2.36
    103	400148	     52	   31.0	13048.0	12667.1	 0.2570	 100.00	   2.37
    104	400148	     52	   15.0	13039.0	12670.6	 0.2571	 100.00	   2.37
    105	400148	     52	   24.0	13047.0	12674.2	 0.2569	 100.00	   2.38
    106	400148	     52	   23.0	13048.0	12677.6	 0.2575	 100.00	   2.38
    107	400148	     52	   17.0	13051.0	12681.1	 0.2577	 100.00	   2.38
    108	400148	     52	   26.0	13051.0	12684.5	 0.2580	 100.00	   2.39
    109	400148	     52	   24.0	13039.0	12687.7	 0.2581	 100.00	   2.39
    110	400148	     52	   15.0	13048.0	12691.0	 0.2583	 100.00	   2.40
    111	400148	     52	   20.0	13048.0	12694.2	 0.2588	 100.00	   2.40
    112	400148	     52	   19.0	13043.0	12697.2	 0.2593	 100.00	   2.40
    113	400148	     52	   18.0	13053.0	12700.4	 0.2594	 100.00	   2.41
    114	400148	     52	   25.0	13040.0	12703.3	 0.2598	 100.00	   2.41
    115	400148	     52	   11.0	13043.0	12706.2	 0.2607	 100.00	   2.42
    116	400148	     52	   18.0	13049.0	12709.2	 0.2606	 100.00	   2.42
    117	400148	     52	   20.0	13047.0	12712.0	 0.2620	 100.00	   2.42
    118	400148	     52	   23.0	13050.0	12714.9	 0.2616	 100.00	   2.43
    119	400148	     52	   28.0	13044.0	12717.6	 0.2615	 100.00	   2.43
    120	400148	     52	   18.0	13048.0	12720.3	 0.2617	 100.00	   2.43
    121	400148	     52	   22.0	13050.0	12723.0	 0.2617	 100.00	   2.44
    122	400148	     52	   24.0	13050.0	12725.7	 0.2614	 100.00	   2.44
    123	400148	     52	   24.0	13046.0	12728.3	 0.2618	 100.00	   2.45
    124	400148	     52	   17.0	13043.0	12730.8	 0.2629	 100.00	   2.45
    125	400148	     52	   22.0	13045.0	12733.3	 0.2636	 100.00	   2.45
    126	400148	     52	   30.0	13045.0	12735.8	 0.2636	 100.00	   2.45
    127	400148	     52	   15.0	13046.0	12738.2	 0.2636	 100.00	   2.46
    128	400148	     52	   24.0	13044.0	12740.6	 0.2642	 100.00	   2.46
    129	400148	     52	   14.0	13046.0	12742.9	 0.2647	 100.00	   2.46
    130	400148	     52	   15.0	13047.0	12745.2	 0.2653	 100.00	   2.47
    131	400148	     52	   25.0	13048.0	12747.5	 0.2655	 100.00	   2.47
    132	400148	     52	   19.0	13045.0	12749.8	 0.2660	 100.00	   2.47
    133	400148	     52	   19.0	13048.0	12752.0	 0.2661	 100.00	   2.48
    134	400148	     52	   30.0	13048.0	12754.2	 0.2675	 100.00	   2.48
    135	400148	     52	   17.0	13049.0	12756.3	 0.2677	 100.00	   2.48
    136	400148	     52	   22.0	13047.0	12758.5	 0.2676	 100.00	   2.49
    137	400148	     52	   18.0	13053.0	12760.6	 0.2680	 100.00	   2.49
    138	400148	     52	   10.0	13053.0	12762.7	 0.2683	 100.00	   2.49
    139	400148	     52	   17.0	13044.0	12764.7	 0.2685	 100.00	   2.49
    140	400148	     52	   23.0	13049.0	12766.7	 0.2684	 100.00	   2.50
    141	400148	     52	   16.0	13045.0	12768.7	 0.2680	 100.00	   2.50
    142	400148	     52	   26.0	13053.0	12770.7	 0.2679	 100.00	   2.50
    143	400148	     52	   14.0	13051.0	12772.6	 0.2677	 100.00	   2.51
    144	400148	     52	   14.0	13043.0	12774.5	 0.2685	 100.00	   2.51
    145	400148	     52	   18.0	13043.0	12776.3	 0.2682	 100.00	   2.51
    146	400148	     52	   20.0	13045.0	12778.1	 0.2682	 100.00	   2.51
    147	400148	     52	   18.0	13045.0	12780.0	 0.2680	 100.00	   2.52
    148	400148	     52	   10.0	13049.0	12781.8	 0.2677	 100.00	   2.52
    149	400148	     52	   27.0	13044.0	12783.5	 0.2679	 100.00	   2.52
    150	400148	     52	   19.0	13039.0	12785.2	 0.2683	 100.00	   2.52
    151	400148	     52	   20.0	13049.0	12786.9	 0.2684	 100.00	   2.53
    152	400148	     52	   21.0	13042.0	12788.6	 0.2685	 100.00	   2.53
    153	400148	     52	   12.0	13048.0	12790.3	 0.2691	 100.00	   2.53
    154	400148	     52	   23.0	13051.0	12792.0	 0.2697	 100.00	   2.53
    155	400148	     52	   19.0	13044.0	12793.6	 0.2692	 100.00	   2.54
    156	400148	     52	   22.0	13050.0	12795.2	 0.2691	 100.00	   2.54
    157	400148	     52	   14.0	13052.0	12796.8	 0.2690	 100.00	   2.54
    158	400148	     52	   25.0	13045.0	12798.4	 0.2692	 100.00	   2.54
    159	400148	     52	   23.0	13050.0	12800.0	 0.2689	 100.00	   2.55
    160	400148	     52	   16.0	13048.0	12801.5	 0.2693	 100.00	   2.55
    161	400148	     52	   20.0	13046.0	12803.0	 0.2694	 100.00	   2.55
    162	400148	     52	   22.0	13050.0	12804.5	 0.2695	 100.00	   2.55
    163	400148	     52	   25.0	13055.0	12806.1	 0.2695	 100.00	   2.56
    164	400148	     52	   30.0	13045.0	12807.5	 0.2698	 100.00	   2.56
    165	400148	     52	   22.0	13051.0	12809.0	 0.2697	 100.00	   2.56
    166	400148	     52	   16.0	13047.0	12810.4	 0.2698	 100.00	   2.56
    167	400148	     52	   17.0	13052.0	12811.8	 0.2696	 100.00	   2.56
    168	400148	     52	   15.0	13047.0	12813.2	 0.2697	 100.00	   2.56
    169	400148	     52	   25.0	13038.0	12814.6	 0.2690	 100.00	   2.57
    170	400148	     52	   14.0	13046.0	12815.9	 0.2688	 100.00	   2.57
    171	400148	     52	   19.0	13047.0	12817.3	 0.2689	 100.00	   2.57
    172	400148	     52	   22.0	13049.0	12818.6	 0.2692	 100.00	   2.57
    173	400148	     52	   14.0	13047.0	12819.9	 0.2690	 100.00	   2.57
    174	400148	     52	   22.0	13047.0	12821.2	 0.2697	 100.00	   2.58
    175	400148	     52	   22.0	13045.0	12822.5	 0.2696	 100.00	   2.58
    176	400148	     52	   23.0	13046.0	12823.7	 0.2697	 100.00	   2.58
    177	400148	     52	   23.0	13045.0	12825.0	 0.2691	 100.00	   2.58
    178	400148	     52	   19.0	13042.0	12826.2	 0.2690	 100.00	   2.58
    179	400148	     52	   10.0	13048.0	12827.4	 0.2693	 100.00	   2.59
    180	400148	     52	   24.0	13044.0	12828.6	 0.2691	 100.00	   2.59
    181	400148	     52	   25.0	13043.0	12829.8	 0.2696	 100.00	   2.59
    182	400148	     52	   26.0	13049.0	12831.0	 0.2700	 100.00	   2.59
    183	400148	     52	   20.0	13053.0	12832.2	 0.2703	 100.00	   2.59
    184	400148	     52	   14.0	13049.0	12833.4	 0.2699	 100.00	   2.59
    185	400148	     52	   24.0	13045.0	12834.5	 0.2709	 100.00	   2.60
    186	400148	     52	   24.0	13045.0	12835.6	 0.2709	 100.00	   2.60
    187	400148	     52	   21.0	13044.0	12836.8	 0.2709	 100.00	   2.60
    188	400148	     52	   26.0	13042.0	12837.8	 0.2713	 100.00	   2.60
    189	400148	     52	   15.0	13047.0	12838.9	 0.2716	 100.00	   2.60
    190	400148	     52	   26.0	13047.0	12840.0	 0.2716	 100.00	   2.61
    191	400148	     52	   20.0	13049.0	12841.1	 0.2716	 100.00	   2.61
    192	400148	     52	   22.0	13041.0	12842.2	 0.2719	 100.00	   2.61
    193	400148	     52	   21.0	13046.0	12843.2	 0.2725	 100.00	   2.61
    194	400148	     52	   19.0	13049.0	12844.3	 0.2722	 100.00	   2.61
    195	400148	     52	   28.0	13043.0	12845.3	 0.2724	 100.00	   2.61
    196	400148	     52	   26.0	13047.0	12846.3	 0.2723	 100.00	   2.61
    197	400148	     52	   19.0	13050.0	12847.3	 0.2729	 100.00	   2.62
    198	400148	     52	   24.0	13046.0	12848.3	 0.2726	 100.00	   2.62
    199	400148	     52	   23.0	13043.0	12849.3	 0.2726	 100.00	   2.62
    200	400148	     52	   23.0	13046.0	12850.3	 0.2722	 100.00	   2.62
    201	400148	     52	   15.0	13047.0	12851.2	 0.2721	 100.00	   2.62
    202	400148	     52	   18.0	13047.0	12852.2	 0.2724	 100.00	   2.62
    203	400148	     52	   21.0	13048.0	12853.2	 0.2725	 100.00	   2.63
    204	400148	     52	   22.0	13052.0	12854.1	 0.2728	 100.00	   2.63
    205	400148	     52	   30.0	13050.0	12855.1	 0.2728	 100.00	   2.63
    206	400148	     52	   25.0	13043.0	12856.0	 0.2728	 100.00	   2.63
    207	400148	     52	   20.0	13045.0	12856.9	 0.2731	 100.00	   2.63
    208	400148	     52	   19.0	13044.0	12857.8	 0.2734	 100.00	   2.63
    209	400148	     52	   29.0	13049.0	12858.7	 0.2735	 100.00	   2.63
    210	400148	     52	   20.0	13041.0	12859.6	 0.2732	 100.00	   2.64
    211	400148	     52	   24.0	13041.0	12860.4	 0.2731	 100.00	   2.64
    212	400148	     52	   21.0	13048.0	12861.3	 0.2728	 100.00	   2.64
    213	400148	     52	   30.0	13044.0	12862.2	 0.2730	 100.00	   2.64
    214	400148	     52	   22.0	13050.0	12863.0	 0.2732	 100.00	   2.64
    215	400148	     52	   19.0	13045.0	12863.9	 0.2734	 100.00	   2.64
    216	400148	     52	   28.0	13041.0	12864.7	 0.2733	 100.00	   2.64
    217	400148	     52	   19.0	13050.0	12865.6	 0.2730	 100.00	   2.64
    218	400148	     52	   24.0	13044.0	12866.4	 0.2732	 100.00	   2.65
    219	400148	     52	   18.0	13042.0	12867.2	 0.2735	 100.00	   2.65
    220	400148	     52	   21.0	13043.0	12868.0	 0.2741	 100.00	   2.65
    221	400148	     52	   16.0	13041.0	12868.7	 0.2747	 100.00	   2.65
    222	400148	     52	   23.0	13048.0	12869.5	 0.2748	 100.00	   2.65
    223	400148	     52	   20.0	13056.0	12870.4	 0.2742	 100.00	   2.65
    224	400148	     52	   23.0	13039.0	12871.1	 0.2748	 100.00	   2.65
    225	400148	     52	   16.0	13047.0	12871.9	 0.2752	 100.00	   2.65
    226	400148	     52	   24.0	13051.0	12872.7	 0.2749	 100.00	   2.66
    227	400148	     52	   22.0	13051.0	12873.5	 0.2753	 100.00	   2.66
    228	400148	     52	   32.0	13047.0	12874.2	 0.2755	 100.00	   2.66
    229	400148	     52	   24.0	13045.0	12875.0	 0.2756	 100.00	   2.66
    230	400148	     52	   29.0	13054.0	12875.7	 0.2755	 100.00	   2.66
    231	400148	     52	   28.0	13048.0	12876.5	 0.2757	 100.00	   2.66
    232	400148	     52	   30.0	13052.0	12877.2	 0.2757	 100.00	   2.66
    233	400148	     52	   27.0	13041.0	12877.9	 0.2757	 100.00	   2.67
    234	400148	     52	   16.0	13051.0	12878.7	 0.2759	 100.00	   2.67
    235	400148	     52	   13.0	13050.0	12879.4	 0.2760	 100.00	   2.67
    236	400148	     52	   20.0	13050.0	12880.1	 0.2768	 100.00	   2.67
    237	400148	     52	   16.0	13054.0	12880.9	 0.2771	 100.00	   2.67
    238	400148	     52	   19.0	13055.0	12881.6	 0.2773	 100.00	   2.67
    239	400148	     52	   18.0	13053.0	12882.3	 0.2772	 100.00	   2.67
    240	400148	     52	   20.0	13055.0	12883.0	 0.2778	 100.00	   2.67
    241	400148	     52	   14.0	13051.0	12883.7	 0.2778	 100.00	   2.67
    242	400148	     52	   31.0	13044.0	12884.4	 0.2777	 100.00	   2.67
    243	400148	     52	   16.0	13052.0	12885.1	 0.2774	 100.00	   2.68
    244	400148	     52	   25.0	13051.0	12885.7	 0.2774	 100.00	   2.68
    245	400148	     52	   22.0	13051.0	12886.4	 0.2774	 100.00	   2.68
    246	400148	     52	   32.0	13047.0	12887.1	 0.2780	 100.00	   2.68
    247	400148	     52	   25.0	13048.0	12887.7	 0.2779	 100.00	   2.68
    248	400148	     52	   24.0	13042.0	12888.3	 0.2782	 100.00	   2.68
    249	400148	     52	   16.0	13042.0	12888.9	 0.2778	 100.00	   2.68
    250	400148	     52	   20.0	13046.0	12889.6	 0.2778	 100.00	   2.68
    251	400148	     52	   21.0	13049.0	12890.2	 0.2779	 100.00	   2.68
    252	400148	     52	   18.0	13049.0	12890.8	 0.2789	 100.00	   2.68
    253	400148	     52	   21.0	13060.0	12891.5	 0.2792	 100.00	   2.69
    254	400148	     52	   14.0	13052.0	12892.1	 0.2795	 100.00	   2.69
    255	400148	     52	   16.0	13050.0	12892.7	 0.2791	 100.00	   2.69
    256	400148	     52	   22.0	13042.0	12893.3	 0.2793	 100.00	   2.69
    257	400148	     52	   19.0	13041.0	12893.9	 0.2790	 100.00	   2.69
    258	400148	     52	   15.0	13048.0	12894.5	 0.2790	 100.00	   2.69
    259	400148	     52	   20.0	13046.0	12895.1	 0.2788	 100.00	   2.69
    260	400148	     52	   21.0	13049.0	12895.7	 0.2796	 100.00	   2.69
    261	400148	     52	   10.0	13051.0	12896.3	 0.2797	 100.00	   2.69
    262	400148	     52	   23.0	13048.0	12896.8	 0.2795	 100.00	   2.69
    263	400148	     52	   24.0	13050.0	12897.4	 0.2795	 100.00	   2.70
    264	400148	     52	   15.0	13049.0	12898.0	 0.2794	 100.00	   2.70
    265	400148	     52	   15.0	13042.0	12898.5	 0.2792	 100.00	   2.70
    266	400148	     52	   24.0	13052.0	12899.1	 0.2793	 100.00	   2.70
    267	400148	     52	   26.0	13048.0	12899.7	 0.2794	 100.00	   2.70
    268	400148	     52	   28.0	13046.0	12900.2	 0.2796	 100.00	   2.70
    269	400148	     52	   23.0	13051.0	12900.8	 0.2793	 100.00	   2.70
    270	400148	     52	   14.0	13055.0	12901.3	 0.2792	 100.00	   2.70
    271	400148	     52	   12.0	13053.0	12901.9	 0.2794	 100.00	   2.70
    272	400148	     52	   19.0	13052.0	12902.4	 0.2793	 100.00	   2.70
    273	400148	     52	   17.0	13055.0	12903.0	 0.2791	 100.00	   2.70
    274	400148	     52	   13.0	13054.0	12903.5	 0.2790	 100.00	   2.70
    275	400148	     52	   18.0	13046.0	12904.1	 0.2790	 100.00	   2.71
    276	400148	     52	   15.0	13051.0	12904.6	 0.2787	 100.00	   2.71
    277	400148	     52	   30.0	13053.0	12905.1	 0.2785	 100.00	   2.71
    278	400148	     52	   17.0	13044.0	12905.6	 0.2785	 100.00	   2.71
    279	400148	     52	   16.0	13056.0	12906.2	 0.2783	 100.00	   2.71
    280	400148	     52	   30.0	13048.0	12906.7	 0.2786	 100.00	   2.71
    281	400148	     52	   12.0	13050.0	12907.2	 0.2784	 100.00	   2.71
    282	400148	     52	   28.0	13052.0	12907.7	 0.2780	 100.00	   2.71
    283	400148	     52	   22.0	13052.0	12908.2	 0.2782	 100.00	   2.71
    284	400148	     52	   20.0	13050.0	12908.7	 0.2779	 100.00	   2.71
    285	400148	     52	   24.0	13046.0	12909.2	 0.2778	 100.00	   2.71
    286	400148	     52	   21.0	13047.0	12909.6	 0.2782	 100.00	   2.71
    287	400148	     52	   27.0	13046.0	12910.1	 0.2782	 100.00	   2.72
    288	400148	     52	   23.0	13049.0	12910.6	 0.2780	 100.00	   2.72
    289	400148	     52	   21.0	13046.0	12911.1	 0.2781	 100.00	   2.72
    290	400148	     52	   21.0	13053.0	12911.6	 0.2784	 100.00	   2.72
    291	400148	     52	   17.0	13048.0	12912.0	 0.2786	 100.00	   2.72
    292	400148	     52	   26.0	13050.0	12912.5	 0.2785	 100.00	   2.72
    293	400148	     52	   23.0	13049.0	12913.0	 0.2784	 100.00	   2.72
    294	400148	     52	   26.0	13051.0	12913.4	 0.2783	 100.00	   2.72
    295	400148	     52	   13.0	13048.0	12913.9	 0.2783	 100.00	   2.72
    296	400148	     52	   20.0	13050.0	12914.3	 0.2779	 100.00	   2.72
    297	400148	     52	   25.0	13043.0	12914.8	 0.2786	 100.00	   2.72
    298	400148	     52	   14.0	13043.0	12915.2	 0.2790	 100.00	   2.72
    299	400148	     52	   16.0	13047.0	12915.6	 0.2790	 100.00	   2.72
    300	400148	     52	   24.0	13051.0	12916.1	 0.2793	 100.00	   2.72
    301	400148	     52	   18.0	13053.0	12916.5	 0.2794	 100.00	   2.71
    302	400148	     52	   20.0	13059.0	12917.0	 0.2797	 100.00	   2.71
    303	400148	     52	   15.0	13052.0	12917.5	 0.2800	 100.00	   2.71
    304	400148	     52	   29.0	13047.0	12917.9	 0.2801	 100.00	   2.71
    305	400148	     52	   25.0	13048.0	12918.3	 0.2802	 100.00	   2.71
    306	400148	     52	   22.0	13050.0	12918.7	 0.2800	 100.00	   2.70
    307	400148	     52	   15.0	13049.0	12919.2	 0.2802	 100.00	   2.70
    308	400148	     52	   23.0	13046.0	12919.6	 0.2804	 100.00	   2.70
    309	400148	     52	   20.0	13056.0	12920.0	 0.2805	 100.00	   2.70
    310	400148	     52	   19.0	13053.0	12920.4	 0.2807	 100.00	   2.70
    311	400148	     52	   18.0	13049.0	12920.8	 0.2809	 100.00	   2.70
    312	400148	     52	   19.0	13050.0	12921.3	 0.2809	 100.00	   2.70
    313	400148	     52	   24.0	13054.0	12921.7	 0.2810	 100.00	   2.70
    314	400148	     52	   20.0	13050.0	12922.1	 0.2811	 100.00	   2.70
    315	400148	     52	   18.0	13056.0	12922.5	 0.2807	 100.00	   2.70
    316	400148	     52	   28.0	13046.0	12922.9	 0.2807	 100.00	   2.70
    317	400148	     52	   23.0	13055.0	12923.3	 0.2808	 100.00	   2.71
    318	400148	     52	   25.0	13054.0	12923.7	 0.2809	 100.00	   2.71
    319	400148	     52	   19.0	13051.0	12924.1	 0.2810	 100.00	   2.71
    320	400148	     52	   24.0	13045.0	12924.5	 0.2812	 100.00	   2.71
    321	400148	     52	   22.0	13051.0	12924.9	 0.2812	 100.00	   2.71
    322	400148	     52	   26.0	13041.0	12925.3	 0.2810	 100.00	   2.71
    323	400148	     52	   22.0	13057.0	12925.7	 0.2811	 100.00	   2.71
    324	400148	     52	   25.0	13048.0	12926.0	 0.2809	 100.00	   2.71
    325	400148	     52	   19.0	13051.0	12926.4	 0.2808	 100.00	   2.71
    326	400148	     52	   15.0	13056.0	12926.8	 0.2809	 100.00	   2.71
    327	400148	     52	   21.0	13045.0	12927.2	 0.2810	 100.00	   2.71
    328	400148	     52	   27.0	13042.0	12927.5	 0.2809	 100.00	   2.71
    329	400148	     52	   30.0	13048.0	12927.9	 0.2810	 100.00	   2.71
    330	400148	     52	   19.0	13049.0	12928.3	 0.2814	 100.00	   2.71
    331	400148	     52	   23.0	13042.0	12928.6	 0.2813	 100.00	   2.72
    332	400148	     52	   24.0	13044.0	12928.9	 0.2812	 100.00	   2.72
    333	400148	     52	   19.0	13045.0	12929.3	 0.2816	 100.00	   2.72
    334	400148	     52	   15.0	13046.0	12929.6	 0.2817	 100.00	   2.72
    335	400148	     52	   17.0	13053.0	12930.0	 0.2815	 100.00	   2.72
    336	400148	     52	   21.0	13050.0	12930.4	 0.2816	 100.00	   2.72
    337	400148	     52	   26.0	13054.0	12930.7	 0.2817	 100.00	   2.72
    338	400148	     52	   21.0	13045.0	12931.1	 0.2819	 100.00	   2.72
    339	400148	     52	   21.0	13042.0	12931.4	 0.2821	 100.00	   2.72
    340	400148	     52	   28.0	13046.0	12931.7	 0.2822	 100.00	   2.72
    341	400148	     52	   26.0	13048.0	12932.1	 0.2823	 100.00	   2.72
    342	400148	     52	   25.0	13047.0	12932.4	 0.2821	 100.00	   2.72
    343	400148	     52	   19.0	13046.0	12932.7	 0.2822	 100.00	   2.72
    344	400148	     52	   25.0	13045.0	12933.1	 0.2821	 100.00	   2.72
    345	400148	     52	   26.0	13043.0	12933.4	 0.2822	 100.00	   2.72
    346	400148	     52	   19.0	13044.0	12933.7	 0.2822	 100.00	   2.72
    347	400148	     52	   21.0	13051.0	12934.0	 0.2823	 100.00	   2.72
    348	400148	     52	   13.0	13056.0	12934.4	 0.2826	 100.00	   2.72
    349	400148	     52	   27.0	13041.0	12934.7	 0.2826	 100.00	   2.72
    350	400148	     52	   26.0	13053.0	12935.0	 0.2827	 100.00	   2.72
    351	400148	     52	    9.0	13050.0	12935.4	 0.2829	 100.00	   2.72
    352	400148	     52	   27.0	13041.0	12935.7	 0.2831	 100.00	   2.72
    353	400148	     52	   28.0	13057.0	12936.0	 0.2833	 100.00	   2.72
    354	400148	     52	   18.0	13047.0	12936.3	 0.2833	 100.00	   2.73
    355	400148	     52	   18.0	13051.0	12936.6	 0.2833	 100.00	   2.73
    356	400148	     52	   27.0	13052.0	12937.0	 0.2835	 100.00	   2.73
    357	400148	     52	   16.0	13052.0	12937.3	 0.2836	 100.00	   2.73
    358	400148	     52	   21.0	13051.0	12937.6	 0.2836	 100.00	   2.73
    359	400148	     52	   25.0	13048.0	12937.9	 0.2838	 100.00	   2.73
    360	400148	     52	   18.0	13048.0	12938.2	 0.2836	 100.00	   2.73
    361	400148	     52	   24.0	13048.0	12938.5	 0.2837	 100.00	   2.73
    362	400148	     52	   17.0	13043.0	12938.8	 0.2838	 100.00	   2.73
    363	400148	     52	   20.0	13055.0	12939.1	 0.2837	 100.00	   2.73
    364	400148	     52	   35.0	13048.0	12939.4	 0.2837	 100.00	   2.73
    365	400148	     52	   23.0	13049.0	12939.7	 0.2835	 100.00	   2.73
    366	400148	     52	   23.0	13048.0	12940.0	 0.2835	 100.00	   2.73
    367	400148	     52	   12.0	13056.0	12940.3	 0.2837	 100.00	   2.73
    368	400148	     52	   21.0	13047.0	12940.6	 0.2835	 100.00	   2.73
    369	400148	     52	   21.0	13048.0	12940.9	 0.2838	 100.00	   2.73
    370	400148	     52	   26.0	13050.0	12941.2	 0.2837	 100.00	   2.73
    371	400148	     52	   24.0	13040.0	12941.5	 0.2835	 100.00	   2.73
    372	400148	     52	   20.0	13044.0	12941.7	 0.2834	 100.00	   2.73
    373	400148	     52	   20.0	13042.0	12942.0	 0.2835	 100.00	   2.73
    374	400148	     52	   27.0	13045.0	12942.3	 0.2838	 100.00	   2.73
    375	400148	     52	   26.0	13045.0	12942.6	 0.2839	 100.00	   2.73
    376	400148	     52	   12.0	13051.0	12942.8	 0.2840	 100.00	   2.73
    377	400148	     52	   26.0	13049.0	12943.1	 0.2841	 100.00	   2.73
    378	400148	     52	   15.0	13048.0	12943.4	 0.2841	 100.00	   2.74
    379	400148	     52	   19.0	13047.0	12943.7	 0.2841	 100.00	   2.74
    380	400148	     52	   32.0	13049.0	12943.9	 0.2843	 100.00	   2.74
    381	400148	     52	   20.0	13047.0	12944.2	 0.2844	 100.00	   2.74
    382	400148	     52	   24.0	13053.0	12944.5	 0.2844	 100.00	   2.74
    383	400148	     52	   14.0	13047.0	12944.8	 0.2846	 100.00	   2.74
    384	400148	     52	   23.0	13040.0	12945.0	 0.2848	 100.00	   2.74
    385	400148	     52	   28.0	13054.0	12945.3	 0.2846	 100.00	   2.74
    386	400148	     52	   17.0	13051.0	12945.6	 0.2846	 100.00	   2.74
    387	400148	     52	   25.0	13048.0	12945.8	 0.2845	 100.00	   2.74
    388	400148	     52	   28.0	13044.0	12946.1	 0.2842	 100.00	   2.74
    389	400148	     52	   25.0	13049.0	12946.3	 0.2846	 100.00	   2.74
    390	400148	     52	   32.0	13045.0	12946.6	 0.2849	 100.00	   2.74
    391	400148	     52	   19.0	13054.0	12946.9	 0.2849	 100.00	   2.74
    392	400148	     52	   25.0	13055.0	12947.2	 0.2849	 100.00	   2.74
    393	400148	     52	    9.0	13050.0	12947.4	 0.2849	 100.00	   2.74
    394	400148	     52	   22.0	13050.0	12947.7	 0.2851	 100.00	   2.74
    395	400148	     52	   24.0	13050.0	12947.9	 0.2851	 100.00	   2.74
    396	400148	     52	   23.0	13047.0	12948.2	 0.2850	 100.00	   2.74
    397	400148	     52	   22.0	13053.0	12948.4	 0.2850	 100.00	   2.75
    398	400148	     52	   22.0	13057.0	12948.7	 0.2852	 100.00	   2.75
    399	400148	     52	   18.0	13055.0	12949.0	 0.2855	 100.00	   2.75
    400	400148	     52	   28.0	13051.0	12949.2	 0.2859	 100.00	   2.75
    401	400148	     52	   20.0	13053.0	12949.5	 0.2858	 100.00	   2.75
    402	400148	     52	   21.0	13052.0	12949.7	 0.2856	 100.00	   2.75
    403	400148	     52	   15.0	13051.0	12950.0	 0.2854	 100.00	   2.75
    404	400148	     52	   22.0	13049.0	12950.2	 0.2854	 100.00	   2.75
    405	400148	     52	   20.0	13051.0	12950.5	 0.2854	 100.00	   2.75
    406	400148	     52	   24.0	13051.0	12950.7	 0.2854	 100.00	   2.75
    407	400148	     52	   19.0	13058.0	12951.0	 0.2855	 100.00	   2.75
    408	400148	     52	   22.0	13052.0	12951.2	 0.2855	 100.00	   2.75
    409	400148	     52	   26.0	13054.0	12951.5	 0.2859	 100.00	   2.75
    410	400148	     52	   32.0	13054.0	12951.7	 0.2861	 100.00	   2.75
    411	400148	     52	   17.0	13045.0	12952.0	 0.2861	 100.00	   2.75
    412	400148	     52	   30.0	13049.0	12952.2	 0.2865	 100.00	   2.75
    413	400148	     52	   15.0	13048.0	12952.4	 0.2869	 100.00	   2.75
    414	400148	     52	   20.0	13050.0	12952.7	 0.2871	 100.00	   2.75
    415	400148	     52	   20.0	13044.0	12952.9	 0.2873	 100.00	   2.75
    416	400148	     52	   21.0	13045.0	12953.1	 0.2873	 100.00	   2.75
    417	400148	     52	   19.0	13040.0	12953.3	 0.2873	 100.00	   2.75
    418	400148	     52	   20.0	13046.0	12953.5	 0.2875	 100.00	   2.75
    419	400148	     52	   23.0	13045.0	12953.8	 0.2872	 100.00	   2.75
    420	400148	     52	   23.0	13044.0	12954.0	 0.2874	 100.00	   2.75
    421	400148	     52	   16.0	13042.0	12954.2	 0.2874	 100.00	   2.75
    422	400148	     52	   18.0	13052.0	12954.4	 0.2873	 100.00	   2.75
    423	400148	     52	   24.0	13052.0	12954.6	 0.2872	 100.00	   2.75
    424	400148	     52	   20.0	13046.0	12954.9	 0.2875	 100.00	   2.75
    425	400148	     52	   18.0	13040.0	12955.1	 0.2875	 100.00	   2.75
    426	400148	     52	   24.0	13046.0	12955.3	 0.2876	 100.00	   2.75
    427	400148	     52	   21.0	13049.0	12955.5	 0.2878	 100.00	   2.75
    428	400148	     52	   23.0	13052.0	12955.7	 0.2880	 100.00	   2.75
    429	400148	     52	   23.0	13049.0	12955.9	 0.2879	 100.00	   2.75
    430	400148	     52	   20.0	13051.0	12956.2	 0.2879	 100.00	   2.75
    431	400148	     52	   27.0	13048.0	12956.4	 0.2881	 100.00	   2.75
    432	400148	     52	   25.0	13051.0	12956.6	 0.2882	 100.00	   2.75
    433	400148	     52	   26.0	13051.0	12956.8	 0.2881	 100.00	   2.75
    434	400148	     52	   22.0	13041.0	12957.0	 0.2882	 100.00	   2.75
    435	400148	     52	   27.0	13052.0	12957.2	 0.2884	 100.00	   2.75
    436	400148	     52	   28.0	13042.0	12957.4	 0.2884	 100.00	   2.75
    437	400148	     52	   25.0	13055.0	12957.6	 0.2883	 100.00	   2.75
    438	400148	     52	   26.0	13047.0	12957.8	 0.2882	 100.00	   2.76
    439	400148	     52	   21.0	13056.0	12958.1	 0.2884	 100.00	   2.76
    440	400148	     52	   16.0	13054.0	12958.3	 0.2885	 100.00	   2.76
    441	400148	     52	   30.0	13052.0	12958.5	 0.2886	 100.00	   2.76
    442	400148	     52	   28.0	13042.0	12958.7	 0.2886	 100.00	   2.76
    443	400148	     52	   22.0	13040.0	12958.9	 0.2885	 100.00	   2.76
    444	400148	     52	   21.0	13053.0	12959.1	 0.2884	 100.00	   2.76
    445	400148	     52	    8.0	13055.0	12959.3	 0.2886	 100.00	   2.76
    446	400148	     52	   27.0	13054.0	12959.5	 0.2886	 100.00	   2.76
    447	400148	     52	   22.0	13052.0	12959.7	 0.2888	 100.00	   2.76
    448	400148	     52	   30.0	13038.0	12959.9	 0.2887	 100.00	   2.76
    449	400148	     52	   17.0	13051.0	12960.1	 0.2887	 100.00	   2.76
    450	400148	     52	   19.0	13048.0	12960.3	 0.2888	 100.00	   2.76
    451	400148	     52	   32.0	13052.0	12960.5	 0.2889	 100.00	   2.76
    452	400148	     52	   23.0	13041.0	12960.7	 0.2886	 100.00	   2.76
    453	400148	     52	   17.0	13050.0	12960.9	 0.2885	 100.00	   2.76
    454	400148	     52	   26.0	13048.0	12961.0	 0.2885	 100.00	   2.76
    455	400148	     52	   15.0	13049.0	12961.2	 0.2886	 100.00	   2.76
    456	400148	     52	   27.0	13048.0	12961.4	 0.2885	 100.00	   2.76
    457	400148	     52	   25.0	13047.0	12961.6	 0.2884	 100.00	   2.76
    458	400148	     52	   24.0	13045.0	12961.8	 0.2886	 100.00	   2.76
    459	400148	     52	   17.0	13050.0	12962.0	 0.2887	 100.00	   2.76
    460	400148	     52	   18.0	13054.0	12962.2	 0.2888	 100.00	   2.76
    461	400148	     52	   24.0	13050.0	12962.4	 0.2891	 100.00	   2.76
    462	400148	     52	   26.0	13046.0	12962.6	 0.2893	 100.00	   2.76
    463	400148	     52	   18.0	13048.0	12962.7	 0.2892	 100.00	   2.76
    464	400148	     52	   29.0	13049.0	12962.9	 0.2892	 100.00	   2.76
    465	400148	     52	   24.0	13047.0	12963.1	 0.2894	 100.00	   2.76
    466	400148	     52	   22.0	13049.0	12963.3	 0.2895	 100.00	   2.76
    467	400148	     52	   17.0	13054.0	12963.5	 0.2896	 100.00	   2.76
    468	400148	     52	   33.0	13045.0	12963.7	 0.2894	 100.00	   2.76
    469	400148	     52	   32.0	13049.0	12963.8	 0.2894	 100.00	   2.76
    470	400148	     52	   19.0	13042.0	12964.0	 0.2898	 100.00	   2.77
    471	400148	     52	   18.0	13056.0	12964.2	 0.2900	 100.00	   2.77
    472	400148	     52	   24.0	13050.0	12964.4	 0.2901	 100.00	   2.77
    473	400148	     52	   21.0	13049.0	12964.6	 0.2901	 100.00	   2.77
    474	400148	     52	   19.0	13052.0	12964.7	 0.2902	 100.00	   2.77
    475	400148	     52	   23.0	13049.0	12964.9	 0.2903	 100.00	   2.77
    476	400148	     52	   19.0	13048.0	12965.1	 0.2903	 100.00	   2.77
    477	400148	     52	   27.0	13053.0	12965.3	 0.2903	 100.00	   2.77
    478	400148	     52	   18.0	13055.0	12965.5	 0.2905	 100.00	   2.77
    479	400148	     52	   19.0	13056.0	12965.7	 0.2908	 100.00	   2.77
    480	400148	     52	   22.0	13052.0	12965.8	 0.2909	 100.00	   2.77
    481	400148	     52	   18.0	13050.0	12966.0	 0.2909	 100.00	   2.77
    482	400148	     52	   26.0	13048.0	12966.2	 0.2909	 100.00	   2.77
    483	400148	     52	   24.0	13054.0	12966.4	 0.2907	 100.00	   2.77
    484	400148	     52	   27.0	13045.0	12966.5	 0.2907	 100.00	   2.77
    485	400148	     52	   19.0	13052.0	12966.7	 0.2908	 100.00	   2.77
    486	400148	     52	   17.0	13051.0	12966.9	 0.2905	 100.00	   2.77
    487	400148	     52	   26.0	13051.0	12967.0	 0.2906	 100.00	   2.77
    488	400148	     52	   31.0	13048.0	12967.2	 0.2906	 100.00	   2.77
    489	400148	     52	   22.0	13050.0	12967.4	 0.2906	 100.00	   2.77
    490	400148	     52	   22.0	13050.0	12967.5	 0.2906	 100.00	   2.77
    491	400148	     52	   25.0	13053.0	12967.7	 0.2907	 100.00	   2.77
    492	400148	     52	   28.0	13051.0	12967.9	 0.2909	 100.00	   2.77
    493	400148	     52	   13.0	13050.0	12968.1	 0.2908	 100.00	   2.77
    494	400148	     52	   22.0	13050.0	12968.2	 0.2908	 100.00	   2.77
    495	400148	     52	   16.0	13046.0	12968.4	 0.2906	 100.00	   2.77
    496	400148	     52	   23.0	13047.0	12968.5	 0.2905	 100.00	   2.77
    497	400148	     52	   26.0	13055.0	12968.7	 0.2907	 100.00	   2.77
    498	400148	     52	   21.0	13058.0	12968.9	 0.2908	 100.00	   2.77
    499	400148	     52	   21.0	13047.0	12969.0	 0.2910	 100.00	   2.77
    500	400148	     52	   22.0	13045.0	12969.2	 0.2912	 100.00	   2.77
    501	400148	     52	   24.0	13047.0	12969.4	 0.2912	 100.00	   2.77
    502	400148	     52	   27.0	13052.0	12969.5	 0.2912	 100.00	   2.77
    503	400148	     52	   21.0	13049.0	12969.7	 0.2912	 100.00	   2.77
    504	400148	     52	   29.0	13052.0	12969.8	 0.2911	 100.00	   2.77
    505	400148	     52	   24.0	13052.0	12970.0	 0.2914	 100.00	   2.77
    506	400148	     52	   27.0	13051.0	12970.2	 0.2912	 100.00	   2.77
    507	400148	     52	   23.0	13048.0	12970.3	 0.2911	 100.00	   2.77
    508	400148	     52	   23.0	13047.0	12970.5	 0.2911	 100.00	   2.77
    509	400148	     52	   20.0	13055.0	12970.6	 0.2911	 100.00	   2.76
    510	400148	     52	   26.0	13047.0	12970.8	 0.2914	 100.00	   2.76
    511	400148	     52	   21.0	13058.0	12971.0	 0.2916	 100.00	   2.76
    512	400148	     52	   27.0	13043.0	12971.1	 0.2920	 100.00	   2.76
    513	400148	     52	   22.0	13051.0	12971.2	 0.2920	 100.00	   2.76
    514	400148	     52	   14.0	13049.0	12971.4	 0.2921	 100.00	   2.76
    515	400148	     52	   22.0	13047.0	12971.5	 0.2921	 100.00	   2.76
    516	400148	     52	   18.0	13037.0	12971.7	 0.2921	 100.00	   2.76
    517	400148	     52	   13.0	13046.0	12971.8	 0.2922	 100.00	   2.76
    518	400148	     52	   18.0	13044.0	12972.0	 0.2922	 100.00	   2.75
    519	400148	     52	   18.0	13048.0	12972.1	 0.2922	 100.00	   2.75
    520	400148	     52	   19.0	13047.0	12972.2	 0.2923	 100.00	   2.75
    521	400148	     52	   28.0	13049.0	12972.4	 0.2922	 100.00	   2.75
    522	400148	     52	   24.0	13047.0	12972.5	 0.2925	 100.00	   2.75
    523	400148	     52	   26.0	13057.0	12972.7	 0.2921	 100.00	   2.75
    524	400148	     52	   13.0	13054.0	12972.8	 0.2923	 100.00	   2.75
    525	400148	     52	   22.0	13048.0	12973.0	 0.2923	 100.00	   2.75
    526	400148	     52	   24.0	13046.0	12973.1	 0.2920	 100.00	   2.75
    527	400148	     52	   21.0	13053.0	12973.3	 0.2922	 100.00	   2.75
    528	400148	     52	   23.0	13050.0	12973.4	 0.2922	 100.00	   2.74
    529	400148	     52	   17.0	13051.0	12973.6	 0.2921	 100.00	   2.74
    530	400148	     52	   26.0	13055.0	12973.7	 0.2921	 100.00	   2.74
    531	400148	     52	   20.0	13057.0	12973.9	 0.2924	 100.00	   2.74
    532	400148	     52	   28.0	13051.0	12974.0	 0.2923	 100.00	   2.74
    533	400148	     52	   22.0	13047.0	12974.2	 0.2924	 100.00	   2.74
    534	400148	     52	   26.0	13049.0	12974.3	 0.2923	 100.00	   2.74
    535	400148	     52	   26.0	13055.0	12974.5	 0.2923	 100.00	   2.74
    536	400148	     52	   21.0	13048.0	12974.6	 0.2924	 100.00	   2.74
    537	400148	     52	   15.0	13049.0	12974.7	 0.2924	 100.00	   2.74
    538	400148	     52	   26.0	13049.0	12974.9	 0.2924	 100.00	   2.74
    539	400148	     52	   19.0	13046.0	12975.0	 0.2923	 100.00	   2.74
    540	400148	     52	   19.0	13045.0	12975.1	 0.2924	 100.00	   2.74
    541	400148	     52	   19.0	13044.0	12975.3	 0.2923	 100.00	   2.74
    542	400148	     52	   20.0	13050.0	12975.4	 0.2922	 100.00	   2.74
    543	400148	     52	   24.0	13054.0	12975.5	 0.2924	 100.00	   2.74
    544	400148	     52	   25.0	13041.0	12975.7	 0.2926	 100.00	   2.74
    545	400148	     52	   18.0	13057.0	12975.8	 0.2927	 100.00	   2.74
    546	400148	     52	   22.0	13049.0	12975.9	 0.2928	 100.00	   2.74
    547	400148	     52	   26.0	13053.0	12976.1	 0.2927	 100.00	   2.74
    548	400148	     52	   21.0	13044.0	12976.2	 0.2930	 100.00	   2.75
    549	400148	     52	   22.0	13048.0	12976.3	 0.2929	 100.00	   2.75
    550	400148	     52	   26.0	13054.0	12976.5	 0.2929	 100.00	   2.75
    551	400148	     52	   24.0	13062.0	12976.6	 0.2930	 100.00	   2.75
    552	400148	     52	   21.0	13051.0	12976.8	 0.2932	 100.00	   2.75
    553	400148	     52	   30.0	13051.0	12976.9	 0.2933	 100.00	   2.75
    554	400148	     52	   18.0	13039.0	12977.0	 0.2934	 100.00	   2.75
    555	400148	     52	   23.0	13052.0	12977.1	 0.2934	 100.00	   2.75
    556	400148	     52	   23.0	13051.0	12977.3	 0.2936	 100.00	   2.75
    557	400148	     52	   23.0	13044.0	12977.4	 0.2935	 100.00	   2.75
    558	400148	     52	   27.0	13055.0	12977.5	 0.2938	 100.00	   2.75
    559	400148	     52	   28.0	13053.0	12977.7	 0.2939	 100.00	   2.75
    560	400148	     52	   25.0	13046.0	12977.8	 0.2938	 100.00	   2.75
    561	400148	     52	   25.0	13051.0	12977.9	 0.2939	 100.00	   2.75
    562	400148	     52	   26.0	13049.0	12978.1	 0.2939	 100.00	   2.75
    563	400148	     52	   20.0	13057.0	12978.2	 0.2941	 100.00	   2.75
    564	400148	     52	   24.0	13045.0	12978.3	 0.2941	 100.00	   2.75
    565	400148	     52	   22.0	13053.0	12978.4	 0.2941	 100.00	   2.75
    566	400148	     52	   19.0	13058.0	12978.6	 0.2941	 100.00	   2.75
    567	400148	     52	   20.0	13052.0	12978.7	 0.2942	 100.00	   2.75
    568	400148	     52	   17.0	13055.0	12978.8	 0.2944	 100.00	   2.75
    569	400148	     52	   25.0	13046.0	12979.0	 0.2943	 100.00	   2.75
    570	400148	     52	   17.0	13051.0	12979.1	 0.2943	 100.00	   2.75
    571	400148	     52	   17.0	13054.0	12979.2	 0.2943	 100.00	   2.75
    572	400148	     52	   15.0	13053.0	12979.3	 0.2941	 100.00	   2.75
    573	400148	     52	   15.0	13054.0	12979.5	 0.2940	 100.00	   2.75
    574	400148	     52	   30.0	13048.0	12979.6	 0.2941	 100.00	   2.75
    575	400148	     52	   24.0	13052.0	12979.7	 0.2940	 100.00	   2.75
    576	400148	     52	   24.0	13048.0	12979.8	 0.2940	 100.00	   2.75
    577	400148	     52	   13.0	13045.0	12980.0	 0.2940	 100.00	   2.75
    578	400148	     52	   20.0	13045.0	12980.1	 0.2941	 100.00	   2.75
    579	400148	     52	   24.0	13047.0	12980.2	 0.2943	 100.00	   2.75
    580	400148	     52	   23.0	13044.0	12980.3	 0.2944	 100.00	   2.75
    581	400148	     52	   22.0	13060.0	12980.4	 0.2944	 100.00	   2.75
    582	400148	     52	   22.0	13048.0	12980.5	 0.2946	 100.00	   2.75
    583	400148	     52	    8.0	13054.0	12980.7	 0.2946	 100.00	   2.75
    584	400148	     52	   24.0	13052.0	12980.8	 0.2947	 100.00	   2.75
    585	400148	     52	   28.0	13050.0	12980.9	 0.2946	 100.00	   2.76
    586	400148	     52	   20.0	13056.0	12981.0	 0.2946	 100.00	   2.76
    587	400148	     52	   19.0	13049.0	12981.2	 0.2947	 100.00	   2.76
    588	400148	     52	   18.0	13053.0	12981.3	 0.2946	 100.00	   2.76
    589	400148	     52	   25.0	13040.0	12981.4	 0.2946	 100.00	   2.76
    590	400148	     52	   12.0	13042.0	12981.5	 0.2946	 100.00	   2.76
    591	400148	     52	   16.0	13052.0	12981.6	 0.2947	 100.00	   2.76
    592	400148	     52	   20.0	13058.0	12981.7	 0.2948	 100.00	   2.76
    593	400148	     52	   25.0	13041.0	12981.8	 0.2949	 100.00	   2.76
    594	400148	     52	   24.0	13049.0	12981.9	 0.2950	 100.00	   2.76
    595	400148	     52	   30.0	13049.0	12982.1	 0.2951	 100.00	   2.76
    596	400148	     52	   30.0	13041.0	12982.2	 0.2952	 100.00	   2.76
    597	400148	     52	   26.0	13053.0	12982.3	 0.2953	 100.00	   2.76
    598	400148	     52	   29.0	13050.0	12982.4	 0.2953	 100.00	   2.76
    599	400148	     52	   18.0	13054.0	12982.5	 0.2952	 100.00	   2.76
    600	400148	     52	   23.0	13039.0	12982.6	 0.2952	 100.00	   2.76
    601	400148	     52	   17.0	13050.0	12982.7	 0.2951	 100.00	   2.76
    602	400148	     52	   29.0	13051.0	12982.8	 0.2951	 100.00	   2.76
    603	400148	     52	   13.0	13054.0	12982.9	 0.2951	 100.00	   2.76
    604	400148	     52	   13.0	13051.0	12983.1	 0.2951	 100.00	   2.76
    605	400148	     52	   17.0	13052.0	12983.2	 0.2952	 100.00	   2.76
    606	400148	     52	   18.0	13052.0	12983.3	 0.2950	 100.00	   2.76
    607	400148	     52	   16.0	13056.0	12983.4	 0.2950	 100.00	   2.76
    608	400148	     52	   25.0	13051.0	12983.5	 0.2952	 100.00	   2.76
    609	400148	     52	   13.0	13060.0	12983.6	 0.2952	 100.00	   2.76
    610	400148	     52	   32.0	13048.0	12983.7	 0.2953	 100.00	   2.76
    611	400148	     52	   23.0	13047.0	12983.8	 0.2955	 100.00	   2.76
    612	400148	     52	   29.0	13048.0	12983.9	 0.2954	 100.00	   2.76
    613	400148	     52	   13.0	13053.0	12984.1	 0.2956	 100.00	   2.76
    614	400148	     52	   25.0	13060.0	12984.2	 0.2956	 100.00	   2.76
    615	400148	     52	   37.0	13049.0	12984.3	 0.2957	 100.00	   2.76
    616	400148	     52	   21.0	13044.0	12984.4	 0.2957	 100.00	   2.76
    617	400148	     52	   18.0	13046.0	12984.5	 0.2957	 100.00	   2.76
    618	400148	     52	   21.0	13051.0	12984.6	 0.2960	 100.00	   2.76
    619	400148	     52	   18.0	13059.0	12984.7	 0.2961	 100.00	   2.76
    620	400148	     52	   31.0	13050.0	12984.8	 0.2959	 100.00	   2.76
    621	400148	     52	   24.0	13056.0	12984.9	 0.2958	 100.00	   2.77
    622	400148	     52	   18.0	13048.0	12985.0	 0.2959	 100.00	   2.77
    623	400148	     52	   29.0	13055.0	12985.1	 0.2959	 100.00	   2.77
    624	400148	     52	   22.0	13051.0	12985.3	 0.2961	 100.00	   2.77
    625	400148	     52	   24.0	13047.0	12985.3	 0.2963	 100.00	   2.77
    626	400148	     52	   18.0	13045.0	12985.4	 0.2965	 100.00	   2.77
    627	400148	     52	   21.0	13054.0	12985.6	 0.2965	 100.00	   2.77
    628	400148	     52	   24.0	13054.0	12985.7	 0.2963	 100.00	   2.77
    629	400148	     52	   23.0	13053.0	12985.8	 0.2963	 100.00	   2.77
    630	400148	     52	   16.0	13053.0	12985.9	 0.2965	 100.00	   2.77
    631	400148	     52	   19.0	13052.0	12986.0	 0.2964	 100.00	   2.77
    632	400148	     52	   19.0	13049.0	12986.1	 0.2964	 100.00	   2.77
    633	400148	     52	   18.0	13055.0	12986.2	 0.2964	 100.00	   2.77
    634	400148	     52	   23.0	13046.0	12986.3	 0.2964	 100.00	   2.77
    635	400148	     52	   22.0	13052.0	12986.4	 0.2966	 100.00	   2.77
    636	400148	     52	   18.0	13046.0	12986.5	 0.2967	 100.00	   2.77
    637	400148	     52	   17.0	13041.0	12986.6	 0.2967	 100.00	   2.77
    638	400148	     52	   27.0	13052.0	12986.7	 0.2968	 100.00	   2.77
    639	400148	     52	   28.0	13050.0	12986.8	 0.2969	 100.00	   2.77
    640	400148	     52	   27.0	13045.0	12986.9	 0.2971	 100.00	   2.77
    641	400148	     52	   17.0	13050.0	12987.0	 0.2970	 100.00	   2.77
    642	400148	     52	   24.0	13054.0	12987.1	 0.2970	 100.00	   2.77
    643	400148	     52	   16.0	13054.0	12987.2	 0.2971	 100.00	   2.77
    644	400148	     52	   26.0	13060.0	12987.3	 0.2970	 100.00	   2.77
    645	400148	     52	   21.0	13053.0	12987.4	 0.2970	 100.00	   2.77
    646	400148	     52	   23.0	13058.0	12987.5	 0.2970	 100.00	   2.77
    647	400148	     52	   14.0	13058.0	12987.6	 0.2970	 100.00	   2.77
    648	400148	     52	   15.0	13053.0	12987.7	 0.2969	 100.00	   2.77
    649	400148	     52	   15.0	13050.0	12987.8	 0.2968	 100.00	   2.77
    650	400148	     52	   23.0	13055.0	12987.9	 0.2970	 100.00	   2.77
    651	400148	     52	   27.0	13048.0	12988.0	 0.2968	 100.00	   2.77
    652	400148	     52	   32.0	13062.0	12988.1	 0.2970	 100.00	   2.77
    653	400148	     52	   22.0	13056.0	12988.2	 0.2971	 100.00	   2.77
    654	400148	     52	   22.0	13048.0	12988.3	 0.2971	 100.00	   2.77
    655	400148	     52	   28.0	13056.0	12988.4	 0.2973	 100.00	   2.77
    656	400148	     52	   23.0	13039.0	12988.5	 0.2974	 100.00	   2.77
    657	400148	     52	   17.0	13042.0	12988.6	 0.2973	 100.00	   2.77
    658	400148	     52	   21.0	13045.0	12988.6	 0.2973	 100.00	   2.77
    659	400148	     52	   18.0	13041.0	12988.7	 0.2974	 100.00	   2.77
    660	400148	     52	   21.0	13044.0	12988.8	 0.2974	 100.00	   2.77
    661	400148	     52	   24.0	13054.0	12988.9	 0.2975	 100.00	   2.77
    662	400148	     52	   19.0	13049.0	12989.0	 0.2976	 100.00	   2.77
    663	400148	     52	   26.0	13045.0	12989.1	 0.2975	 100.00	   2.77
    664	400148	     52	   18.0	13047.0	12989.2	 0.2976	 100.00	   2.77
    665	400148	     52	   23.0	13048.0	12989.3	 0.2977	 100.00	   2.77
    666	400148	     52	   30.0	13044.0	12989.3	 0.2979	 100.00	   2.77
    667	400148	     52	   18.0	13046.0	12989.4	 0.2977	 100.00	   2.77
    668	400148	     52	   16.0	13050.0	12989.5	 0.2977	 100.00	   2.77
    669	400148	     52	   25.0	13053.0	12989.6	 0.2977	 100.00	   2.77
    670	400148	     52	   25.0	13042.0	12989.7	 0.2977	 100.00	   2.77
    671	400148	     52	   22.0	13054.0	12989.8	 0.2976	 100.00	   2.77
    672	400148	     52	   28.0	13048.0	12989.9	 0.2976	 100.00	   2.77
    673	400148	     52	   22.0	13052.0	12990.0	 0.2977	 100.00	   2.78
    674	400148	     52	   20.0	13046.0	12990.0	 0.2977	 100.00	   2.78
    675	400148	     52	   24.0	13052.0	12990.1	 0.2978	 100.00	   2.78
    676	400148	     52	   24.0	13048.0	12990.2	 0.2978	 100.00	   2.78
    677	400148	     52	   29.0	13041.0	12990.3	 0.2977	 100.00	   2.78
    678	400148	     52	   20.0	13045.0	12990.4	 0.2977	 100.00	   2.78
    679	400148	     52	   24.0	13049.0	12990.5	 0.2978	 100.00	   2.78
    680	400148	     52	   24.0	13047.0	12990.5	 0.2977	 100.00	   2.78
    681	400148	     52	   24.0	13047.0	12990.6	 0.2976	 100.00	   2.78
    682	400148	     52	   29.0	13038.0	12990.7	 0.2976	 100.00	   2.78
    683	400148	     52	   15.0	13047.0	12990.8	 0.2977	 100.00	   2.78
    684	400148	     52	   21.0	13048.0	12990.9	 0.2977	 100.00	   2.78
    685	400148	     52	   17.0	13059.0	12991.0	 0.2978	 100.00	   2.78
    686	400148	     52	   22.0	13047.0	12991.0	 0.2977	 100.00	   2.78
    687	400148	     52	   19.0	13052.0	12991.1	 0.2977	 100.00	   2.78
    688	400148	     52	   19.0	13049.0	12991.2	 0.2979	 100.00	   2.78
    689	400148	     52	   27.0	13040.0	12991.3	 0.2980	 100.00	   2.78
    690	400148	     52	   13.0	13047.0	12991.4	 0.2980	 100.00	   2.78
    691	400148	     52	   17.0	13052.0	12991.5	 0.2982	 100.00	   2.78
    692	400148	     52	   25.0	13047.0	12991.5	 0.2982	 100.00	   2.78
    693	400148	     52	   18.0	13051.0	12991.6	 0.2982	 100.00	   2.78
    694	400148	     52	   27.0	13052.0	12991.7	 0.2984	 100.00	   2.78
    695	400148	     52	   19.0	13055.0	12991.8	 0.2982	 100.00	   2.78
    696	400148	     52	   25.0	13054.0	12991.9	 0.2982	 100.00	   2.78
    697	400148	     52	   20.0	13042.0	12992.0	 0.2984	 100.00	   2.78
    698	400148	     52	   19.0	13041.0	12992.0	 0.2983	 100.00	   2.78
    699	400148	     52	   26.0	13047.0	12992.1	 0.2982	 100.00	   2.78
    700	400148	     52	   13.0	13048.0	12992.2	 0.2982	 100.00	   2.78
    701	400148	     52	   18.0	13050.0	12992.3	 0.2982	 100.00	   2.78
    702	400148	     52	   20.0	13046.0	12992.3	 0.2981	 100.00	   2.78
    703	400148	     52	   15.0	13047.0	12992.4	 0.2981	 100.00	   2.78
    704	400148	     52	   25.0	13044.0	12992.5	 0.2982	 100.00	   2.78
    705	400148	     52	   21.0	13045.0	12992.6	 0.2981	 100.00	   2.78
    706	400148	     52	   23.0	13050.0	12992.7	 0.2981	 100.00	   2.78
    707	400148	     52	   25.0	13047.0	12992.7	 0.2982	 100.00	   2.78
    708	400148	     52	   28.0	13053.0	12992.8	 0.2983	 100.00	   2.78
    709	400148	     52	   16.0	13047.0	12992.9	 0.2984	 100.00	   2.78
    710	400148	     52	   26.0	13051.0	12993.0	 0.2983	 100.00	   2.78
    711	400148	     52	   20.0	13053.0	12993.1	 0.2984	 100.00	   2.78
    712	400148	     52	   20.0	13043.0	12993.1	 0.2985	 100.00	   2.78
    713	400148	     52	   19.0	13048.0	12993.2	 0.2986	 100.00	   2.78
    714	400148	     52	   16.0	13046.0	12993.3	 0.2985	 100.00	   2.78
    715	400148	     52	   21.0	13053.0	12993.4	 0.2986	 100.00	   2.78
    716	400148	     52	   22.0	13041.0	12993.4	 0.2986	 100.00	   2.78
    717	400148	     52	   21.0	13048.0	12993.5	 0.2984	 100.00	   2.78
    718	400148	     52	   18.0	13044.0	12993.6	 0.2984	 100.00	   2.78
    719	400148	     52	   25.0	13055.0	12993.7	 0.2986	 100.00	   2.78
    720	400148	     52	   15.0	13050.0	12993.7	 0.2986	 100.00	   2.78
    721	400148	     52	   21.0	13049.0	12993.8	 0.2986	 100.00	   2.78
    722	400148	     52	   24.0	13049.0	12993.9	 0.2987	 100.00	   2.78
    723	400148	     52	   17.0	13054.0	12994.0	 0.2988	 100.00	   2.78
    724	400148	     52	   26.0	13044.0	12994.0	 0.2986	 100.00	   2.78
    725	400148	     52	   19.0	13055.0	12994.1	 0.2986	 100.00	   2.78
    726	400148	     52	   27.0	13050.0	12994.2	 0.2986	 100.00	   2.78
    727	400148	     52	    8.0	13048.0	12994.3	 0.2985	 100.00	   2.78
    728	400148	     52	   25.0	13049.0	12994.4	 0.2984	 100.00	   2.78
    729	400148	     52	   22.0	13053.0	12994.4	 0.2985	 100.00	   2.79
    730	400148	     52	   22.0	13049.0	12994.5	 0.2986	 100.00	   2.79
    731	400148	     52	   22.0	13047.0	12994.6	 0.2987	 100.00	   2.79
    732	400148	     52	   25.0	13052.0	12994.7	 0.2989	 100.00	   2.79
    733	400148	     52	   23.0	13045.0	12994.7	 0.2989	 100.00	   2.79
    734	400148	     52	   23.0	13048.0	12994.8	 0.2990	 100.00	   2.79
    735	400148	     52	   21.0	13053.0	12994.9	 0.2990	 100.00	   2.79
    736	400148	     52	   24.0	13047.0	12994.9	 0.2993	 100.00	   2.79
    737	400148	     52	   23.0	13054.0	12995.0	 0.2994	 100.00	   2.79
    738	400148	     52	   26.0	13052.0	12995.1	 0.2996	 100.00	   2.79
    739	400148	     52	   22.0	13044.0	12995.2	 0.2998	 100.00	   2.79
    740	400148	     52	   22.0	13050.0	12995.2	 0.2999	 100.00	   2.79
    741	400148	     52	   21.0	13047.0	12995.3	 0.2998	 100.00	   2.79
    742	400148	     52	   22.0	13049.0	12995.4	 0.2997	 100.00	   2.79
    743	400148	     52	   23.0	13056.0	12995.5	 0.2998	 100.00	   2.79
    744	400148	     52	   16.0	13046.0	12995.5	 0.2998	 100.00	   2.79
    745	400148	     52	   23.0	13041.0	12995.6	 0.3000	 100.00	   2.79
    746	400148	     52	   27.0	13052.0	12995.7	 0.3000	 100.00	   2.79
    747	400148	     52	   22.0	13052.0	12995.8	 0.3000	 100.00	   2.79
    748	400148	     52	   26.0	13036.0	12995.8	 0.2999	 100.00	   2.79
    749	400148	     52	   21.0	13047.0	12995.9	 0.3000	 100.00	   2.79
    750	400148	     52	   29.0	13054.0	12995.9	 0.3000	 100.00	   2.79
    751	400148	     52	   16.0	13050.0	12996.0	 0.3002	 100.00	   2.79
    752	400148	     52	   19.0	13049.0	12996.1	 0.3002	 100.00	   2.79
    753	400148	     52	   24.0	13043.0	12996.2	 0.3002	 100.00	   2.79
    754	400148	     52	   24.0	13051.0	12996.2	 0.3002	 100.00	   2.79
    755	400148	     52	   21.0	13052.0	12996.3	 0.3003	 100.00	   2.79
