./asc:main.c:294: warning: auxv random bytes were not cleared
  Round	    PC	Excited	Hamming	   Loss	 Regret	    MSE	  Error	   MIPS
      0	40010c	     52	12750.0	12750.0	12750.0	 0.2694	 100.00	0.09098
      1	40014f	     52	  292.0	13038.0	 6519.0	 0.2434	 100.00	0.16361
      2	40014f	     52	   13.0	13043.0	 4347.7	 0.2955	 100.00	0.24155
      3	40014f	     52	   17.0	13048.0	 3262.0	 0.2832	 100.00	0.32347
      4	40014f	     52	   16.0	13040.0	 5217.6	 0.2839	 100.00	0.39881
      5	40014f	     52	   16.0	13044.0	 6522.0	 0.2837	 100.00	0.47293
      6	40014f	     52	   19.0	13041.0	 7453.3	 0.2840	 100.00	0.54333
      7	40014f	     52	   14.0	13041.0	 8151.8	 0.2911	 100.00	0.60125
      8	40014f	     52	   13.0	13046.0	 8695.6	 0.2982	 100.00	0.66818
      9	40014f	     52	   18.0	13046.0	 9130.6	 0.3012	 100.00	0.72710
     10	40014f	     52	   11.0	13049.0	 9486.8	 0.3027	 100.00	0.78093
     11	40014f	     52	   18.0	13047.0	 9783.5	 0.3004	 100.00	0.83390
     12	40014f	     52	   23.0	13044.0	10034.3	 0.2988	 100.00	0.88497
     13	40014f	     52	   19.0	13045.0	10249.4	 0.2989	 100.00	0.92676
     14	40014f	     52	   13.0	13044.0	10435.7	 0.2944	 100.00	0.96674
     15	40014f	     52	   15.0	13049.0	10599.0	 0.2950	 100.00	   1.02
     16	40014f	     52	   19.0	13044.0	10742.8	 0.2925	 100.00	   1.06
     17	40014f	     52	    9.0	13047.0	10870.8	 0.2877	 100.00	   1.10
     18	40014f	     52	   17.0	13046.0	10985.3	 0.2837	 100.00	   1.14
     19	40014f	     52	   21.0	13055.0	11088.8	 0.2790	 100.00	   1.18
     20	40014f	     52	   15.0	13048.0	11182.1	 0.2736	 100.00	   1.21
     21	40014f	     52	   16.0	13046.0	11266.8	 0.2735	 100.00	   1.24
     22	40014f	     52	   19.0	13039.0	11343.9	 0.2772	 100.00	   1.28
     23	40014f	     52	   16.0	13047.0	11414.8	 0.2769	 100.00	   1.31
     24	40014f	     52	   18.0	13035.0	11479.6	 0.2737	 100.00	   1.34
     25	40014f	     52	   11.0	13044.0	11539.8	 0.2717	 100.00	   1.36
     26	40014f	     52	   23.0	13043.0	11595.5	 0.2706	 100.00	   1.39
     27	40014f	     52	   10.0	13043.0	11647.2	 0.2702	 100.00	   1.42
     28	40014f	     52	   24.0	13049.0	11695.5	 0.2679	 100.00	   1.44
     29	40014f	     52	   24.0	13045.0	11740.5	 0.2700	 100.00	   1.47
     30	40014f	     52	   14.0	13043.0	11782.5	 0.2687	 100.00	   1.49
     31	40014f	     52	   21.0	13046.0	11822.0	 0.2690	 100.00	   1.51
     32	40014f	     52	   14.0	13042.0	11859.0	 0.2693	 100.00	   1.53
     33	40014f	     52	   16.0	13050.0	11894.0	 0.2688	 100.00	   1.55
     34	40014f	     52	   17.0	13049.0	11927.0	 0.2678	 100.00	   1.57
     35	40014f	     52	   20.0	13047.0	11958.1	 0.2661	 100.00	   1.59
     36	40014f	     52	   19.0	13052.0	11987.7	 0.2636	 100.00	   1.61
     37	40014f	     52	   18.0	13052.0	12015.7	 0.2623	 100.00	   1.63
     38	40014f	     52	   12.0	13048.0	12042.2	 0.2585	 100.00	   1.65
     39	40014f	     52	   17.0	13045.0	12067.2	 0.2595	 100.00	   1.67
     40	40014f	     52	   15.0	13046.0	12091.1	 0.2602	 100.00	   1.68
     41	40014f	     52	   20.0	13046.0	12113.8	 0.2601	 100.00	   1.70
     42	40014f	     52	   19.0	13045.0	12135.5	 0.2590	 100.00	   1.71
     43	40014f	     52	   19.0	13050.0	12156.3	 0.2607	 100.00	   1.73
     44	40014f	     52	   20.0	13042.0	12176.0	 0.2611	 100.00	   1.74
     45	40014f	     52	   18.0	13048.0	12194.9	 0.2602	 100.00	   1.76
     46	40014f	     52	   16.0	13050.0	12213.1	 0.2581	 100.00	   1.77
     47	40014f	     52	   17.0	13049.0	12230.5	 0.2592	 100.00	   1.79
     48	40014f	     52	   23.0	13046.0	12247.2	 0.2603	 100.00	   1.80
     49	40014f	     52	   15.0	13045.0	12263.1	 0.2602	 100.00	   1.81
     50	40014f	     52	   23.0	13042.0	12278.4	 0.2595	 100.00	   1.83
     51	40014f	     52	   18.0	13048.0	12293.2	 0.2597	 100.00	   1.83
     52	40014f	     52	   22.0	13046.0	12307.4	 0.2595	 100.00	   1.85
     53	40014f	     52	   23.0	13041.0	12321.0	 0.2593	 100.00	   1.86
     54	40014f	     52	   22.0	13049.0	12334.2	 0.2583	 100.00	   1.87
     55	40014f	     52	   18.0	13053.0	12347.1	 0.2581	 100.00	   1.88
     56	40014f	     52	   18.0	13045.0	12359.3	 0.2580	 100.00	   1.90
     57	40014f	     52	   22.0	13049.0	12371.2	 0.2567	 100.00	   1.91
     58	40014f	     52	   16.0	13043.0	12382.6	 0.2557	 100.00	   1.92
     59	40014f	     52	   19.0	13046.0	12393.6	 0.2553	 100.00	   1.93
     60	40014f	     52	   22.0	13054.0	12404.5	 0.2547	 100.00	   1.93
     61	40014f	     52	   12.0	13052.0	12414.9	 0.2529	 100.00	   1.95
     62	40014f	     52	   28.0	13050.0	12425.0	 0.2539	 100.00	   1.96
     63	40014f	     52	   21.0	13045.0	12434.7	 0.2544	 100.00	   1.97
     64	40014f	     52	   18.0	13043.0	12444.0	 0.2560	 100.00	   1.98
     65	40014f	     52	   17.0	13048.0	12453.2	 0.2548	 100.00	   1.99
     66	40014f	     52	   20.0	13056.0	12462.2	 0.2560	 100.00	   2.00
     67	40014f	     52	   33.0	13045.0	12470.8	 0.2561	 100.00	   2.01
     68	40014f	     52	   14.0	13041.0	12479.0	 0.2543	 100.00	   2.02
     69	40014f	     52	   10.0	13045.0	12487.1	 0.2547	 100.00	   2.02
     70	40014f	     52	   20.0	13055.0	12495.1	 0.2557	 100.00	   2.03
     71	40014f	     52	   16.0	13053.0	12502.8	 0.2545	 100.00	   2.04
     72	40014f	     52	   18.0	13041.0	12510.2	 0.2546	 100.00	   2.05
     73	40014f	     52	   11.0	13038.0	12517.4	 0.2557	 100.00	   2.06
     74	40014f	     52	   20.0	13052.0	12524.5	 0.2558	 100.00	   2.07
     75	40014f	     52	   23.0	13051.0	12531.4	 0.2562	 100.00	   2.07
     76	40014f	     52	   18.0	13051.0	12538.2	 0.2555	 100.00	   2.08
     77	40014f	     52	   19.0	13044.0	12544.6	 0.2551	 100.00	   2.09
     78	40014f	     52	   14.0	13052.0	12551.1	 0.2556	 100.00	   2.10
     79	40014f	     52	   11.0	13049.0	12557.3	 0.2559	 100.00	   2.10
     80	40014f	     52	   21.0	13050.0	12563.4	 0.2558	 100.00	   2.11
     81	40014f	     52	   13.0	13055.0	12569.4	 0.2552	 100.00	   2.12
     82	40014f	     52	   29.0	13048.0	12575.1	 0.2568	 100.00	   2.12
     83	40014f	     52	   22.0	13052.0	12580.8	 0.2571	 100.00	   2.13
     84	40014f	     52	   19.0	13041.0	12586.2	 0.2584	 100.00	   2.14
     85	40014f	     52	   16.0	13049.0	12591.6	 0.2597	 100.00	   2.15
     86	40014f	     52	   17.0	13052.0	12596.9	 0.2603	 100.00	   2.15
     87	40014f	     52	   12.0	13056.0	12602.1	 0.2611	 100.00	   2.16
     88	40014f	     52	   26.0	13048.0	12607.1	 0.2610	 100.00	   2.16
     89	40014f	     52	   19.0	13045.0	12612.0	 0.2609	 100.00	   2.17
     90	40014f	     52	   14.0	13049.0	12616.8	 0.2609	 100.00	   2.18
     91	40014f	     52	   20.0	13049.0	12621.5	 0.2606	 100.00	   2.18
     92	40014f	     52	   16.0	13053.0	12626.1	 0.2610	 100.00	   2.19
     93	40014f	     52	   16.0	13053.0	12630.7	 0.2610	 100.00	   2.19
     94	40014f	     52	   12.0	13055.0	12635.1	 0.2613	 100.00	   2.20
     95	40014f	     52	   22.0	13045.0	12639.4	 0.2624	 100.00	   2.20
     96	40014f	     52	   17.0	13048.0	12643.6	 0.2627	 100.00	   2.21
     97	40014f	     52	   16.0	13050.0	12647.8	 0.2626	 100.00	   2.21
     98	40014f	     52	   17.0	13047.0	12651.8	 0.2627	 100.00	   2.22
     99	40014f	     52	   19.0	13050.0	12655.8	 0.2627	 100.00	   2.22
    100	40014f	     52	   20.0	13050.0	12659.7	 0.2628	 100.00	   2.23
    101	40014f	     52	   17.0	13047.0	12663.5	 0.2632	 100.00	   2.23
    102	40014f	     52	   20.0	13051.0	12667.2	 0.2640	 100.00	   2.23
    103	40014f	     52	   31.0	13052.0	12670.9	 0.2650	 100.00	   2.24
    104	40014f	     52	   15.0	13043.0	12674.5	 0.2653	 100.00	   2.24
    105	40014f	     52	   24.0	13051.0	12678.0	 0.2653	 100.00	   2.25
    106	40014f	     52	   23.0	13052.0	12681.5	 0.2658	 100.00	   2.25
    107	40014f	     52	   17.0	13055.0	12685.0	 0.2649	 100.00	   2.26
    108	40014f	     52	   26.0	13055.0	12688.4	 0.2649	 100.00	   2.26
    109	40014f	     52	   24.0	13043.0	12691.6	 0.2646	 100.00	   2.26
    110	40014f	     52	   15.0	13052.0	12694.9	 0.2648	 100.00	   2.27
    111	40014f	     52	   20.0	13052.0	12698.0	 0.2650	 100.00	   2.27
    112	40014f	     52	   19.0	13047.0	12701.1	 0.2657	 100.00	   2.28
    113	40014f	     52	   18.0	13057.0	12704.3	 0.2652	 100.00	   2.28
    114	40014f	     52	   25.0	13044.0	12707.2	 0.2652	 100.00	   2.28
    115	40014f	     52	   11.0	13047.0	12710.1	 0.2662	 100.00	   2.29
    116	40014f	     52	   18.0	13053.0	12713.1	 0.2657	 100.00	   2.29
    117	40014f	     52	   20.0	13051.0	12715.9	 0.2662	 100.00	   2.29
    118	40014f	     52	   23.0	13054.0	12718.8	 0.2666	 100.00	   2.30
    119	40014f	     52	   28.0	13048.0	12721.5	 0.2663	 100.00	   2.30
    120	40014f	     52	   18.0	13052.0	12724.2	 0.2677	 100.00	   2.31
    121	40014f	     52	   22.0	13054.0	12727.0	 0.2675	 100.00	   2.31
    122	40014f	     52	   24.0	13054.0	12729.6	 0.2678	 100.00	   2.31
    123	40014f	     52	   24.0	13050.0	12732.2	 0.2683	 100.00	   2.32
    124	40014f	     52	   17.0	13047.0	12734.7	 0.2696	 100.00	   2.32
    125	40014f	     52	   22.0	13049.0	12737.2	 0.2693	 100.00	   2.33
    126	40014f	     52	   30.0	13049.0	12739.7	 0.2699	 100.00	   2.33
    127	40014f	     52	   15.0	13050.0	12742.1	 0.2698	 100.00	   2.33
    128	40014f	     52	   24.0	13048.0	12744.5	 0.2695	 100.00	   2.34
    129	40014f	     52	   14.0	13050.0	12746.8	 0.2694	 100.00	   2.34
    130	40014f	     52	   15.0	13051.0	12749.1	 0.2689	 100.00	   2.34
    131	40014f	     52	   25.0	13052.0	12751.4	 0.2690	 100.00	   2.35
    132	40014f	     52	   19.0	13049.0	12753.7	 0.2685	 100.00	   2.35
    133	40014f	     52	   19.0	13052.0	12755.9	 0.2689	 100.00	   2.35
    134	40014f	     52	   30.0	13052.0	12758.1	 0.2702	 100.00	   2.36
    135	40014f	     52	   17.0	13053.0	12760.2	 0.2705	 100.00	   2.36
    136	40014f	     52	   22.0	13051.0	12762.4	 0.2703	 100.00	   2.36
    137	40014f	     52	   18.0	13057.0	12764.5	 0.2700	 100.00	   2.37
    138	40014f	     52	   10.0	13057.0	12766.6	 0.2704	 100.00	   2.37
    139	40014f	     52	   17.0	13048.0	12768.6	 0.2701	 100.00	   2.37
    140	40014f	     52	   23.0	13053.0	12770.6	 0.2700	 100.00	   2.38
    141	40014f	     52	   16.0	13049.0	12772.6	 0.2694	 100.00	   2.38
    142	40014f	     52	   26.0	13057.0	12774.6	 0.2695	 100.00	   2.38
    143	40014f	     52	   14.0	13055.0	12776.5	 0.2694	 100.00	   2.39
    144	40014f	     52	   14.0	13047.0	12778.4	 0.2697	 100.00	   2.39
    145	40014f	     52	   18.0	13047.0	12780.2	 0.2696	 100.00	   2.39
    146	40014f	     52	   20.0	13049.0	12782.1	 0.2700	 100.00	   2.39
    147	40014f	     52	   18.0	13049.0	12783.9	 0.2699	 100.00	   2.40
    148	40014f	     52	   10.0	13053.0	12785.7	 0.2701	 100.00	   2.40
    149	40014f	     52	   27.0	13048.0	12787.4	 0.2700	 100.00	   2.40
    150	40014f	     52	   19.0	13043.0	12789.1	 0.2698	 100.00	   2.40
    151	40014f	     52	   20.0	13053.0	12790.9	 0.2704	 100.00	   2.41
    152	40014f	     52	   21.0	13046.0	12792.5	 0.2706	 100.00	   2.41
    153	40014f	     52	   12.0	13052.0	12794.2	 0.2701	 100.00	   2.41
    154	40014f	     52	   23.0	13055.0	12795.9	 0.2700	 100.00	   2.41
    155	40014f	     52	   19.0	13048.0	12797.5	 0.2703	 100.00	   2.42
    156	40014f	     52	   22.0	13054.0	12799.1	 0.2700	 100.00	   2.42
    157	40014f	     52	   14.0	13056.0	12800.8	 0.2700	 100.00	   2.42
    158	40014f	     52	   25.0	13049.0	12802.3	 0.2707	 100.00	   2.42
    159	40014f	     52	   23.0	13054.0	12803.9	 0.2704	 100.00	   2.42
    160	40014f	     52	   16.0	13052.0	12805.4	 0.2706	 100.00	   2.42
    161	40014f	     52	   20.0	13050.0	12807.0	 0.2701	 100.00	   2.43
    162	40014f	     52	   22.0	13054.0	12808.5	 0.2700	 100.00	   2.43
    163	40014f	     52	   25.0	13059.0	12810.0	 0.2697	 100.00	   2.43
    164	40014f	     52	   30.0	13049.0	12811.4	 0.2712	 100.00	   2.43
    165	40014f	     52	   22.0	13055.0	12812.9	 0.2710	 100.00	   2.43
    166	40014f	     52	   16.0	13051.0	12814.3	 0.2712	 100.00	   2.44
    167	40014f	     52	   17.0	13056.0	12815.8	 0.2713	 100.00	   2.44
    168	40014f	     52	   15.0	13051.0	12817.2	 0.2711	 100.00	   2.44
    169	40014f	     52	   25.0	13042.0	12818.5	 0.2708	 100.00	   2.44
    170	40014f	     52	   14.0	13050.0	12819.8	 0.2706	 100.00	   2.45
    171	40014f	     52	   19.0	13051.0	12821.2	 0.2707	 100.00	   2.45
    172	40014f	     52	   22.0	13053.0	12822.5	 0.2717	 100.00	   2.45
    173	40014f	     52	   14.0	13051.0	12823.8	 0.2715	 100.00	   2.45
    174	40014f	     52	   22.0	13051.0	12825.1	 0.2721	 100.00	   2.45
    175	40014f	     52	   22.0	13049.0	12826.4	 0.2724	 100.00	   2.46
    176	40014f	     52	   23.0	13050.0	12827.7	 0.2726	 100.00	   2.46
    177	40014f	     52	   23.0	13049.0	12828.9	 0.2731	 100.00	   2.46
    178	40014f	     52	   19.0	13046.0	12830.1	 0.2728	 100.00	   2.46
    179	40014f	     52	   10.0	13052.0	12831.4	 0.2733	 100.00	   2.46
    180	40014f	     52	   24.0	13048.0	12832.6	 0.2733	 100.00	   2.47
    181	40014f	     52	   25.0	13047.0	12833.7	 0.2736	 100.00	   2.47
    182	40014f	     52	   26.0	13053.0	12834.9	 0.2738	 100.00	   2.47
    183	40014f	     52	   20.0	13057.0	12836.1	 0.2739	 100.00	   2.47
    184	40014f	     52	   14.0	13053.0	12837.3	 0.2738	 100.00	   2.47
    185	40014f	     52	   24.0	13049.0	12838.5	 0.2748	 100.00	   2.48
    186	40014f	     52	   24.0	13049.0	12839.6	 0.2751	 100.00	   2.48
    187	40014f	     52	   21.0	13048.0	12840.7	 0.2748	 100.00	   2.48
    188	40014f	     52	   26.0	13046.0	12841.8	 0.2746	 100.00	   2.48
    189	40014f	     52	   15.0	13051.0	12842.9	 0.2746	 100.00	   2.48
    190	40014f	     52	   26.0	13051.0	12844.0	 0.2750	 100.00	   2.49
    191	40014f	     52	   20.0	13053.0	12845.1	 0.2754	 100.00	   2.49
    192	40014f	     52	   22.0	13045.0	12846.1	 0.2755	 100.00	   2.49
    193	40014f	     52	   21.0	13050.0	12847.1	 0.2757	 100.00	   2.49
    194	40014f	     52	   19.0	13053.0	12848.2	 0.2758	 100.00	   2.49
    195	40014f	     52	   28.0	13047.0	12849.2	 0.2759	 100.00	   2.49
    196	40014f	     52	   26.0	13051.0	12850.2	 0.2756	 100.00	   2.49
    197	40014f	     52	   19.0	13054.0	12851.3	 0.2767	 100.00	   2.50
    198	40014f	     52	   24.0	13050.0	12852.3	 0.2770	 100.00	   2.50
    199	40014f	     52	   23.0	13047.0	12853.2	 0.2768	 100.00	   2.50
    200	40014f	     52	   23.0	13050.0	12854.2	 0.2772	 100.00	   2.50
    201	40014f	     52	   15.0	13051.0	12855.2	 0.2766	 100.00	   2.50
    202	40014f	     52	   18.0	13051.0	12856.2	 0.2769	 100.00	   2.50
    203	40014f	     52	   21.0	13052.0	12857.1	 0.2772	 100.00	   2.50
    204	40014f	     52	   22.0	13056.0	12858.1	 0.2769	 100.00	   2.51
    205	40014f	     52	   30.0	13054.0	12859.0	 0.2772	 100.00	   2.51
    206	40014f	     52	   25.0	13047.0	12859.9	 0.2769	 100.00	   2.51
    207	40014f	     52	   20.0	13049.0	12860.9	 0.2769	 100.00	   2.51
    208	40014f	     52	   19.0	13048.0	12861.7	 0.2766	 100.00	   2.51
    209	40014f	     52	   29.0	13053.0	12862.7	 0.2763	 100.00	   2.51
    210	40014f	     52	   20.0	13045.0	12863.5	 0.2766	 100.00	   2.51
    211	40014f	     52	   24.0	13045.0	12864.4	 0.2766	 100.00	   2.52
    212	40014f	     52	   21.0	13052.0	12865.3	 0.2770	 100.00	   2.52
    213	40014f	     52	   30.0	13048.0	12866.1	 0.2772	 100.00	   2.52
    214	40014f	     52	   22.0	13054.0	12867.0	 0.2773	 100.00	   2.52
    215	40014f	     52	   19.0	13049.0	12867.8	 0.2774	 100.00	   2.52
    216	40014f	     52	   28.0	13045.0	12868.6	 0.2771	 100.00	   2.52
    217	40014f	     52	   19.0	13054.0	12869.5	 0.2766	 100.00	   2.52
    218	40014f	     52	   24.0	13048.0	12870.3	 0.2765	 100.00	   2.52
    219	40014f	     52	   18.0	13046.0	12871.1	 0.2763	 100.00	   2.52
    220	40014f	     52	   21.0	13047.0	12871.9	 0.2766	 100.00	   2.53
    221	40014f	     52	   16.0	13045.0	12872.7	 0.2762	 100.00	   2.53
    222	40014f	     52	   23.0	13052.0	12873.5	 0.2763	 100.00	   2.53
    223	40014f	     52	   20.0	13060.0	12874.3	 0.2766	 100.00	   2.53
    224	40014f	     52	   23.0	13043.0	12875.1	 0.2770	 100.00	   2.53
    225	40014f	     52	   16.0	13051.0	12875.8	 0.2769	 100.00	   2.53
    226	40014f	     52	   24.0	13055.0	12876.6	 0.2768	 100.00	   2.53
    227	40014f	     52	   22.0	13055.0	12877.4	 0.2764	 100.00	   2.53
    228	40014f	     52	   32.0	13051.0	12878.2	 0.2762	 100.00	   2.53
    229	40014f	     52	   24.0	13049.0	12878.9	 0.2758	 100.00	   2.54
    230	40014f	     52	   29.0	13058.0	12879.7	 0.2754	 100.00	   2.54
    231	40014f	     52	   28.0	13052.0	12880.4	 0.2751	 100.00	   2.54
    232	40014f	     52	   30.0	13056.0	12881.2	 0.2749	 100.00	   2.54
    233	40014f	     52	   27.0	13045.0	12881.9	 0.2745	 100.00	   2.54
    234	40014f	     52	   16.0	13055.0	12882.6	 0.2745	 100.00	   2.54
    235	40014f	     52	   13.0	13054.0	12883.4	 0.2748	 100.00	   2.54
    236	40014f	     52	   20.0	13054.0	12884.1	 0.2754	 100.00	   2.54
    237	40014f	     52	   16.0	13058.0	12884.8	 0.2755	 100.00	   2.55
    238	40014f	     52	   19.0	13059.0	12885.5	 0.2757	 100.00	   2.55
    239	40014f	     52	   18.0	13057.0	12886.2	 0.2757	 100.00	   2.55
    240	40014f	     52	   20.0	13059.0	12887.0	 0.2757	 100.00	   2.55
    241	40014f	     52	   14.0	13055.0	12887.7	 0.2761	 100.00	   2.55
    242	40014f	     52	   31.0	13048.0	12888.3	 0.2761	 100.00	   2.55
    243	40014f	     52	   16.0	13056.0	12889.0	 0.2759	 100.00	   2.55
    244	40014f	     52	   25.0	13055.0	12889.7	 0.2761	 100.00	   2.55
    245	40014f	     52	   22.0	13055.0	12890.4	 0.2762	 100.00	   2.56
    246	40014f	     52	   32.0	13051.0	12891.0	 0.2762	 100.00	   2.56
    247	40014f	     52	   25.0	13052.0	12891.7	 0.2762	 100.00	   2.56
    248	40014f	     52	   24.0	13046.0	12892.3	 0.2763	 100.00	   2.56
    249	40014f	     52	   16.0	13046.0	12892.9	 0.2764	 100.00	   2.56
    250	40014f	     52	   20.0	13050.0	12893.5	 0.2766	 100.00	   2.56
    251	40014f	     52	   21.0	13053.0	12894.2	 0.2767	 100.00	   2.56
    252	40014f	     52	   18.0	13053.0	12894.8	 0.2770	 100.00	   2.56
    253	40014f	     52	   21.0	13064.0	12895.4	 0.2773	 100.00	   2.56
    254	40014f	     52	   14.0	13056.0	12896.1	 0.2777	 100.00	   2.57
    255	40014f	     52	   16.0	13054.0	12896.7	 0.2775	 100.00	   2.57
    256	40014f	     52	   22.0	13046.0	12897.3	 0.2777	 100.00	   2.57
    257	40014f	     52	   19.0	13045.0	12897.8	 0.2777	 100.00	   2.57
    258	40014f	     52	   15.0	13052.0	12898.4	 0.2780	 100.00	   2.57
    259	40014f	     52	   20.0	13050.0	12899.0	 0.2781	 100.00	   2.57
    260	40014f	     52	   21.0	13053.0	12899.6	 0.2784	 100.00	   2.57
    261	40014f	     52	   10.0	13055.0	12900.2	 0.2783	 100.00	   2.57
    262	40014f	     52	   23.0	13052.0	12900.8	 0.2783	 100.00	   2.57
    263	40014f	     52	   24.0	13054.0	12901.4	 0.2781	 100.00	   2.57
    264	40014f	     52	   15.0	13053.0	12901.9	 0.2781	 100.00	   2.57
    265	40014f	     52	   15.0	13046.0	12902.5	 0.2781	 100.00	   2.57
    266	40014f	     52	   24.0	13056.0	12903.1	 0.2782	 100.00	   2.58
    267	40014f	     52	   26.0	13052.0	12903.6	 0.2786	 100.00	   2.58
    268	40014f	     52	   28.0	13050.0	12904.2	 0.2787	 100.00	   2.58
    269	40014f	     52	   23.0	13055.0	12904.7	 0.2791	 100.00	   2.58
    270	40014f	     52	   14.0	13059.0	12905.3	 0.2789	 100.00	   2.58
    271	40014f	     52	   12.0	13057.0	12905.8	 0.2791	 100.00	   2.58
    272	40014f	     52	   19.0	13056.0	12906.4	 0.2789	 100.00	   2.58
    273	40014f	     52	   17.0	13059.0	12906.9	 0.2791	 100.00	   2.58
    274	40014f	     52	   13.0	13058.0	12907.5	 0.2790	 100.00	   2.58
    275	40014f	     52	   18.0	13050.0	12908.0	 0.2790	 100.00	   2.58
    276	40014f	     52	   15.0	13055.0	12908.5	 0.2788	 100.00	   2.58
    277	40014f	     52	   30.0	13057.0	12909.1	 0.2790	 100.00	   2.58
    278	40014f	     52	   17.0	13048.0	12909.6	 0.2794	 100.00	   2.58
    279	40014f	     52	   16.0	13060.0	12910.1	 0.2794	 100.00	   2.58
    280	40014f	     52	   30.0	13052.0	12910.6	 0.2794	 100.00	   2.59
    281	40014f	     52	   12.0	13054.0	12911.1	 0.2791	 100.00	   2.59
    282	40014f	     52	   28.0	13056.0	12911.6	 0.2791	 100.00	   2.59
    283	40014f	     52	   22.0	13056.0	12912.1	 0.2793	 100.00	   2.59
    284	40014f	     52	   20.0	13054.0	12912.6	 0.2794	 100.00	   2.59
    285	40014f	     52	   24.0	13050.0	12913.1	 0.2793	 100.00	   2.59
    286	40014f	     52	   21.0	13051.0	12913.6	 0.2798	 100.00	   2.59
    287	40014f	     52	   27.0	13050.0	12914.1	 0.2800	 100.00	   2.59
    288	40014f	     52	   23.0	13053.0	12914.6	 0.2802	 100.00	   2.59
    289	40014f	     52	   21.0	13050.0	12915.0	 0.2808	 100.00	   2.59
    290	40014f	     52	   21.0	13057.0	12915.5	 0.2809	 100.00	   2.59
    291	40014f	     52	   17.0	13052.0	12916.0	 0.2810	 100.00	   2.60
    292	40014f	     52	   26.0	13054.0	12916.5	 0.2807	 100.00	   2.60
    293	40014f	     52	   23.0	13053.0	12916.9	 0.2806	 100.00	   2.60
    294	40014f	     52	   26.0	13055.0	12917.4	 0.2806	 100.00	   2.60
    295	40014f	     52	   13.0	13052.0	12917.8	 0.2806	 100.00	   2.60
    296	40014f	     52	   20.0	13054.0	12918.3	 0.2801	 100.00	   2.60
    297	40014f	     52	   25.0	13047.0	12918.7	 0.2808	 100.00	   2.60
    298	40014f	     52	   14.0	13047.0	12919.2	 0.2808	 100.00	   2.60
    299	40014f	     52	   16.0	13051.0	12919.6	 0.2810	 100.00	   2.60
    300	40014f	     52	   24.0	13055.0	12920.0	 0.2810	 100.00	   2.60
    301	40014f	     52	   18.0	13057.0	12920.5	 0.2811	 100.00	   2.61
    302	40014f	     52	   20.0	13063.0	12921.0	 0.2810	 100.00	   2.61
    303	40014f	     52	   15.0	13056.0	12921.4	 0.2812	 100.00	   2.61
    304	40014f	     52	   29.0	13051.0	12921.8	 0.2816	 100.00	   2.61
    305	40014f	     52	   25.0	13052.0	12922.3	 0.2812	 100.00	   2.61
    306	40014f	     52	   22.0	13054.0	12922.7	 0.2816	 100.00	   2.61
    307	40014f	     52	   15.0	13053.0	12923.1	 0.2816	 100.00	   2.61
    308	40014f	     52	   23.0	13050.0	12923.5	 0.2817	 100.00	   2.61
    309	40014f	     52	   20.0	13060.0	12924.0	 0.2817	 100.00	   2.61
    310	40014f	     52	   19.0	13057.0	12924.4	 0.2817	 100.00	   2.61
    311	40014f	     52	   18.0	13053.0	12924.8	 0.2821	 100.00	   2.61
    312	40014f	     52	   19.0	13054.0	12925.2	 0.2821	 100.00	   2.61
    313	40014f	     52	   24.0	13058.0	12925.6	 0.2824	 100.00	   2.61
    314	40014f	     52	   20.0	13054.0	12926.1	 0.2826	 100.00	   2.61
    315	40014f	     52	   18.0	13060.0	12926.5	 0.2828	 100.00	   2.61
    316	40014f	     52	   28.0	13050.0	12926.9	 0.2830	 100.00	   2.61
    317	40014f	     52	   23.0	13059.0	12927.3	 0.2832	 100.00	   2.61
    318	40014f	     52	   25.0	13058.0	12927.7	 0.2835	 100.00	   2.62
    319	40014f	     52	   19.0	13055.0	12928.1	 0.2838	 100.00	   2.62
    320	40014f	     52	   24.0	13049.0	12928.5	 0.2838	 100.00	   2.62
    321	40014f	     52	   22.0	13055.0	12928.9	 0.2840	 100.00	   2.62
    322	40014f	     52	   26.0	13045.0	12929.2	 0.2839	 100.00	   2.62
    323	40014f	     52	   22.0	13061.0	12929.6	 0.2840	 100.00	   2.62
    324	40014f	     52	   25.0	13052.0	12930.0	 0.2840	 100.00	   2.62
    325	40014f	     52	   19.0	13055.0	12930.4	 0.2837	 100.00	   2.62
    326	40014f	     52	   15.0	13060.0	12930.8	 0.2841	 100.00	   2.62
    327	40014f	     52	   21.0	13049.0	12931.1	 0.2843	 100.00	   2.62
    328	40014f	     52	   27.0	13046.0	12931.5	 0.2845	 100.00	   2.62
    329	40014f	     52	   30.0	13052.0	12931.9	 0.2848	 100.00	   2.62
    330	40014f	     52	   19.0	13053.0	12932.2	 0.2851	 100.00	   2.62
    331	40014f	     52	   23.0	13046.0	12932.6	 0.2849	 100.00	   2.62
    332	40014f	     52	   24.0	13048.0	12932.9	 0.2848	 100.00	   2.62
    333	40014f	     52	   19.0	13049.0	12933.3	 0.2851	 100.00	   2.62
    334	40014f	     52	   15.0	13050.0	12933.6	 0.2853	 100.00	   2.62
    335	40014f	     52	   17.0	13057.0	12934.0	 0.2851	 100.00	   2.62
    336	40014f	     52	   21.0	13054.0	12934.3	 0.2852	 100.00	   2.62
    337	40014f	     52	   26.0	13058.0	12934.7	 0.2853	 100.00	   2.63
    338	40014f	     52	   21.0	13049.0	12935.0	 0.2857	 100.00	   2.63
    339	40014f	     52	   21.0	13046.0	12935.4	 0.2856	 100.00	   2.63
    340	40014f	     52	   28.0	13050.0	12935.7	 0.2859	 100.00	   2.63
    341	40014f	     52	   26.0	13052.0	12936.0	 0.2865	 100.00	   2.63
    342	40014f	     52	   25.0	13051.0	12936.4	 0.2862	 100.00	   2.63
    343	40014f	     52	   19.0	13050.0	12936.7	 0.2865	 100.00	   2.63
    344	40014f	     52	   25.0	13049.0	12937.0	 0.2863	 100.00	   2.63
    345	40014f	     52	   26.0	13047.0	12937.3	 0.2862	 100.00	   2.63
    346	40014f	     52	   19.0	13048.0	12937.7	 0.2864	 100.00	   2.63
    347	40014f	     52	   21.0	13055.0	12938.0	 0.2867	 100.00	   2.63
    348	40014f	     52	   13.0	13060.0	12938.3	 0.2868	 100.00	   2.63
    349	40014f	     52	   27.0	13045.0	12938.7	 0.2868	 100.00	   2.63
    350	40014f	     52	   26.0	13057.0	12939.0	 0.2868	 100.00	   2.63
    351	40014f	     52	    9.0	13054.0	12939.3	 0.2868	 100.00	   2.64
    352	40014f	     52	   27.0	13045.0	12939.6	 0.2871	 100.00	   2.64
    353	40014f	     52	   28.0	13061.0	12940.0	 0.2872	 100.00	   2.64
    354	40014f	     52	   18.0	13051.0	12940.3	 0.2876	 100.00	   2.64
    355	40014f	     52	   18.0	13055.0	12940.6	 0.2876	 100.00	   2.64
    356	40014f	     52	   27.0	13056.0	12940.9	 0.2878	 100.00	   2.64
    357	40014f	     52	   16.0	13056.0	12941.2	 0.2878	 100.00	   2.64
    358	40014f	     52	   21.0	13055.0	12941.6	 0.2881	 100.00	   2.64
    359	40014f	     52	   25.0	13052.0	12941.9	 0.2883	 100.00	   2.64
    360	40014f	     52	   18.0	13052.0	12942.2	 0.2883	 100.00	   2.64
    361	40014f	     52	   24.0	13052.0	12942.5	 0.2884	 100.00	   2.64
    362	40014f	     52	   17.0	13047.0	12942.8	 0.2882	 100.00	   2.64
    363	40014f	     52	   20.0	13059.0	12943.1	 0.2882	 100.00	   2.64
    364	40014f	     52	   35.0	13052.0	12943.4	 0.2884	 100.00	   2.64
    365	40014f	     52	   23.0	13053.0	12943.7	 0.2882	 100.00	   2.64
    366	40014f	     52	   23.0	13052.0	12944.0	 0.2883	 100.00	   2.64
    367	40014f	     52	   12.0	13060.0	12944.3	 0.2885	 100.00	   2.64
    368	40014f	     52	   21.0	13051.0	12944.6	 0.2884	 100.00	   2.64
    369	40014f	     52	   21.0	13052.0	12944.9	 0.2886	 100.00	   2.65
    370	40014f	     52	   26.0	13054.0	12945.2	 0.2886	 100.00	   2.65
    371	40014f	     52	   24.0	13044.0	12945.4	 0.2886	 100.00	   2.65
    372	40014f	     52	   20.0	13048.0	12945.7	 0.2884	 100.00	   2.65
    373	40014f	     52	   20.0	13046.0	12946.0	 0.2887	 100.00	   2.65
    374	40014f	     52	   27.0	13049.0	12946.2	 0.2888	 100.00	   2.65
    375	40014f	     52	   26.0	13049.0	12946.5	 0.2890	 100.00	   2.65
    376	40014f	     52	   12.0	13055.0	12946.8	 0.2889	 100.00	   2.65
    377	40014f	     52	   26.0	13053.0	12947.1	 0.2890	 100.00	   2.65
    378	40014f	     52	   15.0	13052.0	12947.4	 0.2890	 100.00	   2.65
    379	40014f	     52	   19.0	13051.0	12947.6	 0.2892	 100.00	   2.65
    380	40014f	     52	   32.0	13053.0	12947.9	 0.2892	 100.00	   2.65
    381	40014f	     52	   20.0	13051.0	12948.2	 0.2894	 100.00	   2.65
    382	40014f	     52	   24.0	13057.0	12948.5	 0.2897	 100.00	   2.65
    383	40014f	     52	   14.0	13051.0	12948.7	 0.2898	 100.00	   2.65
    384	40014f	     52	   23.0	13044.0	12949.0	 0.2900	 100.00	   2.65
    385	40014f	     52	   28.0	13058.0	12949.3	 0.2901	 100.00	   2.65
    386	40014f	     52	   17.0	13055.0	12949.5	 0.2900	 100.00	   2.65
    387	40014f	     52	   25.0	13052.0	12949.8	 0.2899	 100.00	   2.65
    388	40014f	     52	   28.0	13048.0	12950.1	 0.2897	 100.00	   2.65
    389	40014f	     52	   25.0	13053.0	12950.3	 0.2897	 100.00	   2.65
    390	40014f	     52	   32.0	13049.0	12950.6	 0.2901	 100.00	   2.65
    391	40014f	     52	   19.0	13058.0	12950.8	 0.2899	 100.00	   2.65
    392	40014f	     52	   25.0	13059.0	12951.1	 0.2898	 100.00	   2.65
    393	40014f	     52	    9.0	13054.0	12951.4	 0.2898	 100.00	   2.65
    394	40014f	     52	   22.0	13054.0	12951.6	 0.2899	 100.00	   2.65
    395	40014f	     52	   24.0	13054.0	12951.9	 0.2898	 100.00	   2.65
    396	40014f	     52	   23.0	13051.0	12952.1	 0.2898	 100.00	   2.66
    397	40014f	     52	   22.0	13057.0	12952.4	 0.2898	 100.00	   2.66
    398	40014f	     52	   22.0	13061.0	12952.7	 0.2900	 100.00	   2.66
    399	40014f	     52	   18.0	13059.0	12953.0	 0.2900	 100.00	   2.66
    400	40014f	     52	   28.0	13055.0	12953.2	 0.2902	 100.00	   2.66
    401	40014f	     52	   20.0	13057.0	12953.5	 0.2901	 100.00	   2.66
    402	40014f	     52	   21.0	13056.0	12953.7	 0.2903	 100.00	   2.66
    403	40014f	     52	   15.0	13055.0	12954.0	 0.2902	 100.00	   2.66
    404	40014f	     52	   22.0	13053.0	12954.2	 0.2904	 100.00	   2.66
    405	40014f	     52	   20.0	13055.0	12954.5	 0.2904	 100.00	   2.66
    406	40014f	     52	   24.0	13055.0	12954.7	 0.2904	 100.00	   2.66
    407	40014f	     52	   19.0	13062.0	12955.0	 0.2905	 100.00	   2.66
    408	40014f	     52	   22.0	13056.0	12955.2	 0.2907	 100.00	   2.66
    409	40014f	     52	   26.0	13058.0	12955.5	 0.2909	 100.00	   2.66
    410	40014f	     52	   32.0	13058.0	12955.7	 0.2910	 100.00	   2.66
    411	40014f	     52	   17.0	13049.0	12955.9	 0.2911	 100.00	   2.66
    412	40014f	     52	   30.0	13053.0	12956.2	 0.2912	 100.00	   2.66
    413	40014f	     52	   15.0	13052.0	12956.4	 0.2913	 100.00	   2.66
    414	40014f	     52	   20.0	13054.0	12956.6	 0.2913	 100.00	   2.66
    415	40014f	     52	   20.0	13048.0	12956.9	 0.2911	 100.00	   2.66
    416	40014f	     52	   21.0	13049.0	12957.1	 0.2910	 100.00	   2.66
    417	40014f	     52	   19.0	13044.0	12957.3	 0.2909	 100.00	   2.67
    418	40014f	     52	   20.0	13050.0	12957.5	 0.2909	 100.00	   2.67
    419	40014f	     52	   23.0	13049.0	12957.7	 0.2908	 100.00	   2.67
    420	40014f	     52	   23.0	13048.0	12957.9	 0.2906	 100.00	   2.67
    421	40014f	     52	   16.0	13046.0	12958.2	 0.2906	 100.00	   2.67
    422	40014f	     52	   18.0	13056.0	12958.4	 0.2903	 100.00	   2.67
    423	40014f	     52	   24.0	13056.0	12958.6	 0.2904	 100.00	   2.67
    424	40014f	     52	   20.0	13050.0	12958.8	 0.2907	 100.00	   2.67
    425	40014f	     52	   18.0	13044.0	12959.0	 0.2905	 100.00	   2.67
    426	40014f	     52	   24.0	13050.0	12959.2	 0.2902	 100.00	   2.67
    427	40014f	     52	   21.0	13053.0	12959.5	 0.2902	 100.00	   2.67
    428	40014f	     52	   23.0	13056.0	12959.7	 0.2902	 100.00	   2.67
    429	40014f	     52	   23.0	13053.0	12959.9	 0.2903	 100.00	   2.67
    430	40014f	     52	   20.0	13055.0	12960.1	 0.2901	 100.00	   2.67
    431	40014f	     52	   27.0	13052.0	12960.3	 0.2901	 100.00	   2.67
    432	40014f	     52	   25.0	13055.0	12960.6	 0.2902	 100.00	   2.67
    433	40014f	     52	   26.0	13055.0	12960.8	 0.2902	 100.00	   2.67
    434	40014f	     52	   22.0	13045.0	12961.0	 0.2903	 100.00	   2.67
    435	40014f	     52	   27.0	13056.0	12961.2	 0.2903	 100.00	   2.67
    436	40014f	     52	   28.0	13046.0	12961.4	 0.2905	 100.00	   2.67
    437	40014f	     52	   25.0	13059.0	12961.6	 0.2905	 100.00	   2.67
    438	40014f	     52	   26.0	13051.0	12961.8	 0.2903	 100.00	   2.68
    439	40014f	     52	   21.0	13060.0	12962.0	 0.2904	 100.00	   2.68
    440	40014f	     52	   16.0	13058.0	12962.2	 0.2903	 100.00	   2.68
    441	40014f	     52	   30.0	13056.0	12962.5	 0.2905	 100.00	   2.68
    442	40014f	     52	   28.0	13046.0	12962.7	 0.2904	 100.00	   2.68
    443	40014f	     52	   22.0	13044.0	12962.8	 0.2903	 100.00	   2.68
    444	40014f	     52	   21.0	13057.0	12963.0	 0.2904	 100.00	   2.68
    445	40014f	     52	    8.0	13059.0	12963.3	 0.2904	 100.00	   2.68
    446	40014f	     52	   27.0	13058.0	12963.5	 0.2905	 100.00	   2.68
    447	40014f	     52	   22.0	13056.0	12963.7	 0.2905	 100.00	   2.68
    448	40014f	     52	   30.0	13042.0	12963.9	 0.2905	 100.00	   2.68
    449	40014f	     52	   17.0	13055.0	12964.1	 0.2903	 100.00	   2.68
    450	40014f	     52	   19.0	13052.0	12964.3	 0.2904	 100.00	   2.68
    451	40014f	     52	   32.0	13056.0	12964.5	 0.2903	 100.00	   2.68
    452	40014f	     52	   23.0	13045.0	12964.6	 0.2901	 100.00	   2.68
    453	40014f	     52	   17.0	13054.0	12964.8	 0.2899	 100.00	   2.68
    454	40014f	     52	   26.0	13052.0	12965.0	 0.2899	 100.00	   2.68
    455	40014f	     52	   15.0	13053.0	12965.2	 0.2897	 100.00	   2.68
    456	40014f	     52	   27.0	13052.0	12965.4	 0.2898	 100.00	   2.68
    457	40014f	     52	   25.0	13051.0	12965.6	 0.2899	 100.00	   2.68
    458	40014f	     52	   24.0	13049.0	12965.8	 0.2897	 100.00	   2.68
    459	40014f	     52	   17.0	13054.0	12966.0	 0.2899	 100.00	   2.68
    460	40014f	     52	   18.0	13058.0	12966.2	 0.2900	 100.00	   2.68
    461	40014f	     52	   24.0	13054.0	12966.4	 0.2902	 100.00	   2.68
    462	40014f	     52	   26.0	13050.0	12966.5	 0.2903	 100.00	   2.68
    463	40014f	     52	   18.0	13052.0	12966.7	 0.2901	 100.00	   2.69
    464	40014f	     52	   29.0	13053.0	12966.9	 0.2902	 100.00	   2.69
    465	40014f	     52	   24.0	13051.0	12967.1	 0.2902	 100.00	   2.69
    466	40014f	     52	   22.0	13053.0	12967.3	 0.2902	 100.00	   2.69
    467	40014f	     52	   17.0	13058.0	12967.5	 0.2903	 100.00	   2.69
    468	40014f	     52	   33.0	13049.0	12967.6	 0.2903	 100.00	   2.69
    469	40014f	     52	   32.0	13053.0	12967.8	 0.2906	 100.00	   2.69
    470	40014f	     52	   19.0	13046.0	12968.0	 0.2909	 100.00	   2.69
    471	40014f	     52	   18.0	13060.0	12968.2	 0.2909	 100.00	   2.69
    472	40014f	     52	   24.0	13054.0	12968.4	 0.2913	 100.00	   2.69
    473	40014f	     52	   21.0	13053.0	12968.5	 0.2913	 100.00	   2.69
    474	40014f	     52	   19.0	13056.0	12968.7	 0.2915	 100.00	   2.69
    475	40014f	     52	   23.0	13053.0	12968.9	 0.2915	 100.00	   2.69
    476	40014f	     52	   19.0	13052.0	12969.1	 0.2915	 100.00	   2.69
    477	40014f	     52	   27.0	13057.0	12969.3	 0.2914	 100.00	   2.69
    478	40014f	     52	   18.0	13059.0	12969.4	 0.2913	 100.00	   2.69
    479	40014f	     52	   19.0	13060.0	12969.6	 0.2916	 100.00	   2.69
    480	40014f	     52	   22.0	13056.0	12969.8	 0.2917	 100.00	   2.69
    481	40014f	     52	   18.0	13054.0	12970.0	 0.2918	 100.00	   2.69
    482	40014f	     52	   26.0	13052.0	12970.2	 0.2920	 100.00	   2.70
    483	40014f	     52	   24.0	13058.0	12970.3	 0.2920	 100.00	   2.70
    484	40014f	     52	   27.0	13049.0	12970.5	 0.2920	 100.00	   2.70
    485	40014f	     52	   19.0	13056.0	12970.7	 0.2920	 100.00	   2.70
    486	40014f	     52	   17.0	13055.0	12970.9	 0.2921	 100.00	   2.70
    487	40014f	     52	   26.0	13055.0	12971.0	 0.2921	 100.00	   2.70
    488	40014f	     52	   31.0	13052.0	12971.2	 0.2920	 100.00	   2.70
    489	40014f	     52	   22.0	13054.0	12971.4	 0.2921	 100.00	   2.70
    490	40014f	     52	   22.0	13054.0	12971.5	 0.2922	 100.00	   2.70
    491	40014f	     52	   25.0	13057.0	12971.7	 0.2923	 100.00	   2.70
    492	40014f	     52	   28.0	13055.0	12971.9	 0.2925	 100.00	   2.70
    493	40014f	     52	   13.0	13054.0	12972.0	 0.2926	 100.00	   2.70
    494	40014f	     52	   22.0	13054.0	12972.2	 0.2926	 100.00	   2.70
    495	40014f	     52	   16.0	13050.0	12972.4	 0.2924	 100.00	   2.70
    496	40014f	     52	   23.0	13051.0	12972.5	 0.2926	 100.00	   2.70
    497	40014f	     52	   26.0	13059.0	12972.7	 0.2928	 100.00	   2.70
    498	40014f	     52	   21.0	13062.0	12972.9	 0.2929	 100.00	   2.70
    499	40014f	     52	   21.0	13051.0	12973.0	 0.2930	 100.00	   2.70
    500	40014f	     52	   22.0	13049.0	12973.2	 0.2932	 100.00	   2.70
    501	40014f	     52	   24.0	13051.0	12973.3	 0.2930	 100.00	   2.70
    502	40014f	     52	   27.0	13056.0	12973.5	 0.2929	 100.00	   2.70
    503	40014f	     52	   21.0	13053.0	12973.7	 0.2930	 100.00	   2.70
    504	40014f	     52	   29.0	13056.0	12973.8	 0.2930	 100.00	   2.70
    505	40014f	     52	   24.0	13056.0	12974.0	 0.2931	 100.00	   2.70
    506	40014f	     52	   27.0	13055.0	12974.1	 0.2930	 100.00	   2.70
    507	40014f	     52	   23.0	13052.0	12974.3	 0.2930	 100.00	   2.70
    508	40014f	     52	   23.0	13051.0	12974.4	 0.2933	 100.00	   2.70
    509	40014f	     52	   20.0	13059.0	12974.6	 0.2933	 100.00	   2.70
    510	40014f	     52	   26.0	13051.0	12974.8	 0.2936	 100.00	   2.71
    511	40014f	     52	   21.0	13062.0	12974.9	 0.2937	 100.00	   2.71
    512	40014f	     52	   27.0	13047.0	12975.1	 0.2939	 100.00	   2.71
    513	40014f	     52	   22.0	13055.0	12975.2	 0.2936	 100.00	   2.71
    514	40014f	     52	   14.0	13053.0	12975.4	 0.2939	 100.00	   2.71
    515	40014f	     52	   22.0	13051.0	12975.5	 0.2939	 100.00	   2.71
    516	40014f	     52	   18.0	13041.0	12975.6	 0.2938	 100.00	   2.71
    517	40014f	     52	   13.0	13050.0	12975.8	 0.2938	 100.00	   2.71
    518	40014f	     52	   18.0	13048.0	12975.9	 0.2939	 100.00	   2.71
    519	40014f	     52	   18.0	13052.0	12976.1	 0.2937	 100.00	   2.71
    520	40014f	     52	   19.0	13051.0	12976.2	 0.2940	 100.00	   2.71
    521	40014f	     52	   28.0	13053.0	12976.4	 0.2939	 100.00	   2.71
    522	40014f	     52	   24.0	13051.0	12976.5	 0.2942	 100.00	   2.71
    523	40014f	     52	   26.0	13061.0	12976.7	 0.2942	 100.00	   2.71
    524	40014f	     52	   13.0	13058.0	12976.8	 0.2944	 100.00	   2.71
    525	40014f	     52	   22.0	13052.0	12977.0	 0.2944	 100.00	   2.71
    526	40014f	     52	   24.0	13050.0	12977.1	 0.2944	 100.00	   2.71
    527	40014f	     52	   21.0	13057.0	12977.3	 0.2944	 100.00	   2.71
    528	40014f	     52	   23.0	13054.0	12977.4	 0.2944	 100.00	   2.71
    529	40014f	     52	   17.0	13055.0	12977.6	 0.2944	 100.00	   2.71
    530	40014f	     52	   26.0	13059.0	12977.7	 0.2943	 100.00	   2.71
    531	40014f	     52	   20.0	13061.0	12977.9	 0.2944	 100.00	   2.72
    532	40014f	     52	   28.0	13055.0	12978.0	 0.2944	 100.00	   2.72
    533	40014f	     52	   22.0	13051.0	12978.1	 0.2946	 100.00	   2.72
    534	40014f	     52	   26.0	13053.0	12978.3	 0.2947	 100.00	   2.72
    535	40014f	     52	   26.0	13059.0	12978.4	 0.2948	 100.00	   2.72
    536	40014f	     52	   21.0	13052.0	12978.6	 0.2950	 100.00	   2.72
    537	40014f	     52	   15.0	13053.0	12978.7	 0.2950	 100.00	   2.72
    538	40014f	     52	   26.0	13053.0	12978.8	 0.2951	 100.00	   2.72
    539	40014f	     52	   19.0	13050.0	12979.0	 0.2950	 100.00	   2.72
    540	40014f	     52	   19.0	13049.0	12979.1	 0.2953	 100.00	   2.72
    541	40014f	     52	   19.0	13048.0	12979.2	 0.2955	 100.00	   2.72
    542	40014f	     52	   20.0	13054.0	12979.4	 0.2956	 100.00	   2.72
    543	40014f	     52	   24.0	13058.0	12979.5	 0.2958	 100.00	   2.72
    544	40014f	     52	   25.0	13045.0	12979.6	 0.2955	 100.00	   2.72
    545	40014f	     52	   18.0	13061.0	12979.8	 0.2957	 100.00	   2.72
    546	40014f	     52	   22.0	13053.0	12979.9	 0.2957	 100.00	   2.72
    547	40014f	     52	   26.0	13057.0	12980.1	 0.2957	 100.00	   2.72
    548	40014f	     52	   21.0	13048.0	12980.2	 0.2959	 100.00	   2.72
    549	40014f	     52	   22.0	13052.0	12980.3	 0.2958	 100.00	   2.72
    550	40014f	     52	   26.0	13058.0	12980.5	 0.2957	 100.00	   2.72
    551	40014f	     52	   24.0	13066.0	12980.6	 0.2958	 100.00	   2.72
    552	40014f	     52	   21.0	13055.0	12980.7	 0.2960	 100.00	   2.72
    553	40014f	     52	   30.0	13055.0	12980.9	 0.2960	 100.00	   2.72
    554	40014f	     52	   18.0	13043.0	12981.0	 0.2961	 100.00	   2.72
    555	40014f	     52	   23.0	13056.0	12981.1	 0.2962	 100.00	   2.72
    556	40014f	     52	   23.0	13055.0	12981.3	 0.2964	 100.00	   2.72
    557	40014f	     52	   23.0	13048.0	12981.4	 0.2965	 100.00	   2.72
    558	40014f	     52	   27.0	13059.0	12981.5	 0.2968	 100.00	   2.72
    559	40014f	     52	   28.0	13057.0	12981.7	 0.2969	 100.00	   2.72
    560	40014f	     52	   25.0	13050.0	12981.8	 0.2966	 100.00	   2.72
    561	40014f	     52	   25.0	13055.0	12981.9	 0.2966	 100.00	   2.72
    562	40014f	     52	   26.0	13053.0	12982.0	 0.2964	 100.00	   2.72
    563	40014f	     52	   20.0	13061.0	12982.2	 0.2966	 100.00	   2.72
    564	40014f	     52	   24.0	13049.0	12982.3	 0.2967	 100.00	   2.72
    565	40014f	     52	   22.0	13057.0	12982.4	 0.2967	 100.00	   2.73
    566	40014f	     52	   19.0	13062.0	12982.6	 0.2967	 100.00	   2.72
    567	40014f	     52	   20.0	13056.0	12982.7	 0.2968	 100.00	   2.73
    568	40014f	     52	   17.0	13059.0	12982.8	 0.2967	 100.00	   2.73
    569	40014f	     52	   25.0	13050.0	12982.9	 0.2967	 100.00	   2.73
    570	40014f	     52	   17.0	13055.0	12983.1	 0.2967	 100.00	   2.73
    571	40014f	     52	   17.0	13058.0	12983.2	 0.2968	 100.00	   2.73
    572	40014f	     52	   15.0	13057.0	12983.3	 0.2968	 100.00	   2.73
    573	40014f	     52	   15.0	13058.0	12983.5	 0.2968	 100.00	   2.73
    574	40014f	     52	   30.0	13052.0	12983.6	 0.2969	 100.00	   2.73
    575	40014f	     52	   24.0	13056.0	12983.7	 0.2970	 100.00	   2.73
    576	40014f	     52	   24.0	13052.0	12983.8	 0.2970	 100.00	   2.73
    577	40014f	     52	   13.0	13049.0	12983.9	 0.2969	 100.00	   2.73
    578	40014f	     52	   20.0	13049.0	12984.0	 0.2969	 100.00	   2.73
    579	40014f	     52	   24.0	13051.0	12984.2	 0.2970	 100.00	   2.73
    580	40014f	     52	   23.0	13048.0	12984.3	 0.2970	 100.00	   2.73
    581	40014f	     52	   22.0	13064.0	12984.4	 0.2970	 100.00	   2.73
    582	40014f	     52	   22.0	13052.0	12984.5	 0.2971	 100.00	   2.73
    583	40014f	     52	    8.0	13058.0	12984.7	 0.2971	 100.00	   2.73
    584	40014f	     52	   24.0	13056.0	12984.8	 0.2973	 100.00	   2.73
    585	40014f	     52	   28.0	13054.0	12984.9	 0.2973	 100.00	   2.73
    586	40014f	     52	   20.0	13060.0	12985.0	 0.2973	 100.00	   2.73
    587	40014f	     52	   19.0	13053.0	12985.1	 0.2973	 100.00	   2.73
    588	40014f	     52	   18.0	13057.0	12985.3	 0.2972	 100.00	   2.73
    589	40014f	     52	   25.0	13044.0	12985.4	 0.2972	 100.00	   2.73
    590	40014f	     52	   12.0	13046.0	12985.5	 0.2974	 100.00	   2.73
    591	40014f	     52	   16.0	13056.0	12985.6	 0.2975	 100.00	   2.73
    592	40014f	     52	   20.0	13062.0	12985.7	 0.2976	 100.00	   2.73
    593	40014f	     52	   25.0	13045.0	12985.8	 0.2976	 100.00	   2.74
    594	40014f	     52	   24.0	13053.0	12985.9	 0.2976	 100.00	   2.74
    595	40014f	     52	   30.0	13053.0	12986.0	 0.2977	 100.00	   2.74
    596	40014f	     52	   30.0	13045.0	12986.1	 0.2979	 100.00	   2.74
    597	40014f	     52	   26.0	13057.0	12986.2	 0.2979	 100.00	   2.74
    598	40014f	     52	   29.0	13054.0	12986.4	 0.2980	 100.00	   2.74
    599	40014f	     52	   18.0	13058.0	12986.5	 0.2981	 100.00	   2.74
    600	40014f	     52	   23.0	13043.0	12986.6	 0.2982	 100.00	   2.74
    601	40014f	     52	   17.0	13054.0	12986.7	 0.2983	 100.00	   2.74
    602	40014f	     52	   29.0	13055.0	12986.8	 0.2985	 100.00	   2.74
    603	40014f	     52	   13.0	13058.0	12986.9	 0.2987	 100.00	   2.74
    604	40014f	     52	   13.0	13055.0	12987.0	 0.2986	 100.00	   2.74
    605	40014f	     52	   17.0	13056.0	12987.1	 0.2987	 100.00	   2.74
    606	40014f	     52	   18.0	13056.0	12987.3	 0.2986	 100.00	   2.74
    607	40014f	     52	   16.0	13060.0	12987.4	 0.2985	 100.00	   2.74
    608	40014f	     52	   25.0	13055.0	12987.5	 0.2985	 100.00	   2.74
    609	40014f	     52	   13.0	13064.0	12987.6	 0.2986	 100.00	   2.74
    610	40014f	     52	   32.0	13052.0	12987.7	 0.2987	 100.00	   2.74
    611	40014f	     52	   23.0	13051.0	12987.8	 0.2988	 100.00	   2.74
    612	40014f	     52	   29.0	13052.0	12987.9	 0.2988	 100.00	   2.74
    613	40014f	     52	   13.0	13057.0	12988.0	 0.2991	 100.00	   2.74
    614	40014f	     52	   25.0	13064.0	12988.2	 0.2990	 100.00	   2.74
    615	40014f	     52	   37.0	13053.0	12988.3	 0.2991	 100.00	   2.74
    616	40014f	     52	   21.0	13048.0	12988.4	 0.2989	 100.00	   2.74
    617	40014f	     52	   18.0	13050.0	12988.5	 0.2989	 100.00	   2.74
    618	40014f	     52	   21.0	13055.0	12988.6	 0.2989	 100.00	   2.74
    619	40014f	     52	   18.0	13063.0	12988.7	 0.2991	 100.00	   2.74
    620	40014f	     52	   31.0	13054.0	12988.8	 0.2991	 100.00	   2.74
    621	40014f	     52	   24.0	13060.0	12988.9	 0.2992	 100.00	   2.74
    622	40014f	     52	   18.0	13052.0	12989.0	 0.2991	 100.00	   2.74
    623	40014f	     52	   29.0	13059.0	12989.1	 0.2990	 100.00	   2.74
    624	40014f	     52	   22.0	13055.0	12989.2	 0.2992	 100.00	   2.74
    625	40014f	     52	   24.0	13051.0	12989.3	 0.2995	 100.00	   2.74
    626	40014f	     52	   18.0	13049.0	12989.4	 0.2993	 100.00	   2.74
    627	40014f	     52	   21.0	13058.0	12989.5	 0.2993	 100.00	   2.74
    628	40014f	     52	   24.0	13058.0	12989.6	 0.2992	 100.00	   2.74
    629	40014f	     52	   23.0	13057.0	12989.8	 0.2992	 100.00	   2.74
    630	40014f	     52	   16.0	13057.0	12989.9	 0.2993	 100.00	   2.74
    631	40014f	     52	   19.0	13056.0	12990.0	 0.2993	 100.00	   2.74
    632	40014f	     52	   19.0	13053.0	12990.1	 0.2992	 100.00	   2.74
    633	40014f	     52	   18.0	13059.0	12990.2	 0.2991	 100.00	   2.74
    634	40014f	     52	   23.0	13050.0	12990.3	 0.2992	 100.00	   2.74
    635	40014f	     52	   22.0	13056.0	12990.4	 0.2993	 100.00	   2.75
    636	40014f	     52	   18.0	13050.0	12990.5	 0.2993	 100.00	   2.75
    637	40014f	     52	   17.0	13045.0	12990.5	 0.2993	 100.00	   2.75
    638	40014f	     52	   27.0	13056.0	12990.6	 0.2994	 100.00	   2.75
    639	40014f	     52	   28.0	13054.0	12990.7	 0.2995	 100.00	   2.75
    640	40014f	     52	   27.0	13049.0	12990.8	 0.2996	 100.00	   2.75
    641	40014f	     52	   17.0	13054.0	12990.9	 0.2996	 100.00	   2.75
    642	40014f	     52	   24.0	13058.0	12991.0	 0.2997	 100.00	   2.75
    643	40014f	     52	   16.0	13058.0	12991.1	 0.2997	 100.00	   2.75
    644	40014f	     52	   26.0	13064.0	12991.3	 0.2996	 100.00	   2.75
    645	40014f	     52	   21.0	13057.0	12991.4	 0.2996	 100.00	   2.75
    646	40014f	     52	   23.0	13062.0	12991.5	 0.2996	 100.00	   2.75
    647	40014f	     52	   14.0	13062.0	12991.6	 0.2995	 100.00	   2.75
    648	40014f	     52	   15.0	13057.0	12991.7	 0.2995	 100.00	   2.75
    649	40014f	     52	   15.0	13054.0	12991.8	 0.2993	 100.00	   2.75
    650	40014f	     52	   23.0	13059.0	12991.9	 0.2996	 100.00	   2.75
    651	40014f	     52	   27.0	13052.0	12992.0	 0.2994	 100.00	   2.75
    652	40014f	     52	   32.0	13066.0	12992.1	 0.2996	 100.00	   2.75
    653	40014f	     52	   22.0	13060.0	12992.2	 0.2995	 100.00	   2.75
    654	40014f	     52	   22.0	13052.0	12992.3	 0.2995	 100.00	   2.75
    655	40014f	     52	   28.0	13060.0	12992.4	 0.2994	 100.00	   2.75
    656	40014f	     52	   23.0	13043.0	12992.5	 0.2996	 100.00	   2.75
    657	40014f	     52	   17.0	13046.0	12992.5	 0.2995	 100.00	   2.75
    658	40014f	     52	   21.0	13049.0	12992.6	 0.2995	 100.00	   2.75
    659	40014f	     52	   18.0	13045.0	12992.7	 0.2994	 100.00	   2.75
    660	40014f	     52	   21.0	13048.0	12992.8	 0.2995	 100.00	   2.75
    661	40014f	     52	   24.0	13058.0	12992.9	 0.2994	 100.00	   2.75
    662	40014f	     52	   19.0	13053.0	12993.0	 0.2994	 100.00	   2.75
    663	40014f	     52	   26.0	13049.0	12993.1	 0.2995	 100.00	   2.75
    664	40014f	     52	   18.0	13051.0	12993.2	 0.2994	 100.00	   2.75
    665	40014f	     52	   23.0	13052.0	12993.2	 0.2992	 100.00	   2.75
    666	40014f	     52	   30.0	13048.0	12993.3	 0.2994	 100.00	   2.75
    667	40014f	     52	   18.0	13050.0	12993.4	 0.2994	 100.00	   2.75
    668	40014f	     52	   16.0	13054.0	12993.5	 0.2996	 100.00	   2.75
    669	40014f	     52	   25.0	13057.0	12993.6	 0.2997	 100.00	   2.75
    670	40014f	     52	   25.0	13046.0	12993.7	 0.2997	 100.00	   2.75
    671	40014f	     52	   22.0	13058.0	12993.8	 0.2997	 100.00	   2.75
    672	40014f	     52	   28.0	13052.0	12993.9	 0.2998	 100.00	   2.75
    673	40014f	     52	   22.0	13056.0	12993.9	 0.2999	 100.00	   2.75
    674	40014f	     52	   20.0	13050.0	12994.0	 0.3001	 100.00	   2.75
    675	40014f	     52	   24.0	13056.0	12994.1	 0.3003	 100.00	   2.76
    676	40014f	     52	   24.0	13052.0	12994.2	 0.3004	 100.00	   2.76
    677	40014f	     52	   29.0	13045.0	12994.3	 0.3005	 100.00	   2.76
    678	40014f	     52	   20.0	13049.0	12994.4	 0.3004	 100.00	   2.76
    679	40014f	     52	   24.0	13053.0	12994.4	 0.3004	 100.00	   2.76
    680	40014f	     52	   24.0	13051.0	12994.5	 0.3005	 100.00	   2.76
    681	40014f	     52	   24.0	13051.0	12994.6	 0.3006	 100.00	   2.76
    682	40014f	     52	   29.0	13042.0	12994.7	 0.3005	 100.00	   2.76
    683	40014f	     52	   15.0	13051.0	12994.8	 0.3005	 100.00	   2.76
    684	40014f	     52	   21.0	13052.0	12994.8	 0.3006	 100.00	   2.76
    685	40014f	     52	   17.0	13063.0	12994.9	 0.3005	 100.00	   2.76
    686	40014f	     52	   22.0	13051.0	12995.0	 0.3004	 100.00	   2.76
    687	40014f	     52	   19.0	13056.0	12995.1	 0.3003	 100.00	   2.76
    688	40014f	     52	   19.0	13053.0	12995.2	 0.3005	 100.00	   2.76
    689	40014f	     52	   27.0	13044.0	12995.3	 0.3005	 100.00	   2.76
    690	40014f	     52	   13.0	13051.0	12995.4	 0.3005	 100.00	   2.76
    691	40014f	     52	   17.0	13056.0	12995.4	 0.3006	 100.00	   2.76
    692	40014f	     52	   25.0	13051.0	12995.5	 0.3007	 100.00	   2.76
    693	40014f	     52	   18.0	13055.0	12995.6	 0.3006	 100.00	   2.76
    694	40014f	     52	   27.0	13056.0	12995.7	 0.3008	 100.00	   2.76
    695	40014f	     52	   19.0	13059.0	12995.8	 0.3007	 100.00	   2.76
    696	40014f	     52	   25.0	13058.0	12995.9	 0.3007	 100.00	   2.76
    697	40014f	     52	   20.0	13046.0	12995.9	 0.3007	 100.00	   2.76
    698	40014f	     52	   19.0	13045.0	12996.0	 0.3007	 100.00	   2.76
    699	40014f	     52	   26.0	13051.0	12996.1	 0.3007	 100.00	   2.76
    700	40014f	     52	   13.0	13052.0	12996.2	 0.3005	 100.00	   2.76
    701	40014f	     52	   18.0	13054.0	12996.3	 0.3005	 100.00	   2.76
    702	40014f	     52	   20.0	13050.0	12996.3	 0.3005	 100.00	   2.76
    703	40014f	     52	   15.0	13051.0	12996.4	 0.3004	 100.00	   2.76
    704	40014f	     52	   25.0	13048.0	12996.5	 0.3005	 100.00	   2.76
    705	40014f	     52	   21.0	13049.0	12996.6	 0.3004	 100.00	   2.76
    706	40014f	     52	   23.0	13054.0	12996.6	 0.3004	 100.00	   2.76
    707	40014f	     52	   25.0	13051.0	12996.7	 0.3004	 100.00	   2.76
    708	40014f	     52	   28.0	13057.0	12996.8	 0.3004	 100.00	   2.76
    709	40014f	     52	   16.0	13051.0	12996.9	 0.3004	 100.00	   2.76
    710	40014f	     52	   26.0	13055.0	12997.0	 0.3002	 100.00	   2.76
    711	40014f	     52	   20.0	13057.0	12997.0	 0.3003	 100.00	   2.76
    712	40014f	     52	   20.0	13047.0	12997.1	 0.3005	 100.00	   2.76
    713	40014f	     52	   19.0	13052.0	12997.2	 0.3005	 100.00	   2.76
    714	40014f	     52	   16.0	13050.0	12997.3	 0.3003	 100.00	   2.76
    715	40014f	     52	   21.0	13057.0	12997.3	 0.3003	 100.00	   2.76
    716	40014f	     52	   22.0	13045.0	12997.4	 0.3004	 100.00	   2.77
    717	40014f	     52	   21.0	13052.0	12997.5	 0.3003	 100.00	   2.77
    718	40014f	     52	   18.0	13048.0	12997.6	 0.3004	 100.00	   2.77
    719	40014f	     52	   25.0	13059.0	12997.6	 0.3005	 100.00	   2.77
    720	40014f	     52	   15.0	13054.0	12997.7	 0.3005	 100.00	   2.77
    721	40014f	     52	   21.0	13053.0	12997.8	 0.3005	 100.00	   2.77
    722	40014f	     52	   24.0	13053.0	12997.9	 0.3005	 100.00	   2.77
    723	40014f	     52	   17.0	13058.0	12998.0	 0.3004	 100.00	   2.77
    724	40014f	     52	   26.0	13048.0	12998.0	 0.3005	 100.00	   2.77
    725	40014f	     52	   19.0	13059.0	12998.1	 0.3005	 100.00	   2.77
    726	40014f	     52	   27.0	13054.0	12998.2	 0.3006	 100.00	   2.77
    727	40014f	     52	    8.0	13052.0	12998.3	 0.3006	 100.00	   2.77
    728	40014f	     52	   25.0	13053.0	12998.3	 0.3006	 100.00	   2.77
    729	40014f	     52	   22.0	13057.0	12998.4	 0.3006	 100.00	   2.77
    730	40014f	     52	   22.0	13053.0	12998.5	 0.3007	 100.00	   2.77
    731	40014f	     52	   22.0	13051.0	12998.6	 0.3007	 100.00	   2.77
    732	40014f	     52	   25.0	13056.0	12998.6	 0.3008	 100.00	   2.77
    733	40014f	     52	   23.0	13049.0	12998.7	 0.3009	 100.00	   2.77
    734	40014f	     52	   23.0	13052.0	12998.8	 0.3010	 100.00	   2.77
    735	40014f	     52	   21.0	13057.0	12998.9	 0.3011	 100.00	   2.77
    736	40014f	     52	   24.0	13051.0	12998.9	 0.3013	 100.00	   2.77
    737	40014f	     52	   23.0	13058.0	12999.0	 0.3013	 100.00	   2.77
    738	40014f	     52	   26.0	13056.0	12999.1	 0.3013	 100.00	   2.77
    739	40014f	     52	   22.0	13048.0	12999.2	 0.3013	 100.00	   2.77
    740	40014f	     52	   22.0	13054.0	12999.2	 0.3012	 100.00	   2.77
    741	40014f	     52	   21.0	13051.0	12999.3	 0.3012	 100.00	   2.77
    742	40014f	     52	   22.0	13053.0	12999.4	 0.3012	 100.00	   2.77
    743	40014f	     52	   23.0	13060.0	12999.5	 0.3011	 100.00	   2.77
    744	40014f	     52	   16.0	13050.0	12999.5	 0.3011	 100.00	   2.77
    745	40014f	     52	   23.0	13045.0	12999.6	 0.3011	 100.00	   2.77
    746	40014f	     52	   27.0	13056.0	12999.7	 0.3010	 100.00	   2.77
    747	40014f	     52	   22.0	13056.0	12999.7	 0.3010	 100.00	   2.77
    748	40014f	     52	   26.0	13040.0	12999.8	 0.3010	 100.00	   2.77
    749	40014f	     52	   21.0	13051.0	12999.9	 0.3009	 100.00	   2.77
    750	40014f	     52	   29.0	13058.0	12999.9	 0.3011	 100.00	   2.77
    751	40014f	     52	   16.0	13054.0	13000.0	 0.3011	 100.00	   2.77
    752	40014f	     52	   19.0	13053.0	13000.1	 0.3010	 100.00	   2.77
    753	40014f	     52	   24.0	13047.0	13000.1	 0.3011	 100.00	   2.77
    754	40014f	     52	   24.0	13055.0	13000.2	 0.3011	 100.00	   2.77
    755	40014f	     52	   21.0	13056.0	13000.3	 0.3012	 100.00	   2.77
