./asc:main.c:294: warning: auxv random bytes were not cleared
  Round	    PC	Excited	Hamming	   Loss	 Regret	    MSE	  Error	   MIPS
      0	40010c	     16	12745.0	12745.0	12745.0	 0.1856	 100.00	0.12731
      1	40013f	     16	  305.0	13046.0	 6523.0	 0.1240	 100.00	0.27992
      2	40013f	     16	    5.0	13045.0	 4348.3	 0.0836	 100.00	0.38627
      3	40013f	     16	    5.0	  369.0	   92.2	 0.0627	 100.00	0.42713
      4	40013f	     16	    6.0	    0.0	   73.8	 0.0502	 +80.00	0.60160
      5	40013f	     16	    4.0	    4.0	   62.2	 0.0418	  83.33	0.60090
      6	40013f	     16	    6.0	    6.0	   54.1	 0.0364	  85.71	0.71079
      7	40013f	     16	    5.0	    0.0	   47.4	 0.0326	 +75.00	0.80819
      8	40013f	     16	    6.0	    6.0	   42.8	 0.0290	  77.78	0.80182
      9	40013f	     16	    3.0	    3.0	   38.8	 0.0271	  80.00	0.88281
     10	40013f	     16	    5.0	    0.0	   35.3	 0.0247	 +72.73	0.95701
     11	40013f	     16	    6.0	    6.0	   32.8	 0.0230	  75.00	0.94622
     12	40013f	     16	    7.0	    7.0	   30.8	 0.0212	  76.92	   1.01
     13	40013f	     16	    5.0	    0.0	   28.6	 0.0197	 +71.43	   1.07
     14	40013f	     16	    4.0	    4.0	   27.0	 0.0185	  73.33	   1.06
     15	40013f	     16	    4.0	    4.0	   25.6	 0.0173	  75.00	   1.11
     16	40013f	     16	    7.0	    1.0	   24.1	 0.0186	  76.47	   1.14
     17	40013f	     16	    4.0	    1.0	   22.8	 0.0176	  77.78	   1.16
     18	40013f	     16	    6.0	    0.0	   21.6	 0.0180	 +73.68	   1.20
     19	40013f	     16	    3.0	    3.0	   20.7	 0.0171	  75.00	   1.19
     20	40013f	     16	    6.0	    6.0	   20.0	 0.0163	  76.19	   1.23
     21	40013f	     16	    9.0	    1.0	   19.1	 0.0177	  77.27	   1.24
     22	40013f	     16	    4.0	    1.0	   18.3	 0.0170	  78.26	   1.26
     23	40013f	     16	    4.0	    0.0	   17.6	 0.0166	 +75.00	   1.32
     24	40013f	     16	    6.0	    6.0	   17.1	 0.0161	  76.00	   1.31
     25	40013f	     16	    3.0	    3.0	   16.6	 0.0155	  76.92	   1.35
     26	40013f	     16	    8.0	    0.0	   16.0	 0.0151	 +74.07	   1.40
     27	40013f	     16	    3.0	    3.0	   15.5	 0.0146	  75.00	   1.39
     28	40013f	     16	    6.0	    6.0	   15.2	 0.0141	  75.86	   1.42
     29	40013f	     16	    5.0	    0.0	   14.7	 0.0136	 +73.33	   1.47
     30	40013f	     16	    5.0	    5.0	   14.4	 0.0132	  74.19	   1.46
     31	40013f	     16	    7.0	    7.0	   14.1	 0.0129	  75.00	   1.49
     32	40013f	     16	    5.0	    0.0	   13.7	 0.0125	 +72.73	   1.53
     33	40013f	     16	    3.0	    3.0	   13.4	 0.0121	  73.53	   1.52
     34	40013f	     16	    6.0	    6.0	   13.2	 0.0118	  74.29	   1.55
     35	40013f	     16	    4.0	    0.0	   12.8	 0.0115	 +72.22	   1.59
     36	40013f	     16	    8.0	    8.0	   12.7	 0.0113	  72.97	   1.57
     37	40013f	     16	    4.0	    4.0	   12.4	 0.0110	  73.68	   1.60
     38	40013f	     16	    4.0	    0.0	   12.1	 0.0108	 +71.79	   1.64
     39	40013f	     16	    6.0	    6.0	   12.0	 0.0105	  72.50	   1.63
     40	40013f	     16	    5.0	    5.0	   11.8	 0.0103	  73.17	   1.65
     41	40013f	     16	    8.0	    0.0	   11.5	 0.0104	 +71.43	   1.69
     42	40013f	     16	    5.0	    5.0	   11.4	 0.0102	  72.09	   1.67
     43	40013f	     16	    3.0	    3.0	   11.2	 0.0100	  72.73	   1.70
     44	40013f	     16	    8.0	    0.0	   10.9	 0.0098	 +71.11	   1.73
     45	40013f	     16	    4.0	    4.0	   10.8	 0.0096	  71.74	   1.73
     46	40013f	     16	    4.0	    4.0	   10.6	 0.0095	  72.34	   1.74
     47	40013f	     16	    6.0	    0.0	   10.4	 0.0093	 +70.83	   1.77
     48	40013f	     16	    5.0	    5.0	   10.3	 0.0091	  71.43	   1.77
     49	40013f	     16	    5.0	    5.0	   10.2	 0.0089	  72.00	   1.78
     50	40013f	     16	    5.0	    0.0	   10.0	 0.0088	 +70.59	   1.81
     51	40013f	     16	    3.0	    3.0	    9.9	 0.0086	  71.15	   1.79
     52	40013f	     16	    9.0	    9.0	    9.8	 0.0086	  71.70	   1.82
     53	40013f	     16	    5.0	    0.0	    9.7	 0.0085	 +70.37	   1.84
     54	40013f	     16	    5.0	    5.0	    9.6	 0.0083	  70.91	   1.84
     55	40013f	     16	    4.0	    4.0	    9.5	 0.0082	  71.43	   1.85
     56	40013f	     16	    5.0	    0.0	    9.3	 0.0080	 +70.18	   1.87
     57	40013f	     16	    5.0	    5.0	    9.2	 0.0080	  70.69	   1.86
     58	40013f	     16	    6.0	    6.0	    9.2	 0.0079	  71.19	   1.88
     59	40013f	     16	    4.0	    0.0	    9.0	 0.0078	 +70.00	   1.90
     60	40013f	     16	    6.0	    6.0	    9.0	 0.0077	  70.49	   1.89
     61	40013f	     16	    4.0	    4.0	    8.9	 0.0075	  70.97	   1.90
     62	40013f	     16	    9.0	    0.0	    8.8	 0.0077	 +69.84	   1.93
     63	40013f	     16	    4.0	    4.0	    8.7	 0.0076	  70.31	   1.91
     64	40013f	     16	    6.0	    6.0	    8.6	 0.0075	  70.77	   1.93
     65	40013f	     16	    3.0	    0.0	    8.5	 0.0074	 +69.70	   1.95
     66	40013f	     16	    5.0	    5.0	    8.5	 0.0074	  70.15	   1.94
     67	40013f	     16	    6.0	    6.0	    8.4	 0.0073	  70.59	   1.95
     68	40013f	     16	    6.0	    0.0	    8.3	 0.0072	 +69.57	   1.98
     69	40013f	     16	    4.0	    4.0	    8.2	 0.0071	  70.00	   1.96
     70	40013f	     16	    5.0	    5.0	    8.2	 0.0070	  70.42	   1.98
     71	40013f	     16	    5.0	    0.0	    8.1	 0.0069	 +69.44	   2.00
     72	40013f	     16	    8.0	    8.0	    8.1	 0.0069	  69.86	   1.98
     73	40013f	     16	    3.0	    3.0	    8.0	 0.0068	  70.27	   2.00
     74	40013f	     16	    5.0	    0.0	    7.9	 0.0067	 +69.33	   2.02
     75	40013f	     16	    4.0	    4.0	    7.9	 0.0066	  69.74	   2.00
     76	40013f	     16	    7.0	    7.0	    7.8	 0.0066	  70.13	   2.02
     77	40013f	     16	    6.0	    0.0	    7.7	 0.0065	 +69.23	   2.04
     78	40013f	     16	    4.0	    4.0	    7.7	 0.0064	  69.62	   2.02
     79	40013f	     16	    4.0	    4.0	    7.7	 0.0064	  70.00	   2.04
     80	40013f	     16	    6.0	    0.0	    7.6	 0.0063	 +69.14	   2.05
     81	40013f	     16	    4.0	    4.0	    7.5	 0.0068	  69.51	   2.04
     82	40013f	     16	   11.0	    9.0	    7.5	 0.0101	  69.88	   2.06
     83	40013f	     16	    3.0	    5.0	    7.5	 0.0100	  70.24	   2.06
     84	40013f	     16	    6.0	    0.0	    7.4	 0.0099	 +69.41	   2.08
     85	40013f	     16	    6.0	    6.0	    7.4	 0.0098	  69.77	   2.06
     86	40013f	     16	    4.0	    4.0	    7.4	 0.0097	  70.11	   2.08
     87	40013f	     16	    4.0	    2.0	    7.3	 0.0101	  70.45	   2.08
     88	40013f	     16	    7.0	    2.0	    7.2	 0.0101	  70.79	   2.08
     89	40013f	     16	    3.0	    0.0	    7.2	 0.0100	 +70.00	   2.10
     90	40013f	     16	    7.0	    7.0	    7.2	 0.0099	  70.33	   2.09
     91	40013f	     16	    3.0	    3.0	    7.1	 0.0098	  70.65	   2.10
     92	40013f	     16	    6.0	    0.0	    7.0	 0.0097	 +69.89	   2.12
     93	40013f	     16	    7.0	    7.0	    7.0	 0.0096	  70.21	   2.11
     94	40013f	     16	    5.0	    5.0	    7.0	 0.0095	  70.53	   2.12
     95	40013f	     16	    5.0	    0.0	    6.9	 0.0094	 +69.79	   2.13
     96	40013f	     16	    5.0	    5.0	    6.9	 0.0095	  70.10	   2.12
     97	40013f	     16	    3.0	    3.0	    6.9	 0.0094	  70.41	   2.13
     98	40013f	     16	    7.0	    0.0	    6.8	 0.0093	 +69.70	   2.15
     99	40013f	     16	    4.0	    4.0	    6.8	 0.0092	  70.00	   2.14
    100	40013f	     16	    7.0	    7.0	    6.8	 0.0092	  70.30	   2.15
    101	40013f	     16	    4.0	    0.0	    6.7	 0.0091	 +69.61	   2.16
    102	40013f	     16	    4.0	    4.0	    6.7	 0.0090	  69.90	   2.15
    103	40013f	     16	    9.0	    9.0	    6.7	 0.0091	  70.19	   2.16
    104	40013f	     16	    5.0	    1.0	    6.7	 0.0090	  70.48	   2.16
    105	40013f	     16	    4.0	    0.0	    6.6	 0.0089	 +69.81	   2.17
    106	40013f	     16	    5.0	    5.0	    6.6	 0.0089	  70.09	   2.16
    107	40013f	     16	    3.0	    3.0	    6.5	 0.0088	  70.37	   2.17
    108	40013f	     16	    9.0	    0.0	    6.5	 0.0087	 +69.72	   2.19
    109	40013f	     16	    4.0	    4.0	    6.5	 0.0086	  70.00	   2.18
    110	40013f	     16	    4.0	    4.0	    6.4	 0.0085	  70.27	   2.18
    111	40013f	     16	    5.0	    0.0	    6.4	 0.0085	 +69.64	   2.20
    112	40013f	     16	    5.0	    5.0	    6.4	 0.0084	  69.91	   2.19
    113	40013f	     16	    7.0	    7.0	    6.4	 0.0086	  70.18	   2.20
    114	40013f	     16	    5.0	    1.0	    6.3	 0.0085	  70.43	   2.20
    115	40013f	     16	    3.0	    0.0	    6.3	 0.0084	 +69.83	   2.21
    116	40013f	     16	    7.0	    7.0	    6.3	 0.0083	  70.09	   2.20
    117	40013f	     16	    5.0	    5.0	    6.3	 0.0083	  70.34	   2.21
    118	40013f	     16	    6.0	    0.0	    6.2	 0.0082	 +69.75	   2.22
    119	40013f	     16	    4.0	    4.0	    6.2	 0.0082	  70.00	   2.21
    120	40013f	     16	    5.0	    5.0	    6.2	 0.0082	  70.25	   2.22
    121	40013f	     16	    4.0	    0.0	    6.1	 0.0081	 +69.67	   2.23
    122	40013f	     16	    6.0	    6.0	    6.1	 0.0081	  69.92	   2.22
    123	40013f	     16	    8.0	    8.0	    6.2	 0.0081	  70.16	   2.23
    124	40013f	     16	    6.0	    1.0	    6.1	 0.0081	  70.40	   2.23
    125	40013f	     16	    4.0	    0.0	    6.1	 0.0080	 +69.84	   2.24
    126	40013f	     16	    6.0	    6.0	    6.1	 0.0080	  70.08	   2.23
    127	40013f	     16	    4.0	    4.0	    6.0	 0.0079	  70.31	   2.24
    128	40013f	     16	    7.0	    2.0	    6.0	 0.0082	  70.54	   2.24
    129	40013f	     16	    3.0	    2.0	    6.0	 0.0082	  70.77	   2.24
    130	40013f	     16	    5.0	    0.0	    5.9	 0.0081	 +70.23	   2.25
    131	40013f	     16	    5.0	    5.0	    5.9	 0.0080	  70.45	   2.24
    132	40013f	     16	    6.0	    6.0	    5.9	 0.0080	  70.68	   2.25
    133	40013f	     16	    4.0	    0.0	    5.9	 0.0080	 +70.15	   2.26
    134	40013f	     16	    7.0	    7.0	    5.9	 0.0079	  70.37	   2.25
    135	40013f	     16	    5.0	    5.0	    5.9	 0.0079	  70.59	   2.26
    136	40013f	     16	    6.0	    0.0	    5.8	 0.0078	 +70.07	   2.27
    137	40013f	     16	    3.0	    3.0	    5.8	 0.0078	  70.29	   2.26
    138	40013f	     16	    5.0	    5.0	    5.8	 0.0082	  70.50	   2.27
    139	40013f	     16	    5.0	    1.0	    5.8	 0.0085	  70.71	   2.27
    140	40013f	     16	    7.0	    2.0	    5.8	 0.0084	  70.92	   2.27
    141	40013f	     16	    5.0	    0.0	    5.7	 0.0084	 +70.42	   2.28
    142	40013f	     16	    4.0	    4.0	    5.7	 0.0084	  70.63	   2.27
    143	40013f	     16	    4.0	    4.0	    5.7	 0.0083	  70.83	   2.28
    144	40013f	     16	    9.0	    0.0	    5.7	 0.0083	 +70.34	   2.29
    145	40013f	     16	    4.0	    4.0	    5.6	 0.0083	  70.55	   2.28
    146	40013f	     16	    6.0	    6.0	    5.6	 0.0084	  70.75	   2.29
    147	40013f	     16	    3.0	    2.0	    5.6	 0.0084	  70.95	   2.29
    148	40013f	     16	    6.0	    0.0	    5.6	 0.0083	 +70.47	   2.30
    149	40013f	     16	    7.0	    7.0	    5.6	 0.0083	  70.67	   2.29
    150	40013f	     16	    4.0	    4.0	    5.6	 0.0082	  70.86	   2.30
    151	40013f	     16	    4.0	    0.0	    5.5	 0.0082	 +70.39	   2.31
    152	40013f	     16	    6.0	    6.0	    5.5	 0.0082	  70.59	   2.30
    153	40013f	     16	    3.0	    3.0	    5.5	 0.0081	  70.78	   2.30
    154	40013f	     16	    9.0	    0.0	    5.5	 0.0082	 +70.32	   2.31
    155	40013f	     16	    3.0	    3.0	    5.5	 0.0082	  70.51	   2.30
    156	40013f	     16	    6.0	    6.0	    5.5	 0.0081	  70.70	   2.31
    157	40013f	     16	    5.0	    0.0	    5.4	 0.0081	 +70.25	   2.32
    158	40013f	     16	    5.0	    5.0	    5.4	 0.0080	  70.44	   2.31
    159	40013f	     16	    6.0	    6.0	    5.5	 0.0080	  70.62	   2.31
    160	40013f	     16	    5.0	    0.0	    5.4	 0.0079	 +70.19	   2.32
    161	40013f	     16	    3.0	    3.0	    5.4	 0.0079	  70.37	   2.32
    162	40013f	     16	    6.0	    6.0	    5.4	 0.0078	  70.55	   2.32
    163	40013f	     16	    4.0	    0.0	    5.4	 0.0078	 +70.12	   2.33
    164	40013f	     16	   13.0	   13.0	    5.4	 0.0084	  70.30	   2.32
    165	40013f	     16	    4.0	    6.0	    5.4	 0.0083	  70.48	   2.33
    166	40013f	     16	    4.0	    0.0	    5.4	 0.0083	 +70.06	   2.33
    167	40013f	     16	    6.0	    6.0	    5.4	 0.0083	  70.24	   2.33
    168	40013f	     16	    5.0	    5.0	    5.4	 0.0082	  70.41	   2.33
    169	40013f	     16	    5.0	    0.0	    5.4	 0.0082	 +70.00	   2.34
    170	40013f	     16	    5.0	    5.0	    5.4	 0.0081	  70.18	   2.33
    171	40013f	     16	    3.0	    3.0	    5.3	 0.0081	  70.35	   2.34
    172	40013f	     16	    8.0	    0.0	    5.3	 0.0080	 +69.94	   2.34
    173	40013f	     16	    4.0	    4.0	    5.3	 0.0080	  70.11	   2.34
    174	40013f	     16	    4.0	    4.0	    5.3	 0.0080	  70.29	   2.34
    175	40013f	     16	    7.0	    0.0	    5.3	 0.0080	 +69.89	   2.35
    176	40013f	     16	    5.0	    5.0	    5.3	 0.0079	  70.06	   2.34
    177	40013f	     16	    5.0	    5.0	    5.3	 0.0079	  70.22	   2.35
    178	40013f	     16	    5.0	    0.0	    5.2	 0.0079	 +69.83	   2.35
    179	40013f	     16	    3.0	    3.0	    5.2	 0.0078	  70.00	   2.35
    180	40013f	     16	    8.0	    8.0	    5.2	 0.0078	  70.17	   2.35
    181	40013f	     16	    5.0	    0.0	    5.2	 0.0077	 +69.78	   2.36
    182	40013f	     16	    5.0	    5.0	    5.2	 0.0077	  69.95	   2.35
    183	40013f	     16	    4.0	    4.0	    5.2	 0.0077	  70.11	   2.36
    184	40013f	     16	    5.0	    0.0	    5.2	 0.0076	 +69.73	   2.36
    185	40013f	     16	    7.0	    7.0	    5.2	 0.0077	  69.89	   2.36
    186	40013f	     16	    6.0	    7.0	    5.2	 0.0076	  70.05	   2.36
    187	40013f	     16	    4.0	    0.0	    5.2	 0.0076	 +69.68	   2.37
    188	40013f	     16	    6.0	    6.0	    5.2	 0.0076	  69.84	   2.36
    189	40013f	     16	    4.0	    4.0	    5.2	 0.0075	  70.00	   2.37
    190	40013f	     16	    7.0	    0.0	    5.1	 0.0075	 +69.63	   2.37
    191	40013f	     16	    4.0	    4.0	    5.1	 0.0074	  69.79	   2.36
    192	40013f	     16	    6.0	    6.0	    5.1	 0.0074	  69.95	   2.37
    193	40013f	     16	    3.0	    0.0	    5.1	 0.0074	 +69.59	   2.38
    194	40013f	     16	    5.0	    5.0	    5.1	 0.0074	  69.74	   2.37
    195	40013f	     16	    7.0	    7.0	    5.1	 0.0073	  69.90	   2.37
    196	40013f	     16	    6.0	    0.0	    5.1	 0.0073	 +69.54	   2.38
    197	40013f	     16	    4.0	    4.0	    5.1	 0.0072	  69.70	   2.37
    198	40013f	     16	    5.0	    5.0	    5.1	 0.0072	  69.85	   2.38
    199	40013f	     16	    5.0	    0.0	    5.1	 0.0072	 +69.50	   2.38
    200	40013f	     16	    7.0	    7.0	    5.1	 0.0072	  69.65	   2.38
    201	40013f	     16	    3.0	    3.0	    5.1	 0.0071	  69.80	   2.38
    202	40013f	     16	    5.0	    0.0	    5.0	 0.0071	 +69.46	   2.39
    203	40013f	     16	    4.0	    4.0	    5.0	 0.0071	  69.61	   2.38
    204	40013f	     16	    7.0	    7.0	    5.0	 0.0070	  69.76	   2.39
    205	40013f	     16	    9.0	    1.0	    5.0	 0.0072	  69.90	   2.39
    206	40013f	     16	    4.0	    1.0	    5.0	 0.0072	  70.05	   2.39
    207	40013f	     16	    4.0	    0.0	    5.0	 0.0071	 +69.71	   2.39
    208	40013f	     16	    6.0	    6.0	    5.0	 0.0071	  69.86	   2.39
    209	40013f	     16	    4.0	    4.0	    5.0	 0.0071	  70.00	   2.39
    210	40013f	     16	    7.0	    0.0	    5.0	 0.0070	 +69.67	   2.40
    211	40013f	     16	    3.0	    3.0	    4.9	 0.0070	  69.81	   2.39
    212	40013f	     16	    6.0	    6.0	    4.9	 0.0070	  69.95	   2.39
    213	40013f	     16	    6.0	    0.0	    4.9	 0.0069	 +69.63	   2.40
    214	40013f	     16	    4.0	    4.0	    4.9	 0.0069	  69.77	   2.39
    215	40013f	     16	    4.0	    4.0	    4.9	 0.0069	  69.91	   2.40
    216	40013f	     16	    8.0	    0.0	    4.9	 0.0069	 +69.59	   2.40
    217	40013f	     16	    3.0	    3.0	    4.9	 0.0068	  69.72	   2.40
    218	40013f	     16	    7.0	    7.0	    4.9	 0.0068	  69.86	   2.40
    219	40013f	     16	    3.0	    0.0	    4.9	 0.0068	 +69.55	   2.41
    220	40013f	     16	    6.0	    6.0	    4.9	 0.0067	  69.68	   2.40
    221	40013f	     16	    6.0	    6.0	    4.9	 0.0067	  69.82	   2.40
    222	40013f	     16	    5.0	    0.0	    4.9	 0.0067	 +69.51	   2.41
    223	40013f	     16	    5.0	    5.0	    4.9	 0.0067	  69.64	   2.40
    224	40013f	     16	    5.0	    5.0	    4.9	 0.0066	  69.78	   2.41
    225	40013f	     16	    3.0	    0.0	    4.8	 0.0066	 +69.47	   2.41
    226	40013f	     16	    9.0	    9.0	    4.9	 0.0067	  69.60	   2.41
    227	40013f	     16	    4.0	    5.0	    4.9	 0.0066	  69.74	   2.41
    228	40013f	     16	    7.0	    0.0	    4.8	 0.0066	 +69.43	   2.42
    229	40013f	     16	    4.0	    4.0	    4.8	 0.0066	  69.57	   2.41
    230	40013f	     16	    4.0	    4.0	    4.8	 0.0066	  69.70	   2.41
    231	40013f	     16	    7.0	    0.0	    4.8	 0.0065	 +69.40	   2.42
    232	40013f	     16	    5.0	    5.0	    4.8	 0.0065	  69.53	   2.41
    233	40013f	     16	    4.0	    4.0	    4.8	 0.0065	  69.66	   2.42
    234	40013f	     16	    5.0	    0.0	    4.8	 0.0065	 +69.36	   2.42
    235	40013f	     16	    3.0	    3.0	    4.8	 0.0064	  69.49	   2.42
    236	40013f	     16	   10.0	   10.0	    4.8	 0.0064	  69.62	   2.42
    237	40013f	     16	    4.0	    0.0	    4.8	 0.0064	 +69.33	   2.42
    238	40013f	     16	    4.0	    4.0	    4.8	 0.0064	  69.46	   2.42
    239	40013f	     16	    5.0	    5.0	    4.8	 0.0063	  69.58	   2.42
    240	40013f	     16	    5.0	    0.0	    4.8	 0.0063	 +69.29	   2.43
    241	40013f	     16	    6.0	    6.0	    4.8	 0.0063	  69.42	   2.42
    242	40013f	     16	    5.0	    5.0	    4.8	 0.0063	  69.55	   2.42
    243	40013f	     16	    3.0	    0.0	    4.7	 0.0063	 +69.26	   2.43
    244	40013f	     16	    7.0	    7.0	    4.8	 0.0062	  69.39	   2.42
    245	40013f	     16	    5.0	    5.0	    4.8	 0.0062	  69.51	   2.43
    246	40013f	     16	   10.0	    1.0	    4.7	 0.0063	  69.64	   2.43
    247	40013f	     16	    4.0	    1.0	    4.7	 0.0063	  69.76	   2.43
    248	40013f	     16	    5.0	    0.0	    4.7	 0.0063	 +69.48	   2.43
    249	40013f	     16	    4.0	    4.0	    4.7	 0.0063	  69.60	   2.43
    250	40013f	     16	    6.0	    6.0	    4.7	 0.0062	  69.72	   2.43
    251	40013f	     16	    5.0	    0.0	    4.7	 0.0062	 +69.44	   2.44
    252	40013f	     16	    6.0	    6.0	    4.7	 0.0062	  69.57	   2.43
    253	40013f	     16	    4.0	    4.0	    4.7	 0.0062	  69.69	   2.43
    254	40013f	     16	    6.0	    0.0	    4.7	 0.0062	 +69.41	   2.44
    255	40013f	     16	    4.0	    4.0	    4.7	 0.0062	  69.53	   2.43
    256	40013f	     16	    8.0	    8.0	    4.7	 0.0067	  69.65	   2.44
    257	40013f	     16	    3.0	    3.0	    4.7	 0.0066	  69.77	   2.44
    258	40013f	     16	    5.0	    0.0	    4.7	 0.0066	 +69.50	   2.44
    259	40013f	     16	    5.0	    5.0	    4.7	 0.0066	  69.62	   2.44
    260	40013f	     16	    6.0	    6.0	    4.7	 0.0066	  69.73	   2.44
    261	40013f	     16	    4.0	    0.0	    4.6	 0.0065	 +69.47	   2.44
    262	40013f	     16	    6.0	    6.0	    4.7	 0.0065	  69.58	   2.44
    263	40013f	     16	    5.0	    5.0	    4.7	 0.0065	  69.70	   2.44
    264	40013f	     16	    6.0	    0.0	    4.6	 0.0065	 +69.43	   2.45
    265	40013f	     16	    3.0	    3.0	    4.6	 0.0065	  69.55	   2.44
    266	40013f	     16	    5.0	    5.0	    4.6	 0.0070	  69.66	   2.44
    267	40013f	     16	    7.0	    2.0	    4.6	 0.0073	  69.78	   2.44
    268	40013f	     16	    7.0	    2.0	    4.6	 0.0073	  69.89	   2.44
    269	40013f	     16	    5.0	    0.0	    4.6	 0.0073	 +69.63	   2.45
    270	40013f	     16	    4.0	    4.0	    4.6	 0.0073	  69.74	   2.44
    271	40013f	     16	    4.0	    4.0	    4.6	 0.0074	  69.85	   2.45
    272	40013f	     16	    7.0	    3.0	    4.6	 0.0074	  69.96	   2.45
    273	40013f	     16	    4.0	    2.0	    4.6	 0.0074	  70.07	   2.45
    274	40013f	     16	    6.0	    0.0	    4.6	 0.0074	 +69.82	   2.45
    275	40013f	     16	    3.0	    3.0	    4.6	 0.0074	  69.93	   2.45
    276	40013f	     16	    6.0	    6.0	    4.6	 0.0073	  70.04	   2.45
    277	40013f	     16	    8.0	    0.0	    4.5	 0.0073	 +69.78	   2.45
    278	40013f	     16	    4.0	    4.0	    4.5	 0.0073	  69.89	   2.45
    279	40013f	     16	    4.0	    4.0	    4.5	 0.0073	  70.00	   2.45
    280	40013f	     16	    6.0	    0.0	    4.5	 0.0073	 +69.75	   2.46
    281	40013f	     16	    3.0	    3.0	    4.5	 0.0073	  69.86	   2.45
    282	40013f	     16	    8.0	    8.0	    4.5	 0.0075	  69.96	   2.45
    283	40013f	     16	    3.0	    2.0	    4.5	 0.0076	  70.07	   2.45
    284	40013f	     16	    6.0	    3.0	    4.5	 0.0077	  70.18	   2.45
    285	40013f	     16	    5.0	    4.0	    4.5	 0.0077	  70.28	   2.45
    286	40013f	     16	    5.0	    0.0	    4.5	 0.0077	 +70.03	   2.46
    287	40013f	     16	    9.0	    9.0	    4.5	 0.0077	  70.14	   2.45
    288	40013f	     16	    5.0	    5.0	    4.5	 0.0077	  70.24	   2.46
    289	40013f	     16	    3.0	    0.0	    4.5	 0.0077	 +70.00	   2.46
    290	40013f	     16	    6.0	    6.0	    4.5	 0.0077	  70.10	   2.46
    291	40013f	     16	    4.0	    4.0	    4.5	 0.0076	  70.21	   2.46
    292	40013f	     16	    8.0	    0.0	    4.5	 0.0076	 +69.97	   2.46
    293	40013f	     16	    4.0	    4.0	    4.5	 0.0076	  70.07	   2.46
    294	40013f	     16	    4.0	    4.0	    4.5	 0.0077	  70.17	   2.46
    295	40013f	     16	    6.0	    3.0	    4.5	 0.0077	  70.27	   2.46
    296	40013f	     16	    5.0	    0.0	    4.5	 0.0076	 +70.03	   2.47
    297	40013f	     16	    6.0	    6.0	    4.5	 0.0076	  70.13	   2.46
    298	40013f	     16	    5.0	    5.0	    4.5	 0.0076	  70.23	   2.46
    299	40013f	     16	    3.0	    0.0	    4.5	 0.0076	 +70.00	   2.47
    300	40013f	     16	    8.0	    8.0	    4.5	 0.0075	  70.10	   2.46
    301	40013f	     16	    4.0	    4.0	    4.5	 0.0075	  70.20	   2.47
    302	40013f	     16	    4.0	    0.0	    4.5	 0.0075	 +69.97	   2.47
    303	40013f	     16	    6.0	    6.0	    4.5	 0.0075	  70.07	   2.47
    304	40013f	     16	    5.0	    5.0	    4.5	 0.0074	  70.16	   2.47
    305	40013f	     16	    5.0	    0.0	    4.4	 0.0074	 +69.93	   2.47
    306	40013f	     16	    5.0	    5.0	    4.4	 0.0074	  70.03	   2.47
    307	40013f	     16	    3.0	    3.0	    4.4	 0.0074	  70.13	   2.47
    308	40013f	     16	   10.0	    2.0	    4.4	 0.0076	  70.23	   2.47
    309	40013f	     16	    5.0	    2.0	    4.4	 0.0076	  70.32	   2.47
    310	40013f	     16	    5.0	    0.0	    4.4	 0.0076	 +70.10	   2.47
    311	40013f	     16	    4.0	    4.0	    4.4	 0.0075	  70.19	   2.47
    312	40013f	     16	    5.0	    5.0	    4.4	 0.0075	  70.29	   2.47
    313	40013f	     16	    5.0	    0.0	    4.4	 0.0075	 +70.06	   2.48
    314	40013f	     16	    6.0	    6.0	    4.4	 0.0075	  70.16	   2.47
    315	40013f	     16	    4.0	    4.0	    4.4	 0.0074	  70.25	   2.47
    316	40013f	     16	    6.0	    0.0	    4.4	 0.0074	 +70.03	   2.48
    317	40013f	     16	    4.0	    4.0	    4.4	 0.0074	  70.13	   2.47
    318	40013f	     16	    8.0	    8.0	    4.4	 0.0074	  70.22	   2.47
    319	40013f	     16	    4.0	    0.0	    4.4	 0.0074	 +70.00	   2.48
    320	40013f	     16	    6.0	    6.0	    4.4	 0.0075	  70.09	   2.47
    321	40013f	     16	    3.0	    4.0	    4.4	 0.0075	  70.19	   2.48
    322	40013f	     16	    5.0	    0.0	    4.4	 0.0074	 +69.97	   2.48
    323	40013f	     16	    6.0	    6.0	    4.4	 0.0075	  70.06	   2.48
    324	40013f	     16	    6.0	    8.0	    4.4	 0.0075	  70.15	   2.48
    325	40013f	     16	    4.0	    0.0	    4.4	 0.0075	 +69.94	   2.48
    326	40013f	     16	    5.0	    5.0	    4.4	 0.0075	  70.03	   2.48
    327	40013f	     16	    5.0	    5.0	    4.4	 0.0075	  70.12	   2.48
    328	40013f	     16	   13.0	    5.0	    4.4	 0.0081	  70.21	   2.48
    329	40013f	     16	    3.0	    5.0	    4.4	 0.0081	  70.30	   2.48
    330	40013f	     16	    5.0	    0.0	    4.4	 0.0081	 +70.09	   2.48
    331	40013f	     16	    4.0	    4.0	    4.4	 0.0081	  70.18	   2.48
    332	40013f	     16	    7.0	    7.0	    4.4	 0.0081	  70.27	   2.48
    333	40013f	     16	    6.0	    0.0	    4.4	 0.0080	 +70.06	   2.49
    334	40013f	     16	    4.0	    4.0	    4.4	 0.0080	  70.15	   2.48
    335	40013f	     16	    4.0	    4.0	    4.4	 0.0080	  70.24	   2.48
    336	40013f	     16	    6.0	    0.0	    4.4	 0.0080	 +70.03	   2.49
    337	40013f	     16	    4.0	    4.0	    4.3	 0.0079	  70.12	   2.48
    338	40013f	     16	    8.0	    8.0	    4.4	 0.0079	  70.21	   2.49
    339	40013f	     16	    3.0	    0.0	    4.3	 0.0079	 +70.00	   2.49
    340	40013f	     16	    6.0	    6.0	    4.4	 0.0079	  70.09	   2.49
    341	40013f	     16	    6.0	    6.0	    4.4	 0.0079	  70.18	   2.49
    342	40013f	     16	    4.0	    0.0	    4.3	 0.0078	 +69.97	   2.49
    343	40013f	     16	    4.0	    4.0	    4.3	 0.0079	  70.06	   2.49
    344	40013f	     16	    7.0	    6.0	    4.3	 0.0079	  70.14	   2.49
    345	40013f	     16	    3.0	    1.0	    4.3	 0.0080	  70.23	   2.49
    346	40013f	     16	    7.0	    3.0	    4.3	 0.0079	  70.32	   2.49
    347	40013f	     16	    3.0	    0.0	    4.3	 0.0079	 +70.11	   2.49
    348	40013f	     16	    6.0	    6.0	    4.3	 0.0079	  70.20	   2.49
    349	40013f	     16	    8.0	    8.0	    4.3	 0.0079	  70.29	   2.49
    350	40013f	     16	    5.0	    0.0	    4.3	 0.0079	 +70.09	   2.50
    351	40013f	     16	    5.0	    5.0	    4.3	 0.0079	  70.17	   2.49
    352	40013f	     16	    5.0	    5.0	    4.3	 0.0078	  70.25	   2.49
    353	40013f	     16	    3.0	    0.0	    4.3	 0.0078	 +70.06	   2.50
    354	40013f	     16	    7.0	    7.0	    4.3	 0.0078	  70.14	   2.49
    355	40013f	     16	    4.0	    4.0	    4.3	 0.0078	  70.22	   2.50
    356	40013f	     16	    7.0	    0.0	    4.3	 0.0078	 +70.03	   2.50
    357	40013f	     16	    4.0	    4.0	    4.3	 0.0077	  70.11	   2.49
    358	40013f	     16	    4.0	    4.0	    4.3	 0.0077	  70.19	   2.50
    359	40013f	     16	    8.0	    0.0	    4.3	 0.0077	 +70.00	   2.50
    360	40013f	     16	    5.0	    5.0	    4.3	 0.0077	  70.08	   2.50
    361	40013f	     16	    4.0	    4.0	    4.3	 0.0077	  70.17	   2.50
    362	40013f	     16	    5.0	    0.0	    4.3	 0.0077	 +69.97	   2.50
    363	40013f	     16	    3.0	    3.0	    4.3	 0.0077	  70.05	   2.50
    364	40013f	     16	    9.0	    9.0	    4.3	 0.0076	  70.14	   2.50
    365	40013f	     16	    4.0	    0.0	    4.3	 0.0076	 +69.95	   2.50
    366	40013f	     16	    4.0	    4.0	    4.3	 0.0076	  70.03	   2.50
    367	40013f	     16	    5.0	    5.0	    4.3	 0.0076	  70.11	   2.50
    368	40013f	     16	    5.0	    0.0	    4.3	 0.0076	 +69.92	   2.50
    369	40013f	     16	    9.0	    9.0	    4.3	 0.0076	  70.00	   2.50
    370	40013f	     16	    5.0	    5.0	    4.3	 0.0076	  70.08	   2.50
    371	40013f	     16	    3.0	    0.0	    4.3	 0.0076	 +69.89	   2.51
    372	40013f	     16	    7.0	    7.0	    4.3	 0.0076	  69.97	   2.50
    373	40013f	     16	    5.0	    5.0	    4.3	 0.0075	  70.05	   2.50
    374	40013f	     16	    6.0	    0.0	    4.3	 0.0075	 +69.87	   2.51
    375	40013f	     16	    4.0	    4.0	    4.3	 0.0075	  69.95	   2.50
    376	40013f	     16	    5.0	    5.0	    4.3	 0.0075	  70.03	   2.51
    377	40013f	     16	    4.0	    0.0	    4.3	 0.0075	 +69.84	   2.51
    378	40013f	     16	    6.0	    6.0	    4.3	 0.0075	  69.92	   2.50
    379	40013f	     16	    6.0	    6.0	    4.3	 0.0074	  70.00	   2.51
    380	40013f	     16	    6.0	    0.0	    4.3	 0.0074	 +69.82	   2.51
    381	40013f	     16	    4.0	    4.0	    4.3	 0.0074	  69.90	   2.51
    382	40013f	     16	    6.0	    6.0	    4.3	 0.0074	  69.97	   2.51
    383	40013f	     16	    4.0	    0.0	    4.3	 0.0074	 +69.79	   2.51
    384	40013f	     16	    7.0	    7.0	    4.3	 0.0074	  69.87	   2.51
    385	40013f	     16	    3.0	    3.0	    4.3	 0.0074	  69.95	   2.51
    386	40013f	     16	    5.0	    0.0	    4.2	 0.0074	 +69.77	   2.51
    387	40013f	     16	    5.0	    5.0	    4.2	 0.0074	  69.85	   2.51
    388	40013f	     16	    6.0	    6.0	    4.3	 0.0074	  69.92	   2.51
    389	40013f	     16	    4.0	    0.0	    4.2	 0.0074	 +69.74	   2.51
    390	40013f	     16	    8.0	    8.0	    4.3	 0.0073	  69.82	   2.51
    391	40013f	     16	    5.0	    5.0	    4.3	 0.0073	  69.90	   2.51
    392	40013f	     16	    6.0	    0.0	    4.2	 0.0073	 +69.72	   2.51
    393	40013f	     16	    3.0	    3.0	    4.2	 0.0073	  69.80	   2.51
    394	40013f	     16	    5.0	    5.0	    4.2	 0.0073	  69.87	   2.51
    395	40013f	     16	    5.0	    0.0	    4.2	 0.0073	 +69.70	   2.52
    396	40013f	     16	    7.0	    7.0	    4.2	 0.0072	  69.77	   2.51
    397	40013f	     16	    5.0	    5.0	    4.2	 0.0072	  69.85	   2.51
    398	40013f	     16	    4.0	    0.0	    4.2	 0.0072	 +69.67	   2.52
    399	40013f	     16	    4.0	    4.0	    4.2	 0.0072	  69.75	   2.51
    400	40013f	     16	    8.0	    8.0	    4.2	 0.0073	  69.83	   2.51
    401	40013f	     16	    4.0	    1.0	    4.2	 0.0073	  69.90	   2.51
    402	40013f	     16	    6.0	    0.0	    4.2	 0.0073	 +69.73	   2.52
    403	40013f	     16	    3.0	    3.0	    4.2	 0.0073	  69.80	   2.51
    404	40013f	     16	    6.0	    6.0	    4.2	 0.0072	  69.88	   2.52
    405	40013f	     16	    7.0	    0.0	    4.2	 0.0072	 +69.70	   2.52
    406	40013f	     16	    4.0	    4.0	    4.2	 0.0072	  69.78	   2.51
    407	40013f	     16	    4.0	    4.0	    4.2	 0.0072	  69.85	   2.52
    408	40013f	     16	    6.0	    0.0	    4.2	 0.0072	 +69.68	   2.52
    409	40013f	     16	    3.0	    3.0	    4.2	 0.0072	  69.76	   2.52
    410	40013f	     16	   12.0	   12.0	    4.2	 0.0073	  69.83	   2.52
    411	40013f	     16	    3.0	    2.0	    4.2	 0.0073	  69.90	   2.52
    412	40013f	     16	    6.0	    0.0	    4.2	 0.0073	 +69.73	   2.52
    413	40013f	     16	    5.0	    5.0	    4.2	 0.0073	  69.81	   2.52
    414	40013f	     16	    5.0	    5.0	    4.2	 0.0073	  69.88	   2.52
    415	40013f	     16	    6.0	    0.0	    4.2	 0.0073	 +69.71	   2.52
    416	40013f	     16	    5.0	    5.0	    4.2	 0.0072	  69.78	   2.52
    417	40013f	     16	    3.0	    3.0	    4.2	 0.0072	  69.86	   2.52
    418	40013f	     16	    6.0	    0.0	    4.2	 0.0072	 +69.69	   2.52
    419	40013f	     16	    4.0	    4.0	    4.2	 0.0072	  69.76	   2.52
    420	40013f	     16	    9.0	    9.0	    4.2	 0.0072	  69.83	   2.52
    421	40013f	     16	    4.0	    0.0	    4.2	 0.0072	 +69.67	   2.52
    422	40013f	     16	    4.0	    4.0	    4.2	 0.0071	  69.74	   2.52
    423	40013f	     16	    6.0	    6.0	    4.2	 0.0071	  69.81	   2.52
    424	40013f	     16	    5.0	    0.0	    4.2	 0.0071	 +69.65	   2.52
    425	40013f	     16	    5.0	    5.0	    4.2	 0.0071	  69.72	   2.52
    426	40013f	     16	    5.0	    5.0	    4.2	 0.0071	  69.79	   2.52
    427	40013f	     16	    3.0	    0.0	    4.2	 0.0071	 +69.63	   2.53
    428	40013f	     16	    8.0	    8.0	    4.2	 0.0071	  69.70	   2.52
    429	40013f	     16	    4.0	    4.0	    4.2	 0.0071	  69.77	   2.52
    430	40013f	     16	    4.0	    0.0	    4.2	 0.0071	 +69.61	   2.53
    431	40013f	     16	    8.0	    8.0	    4.2	 0.0071	  69.68	   2.52
    432	40013f	     16	    5.0	    5.0	    4.2	 0.0071	  69.75	   2.53
    433	40013f	     16	    5.0	    2.0	    4.2	 0.0071	  69.82	   2.52
    434	40013f	     16	    5.0	    0.0	    4.2	 0.0071	 +69.66	   2.53
    435	40013f	     16	    3.0	    3.0	    4.2	 0.0071	  69.72	   2.52
    436	40013f	     16	    8.0	    8.0	    4.2	 0.0071	  69.79	   2.53
    437	40013f	     16	    5.0	    0.0	    4.2	 0.0071	 +69.63	   2.53
    438	40013f	     16	    5.0	    5.0	    4.2	 0.0071	  69.70	   2.53
    439	40013f	     16	    4.0	    4.0	    4.2	 0.0070	  69.77	   2.53
    440	40013f	     16	    5.0	    0.0	    4.2	 0.0070	 +69.61	   2.53
    441	40013f	     16	    6.0	    6.0	    4.2	 0.0070	  69.68	   2.53
    442	40013f	     16	    6.0	    6.0	    4.2	 0.0070	  69.75	   2.53
    443	40013f	     16	    4.0	    0.0	    4.2	 0.0070	 +69.59	   2.53
    444	40013f	     16	    6.0	    6.0	    4.2	 0.0070	  69.66	   2.53
    445	40013f	     16	    4.0	    4.0	    4.2	 0.0070	  69.73	   2.53
    446	40013f	     16	    7.0	    2.0	    4.2	 0.0071	  69.80	   2.53
    447	40013f	     16	    4.0	    2.0	    4.1	 0.0071	  69.87	   2.53
    448	40013f	     16	    6.0	    0.0	    4.1	 0.0071	 +69.71	   2.53
    449	40013f	     16	    3.0	    3.0	    4.1	 0.0071	  69.78	   2.53
    450	40013f	     16	    5.0	    5.0	    4.1	 0.0071	  69.84	   2.53
    451	40013f	     16	    9.0	    0.0	    4.1	 0.0071	 +69.69	   2.53
    452	40013f	     16	    6.0	    6.0	    4.1	 0.0071	  69.76	   2.53
    453	40013f	     16	    4.0	    4.0	    4.1	 0.0071	  69.82	   2.53
    454	40013f	     16	    5.0	    0.0	    4.1	 0.0070	 +69.67	   2.53
    455	40013f	     16	    5.0	    5.0	    4.1	 0.0070	  69.74	   2.53
    456	40013f	     16	    7.0	    7.0	    4.1	 0.0070	  69.80	   2.53
    457	40013f	     16	    3.0	    0.0	    4.1	 0.0070	 +69.65	   2.53
    458	40013f	     16	    5.0	    5.0	    4.1	 0.0070	  69.72	   2.53
    459	40013f	     16	    4.0	    4.0	    4.1	 0.0070	  69.78	   2.53
    460	40013f	     16	    7.0	    0.0	    4.1	 0.0070	 +69.63	   2.54
    461	40013f	     16	    7.0	    7.0	    4.1	 0.0069	  69.70	   2.53
    462	40013f	     16	    4.0	    4.0	    4.1	 0.0069	  69.76	   2.53
    463	40013f	     16	    4.0	    0.0	    4.1	 0.0069	 +69.61	   2.54
    464	40013f	     16	    6.0	    6.0	    4.1	 0.0069	  69.68	   2.53
    465	40013f	     16	    4.0	    4.0	    4.1	 0.0069	  69.74	   2.54
    466	40013f	     16	    7.0	    0.0	    4.1	 0.0069	 +69.59	   2.54
    467	40013f	     16	    3.0	    3.0	    4.1	 0.0069	  69.66	   2.53
    468	40013f	     16	    6.0	    6.0	    4.1	 0.0068	  69.72	   2.54
    469	40013f	     16	    6.0	    0.0	    4.1	 0.0068	 +69.57	   2.54
    470	40013f	     16	    4.0	    4.0	    4.1	 0.0068	  69.64	   2.54
    471	40013f	     16	    4.0	    4.0	    4.1	 0.0068	  69.70	   2.54
    472	40013f	     16	    9.0	    0.0	    4.1	 0.0068	 +69.56	   2.54
    473	40013f	     16	    3.0	    3.0	    4.1	 0.0068	  69.62	   2.54
    474	40013f	     16	    7.0	    8.0	    4.1	 0.0068	  69.68	   2.54
    475	40013f	     16	    3.0	    0.0	    4.1	 0.0068	 +69.54	   2.54
    476	40013f	     16	    6.0	    6.0	    4.1	 0.0068	  69.60	   2.54
    477	40013f	     16	    6.0	    6.0	    4.1	 0.0068	  69.67	   2.54
    478	40013f	     16	    5.0	    0.0	    4.1	 0.0068	 +69.52	   2.54
    479	40013f	     16	    5.0	    5.0	    4.1	 0.0067	  69.58	   2.54
    480	40013f	     16	    5.0	    5.0	    4.1	 0.0067	  69.65	   2.54
    481	40013f	     16	    3.0	    0.0	    4.1	 0.0067	 +69.50	   2.54
    482	40013f	     16	    8.0	    8.0	    4.1	 0.0067	  69.57	   2.54
    483	40013f	     16	    4.0	    4.0	    4.1	 0.0067	  69.63	   2.54
    484	40013f	     16	    7.0	    0.0	    4.1	 0.0067	 +69.48	   2.54
    485	40013f	     16	    4.0	    4.0	    4.1	 0.0067	  69.55	   2.54
    486	40013f	     16	    4.0	    4.0	    4.1	 0.0067	  69.61	   2.54
    487	40013f	     16	    7.0	    0.0	    4.1	 0.0067	 +69.47	   2.54
    488	40013f	     16	    5.0	    5.0	    4.1	 0.0066	  69.53	   2.54
    489	40013f	     16	    4.0	    4.0	    4.1	 0.0067	  69.59	   2.54
    490	40013f	     16	    5.0	    0.0	    4.1	 0.0066	 +69.45	   2.54
    491	40013f	     16	    3.0	    3.0	    4.1	 0.0066	  69.51	   2.54
    492	40013f	     16	   14.0	   14.0	    4.1	 0.0067	  69.57	   2.54
    493	40013f	     16	    4.0	    1.0	    4.1	 0.0067	  69.64	   2.54
    494	40013f	     16	    4.0	    0.0	    4.1	 0.0067	 +69.49	   2.54
    495	40013f	     16	    5.0	    5.0	    4.1	 0.0067	  69.56	   2.54
    496	40013f	     16	    5.0	    5.0	    4.1	 0.0067	  69.62	   2.54
    497	40013f	     16	    6.0	    0.0	    4.1	 0.0066	 +69.48	   2.55
    498	40013f	     16	    5.0	    5.0	    4.1	 0.0066	  69.54	   2.54
    499	40013f	     16	    3.0	    3.0	    4.1	 0.0066	  69.60	   2.54
    500	40013f	     16	    7.0	    0.0	    4.1	 0.0066	 +69.46	   2.55
    501	40013f	     16	    5.0	    5.0	    4.1	 0.0066	  69.52	   2.54
    502	40013f	     16	    7.0	    7.0	    4.1	 0.0066	  69.58	   2.54
    503	40013f	     16	    4.0	    0.0	    4.1	 0.0066	 +69.44	   2.55
    504	40013f	     16	    5.0	    5.0	    4.1	 0.0066	  69.50	   2.54
    505	40013f	     16	    4.0	    4.0	    4.1	 0.0066	  69.57	   2.55
    506	40013f	     16	    6.0	    0.0	    4.1	 0.0065	 +69.43	   2.55
    507	40013f	     16	    5.0	    5.0	    4.1	 0.0065	  69.49	   2.54
    508	40013f	     16	    6.0	    6.0	    4.1	 0.0065	  69.55	   2.55
    509	40013f	     16	    4.0	    0.0	    4.1	 0.0065	 +69.41	   2.55
    510	40013f	     16	    6.0	    6.0	    4.1	 0.0065	  69.47	   2.55
    511	40013f	     16	    4.0	    4.0	    4.1	 0.0065	  69.53	   2.55
    512	40013f	     16	    9.0	    1.0	    4.0	 0.0066	  69.59	   2.55
    513	40013f	     16	    3.0	    1.0	    4.0	 0.0066	  69.65	   2.55
    514	40013f	     16	    5.0	    0.0	    4.0	 0.0065	 +69.51	   2.55
    515	40013f	     16	    5.0	    5.0	    4.0	 0.0065	  69.57	   2.55
    516	40013f	     16	    6.0	    6.0	    4.0	 0.0065	  69.63	   2.55
    517	40013f	     16	    4.0	    0.0	    4.0	 0.0065	 +69.50	   2.55
    518	40013f	     16	    6.0	    6.0	    4.0	 0.0065	  69.56	   2.55
    519	40013f	     16	    5.0	    5.0	    4.0	 0.0065	  69.62	   2.55
    520	40013f	     16	    6.0	    0.0	    4.0	 0.0065	 +69.48	   2.55
    521	40013f	     16	    3.0	    3.0	    4.0	 0.0065	  69.54	   2.55
    522	40013f	     16	    5.0	    5.0	    4.0	 0.0065	  69.60	   2.55
    523	40013f	     16	    6.0	    0.0	    4.0	 0.0064	 +69.47	   2.55
    524	40013f	     16	    7.0	    7.0	    4.0	 0.0064	  69.52	   2.55
    525	40013f	     16	    5.0	    5.0	    4.0	 0.0064	  69.58	   2.55
    526	40013f	     16	    4.0	    0.0	    4.0	 0.0064	 +69.45	   2.55
    527	40013f	     16	    4.0	    4.0	    4.0	 0.0064	  69.51	   2.55
    528	40013f	     16	    7.0	    7.0	    4.0	 0.0064	  69.57	   2.55
    529	40013f	     16	    4.0	    0.0	    4.0	 0.0064	 +69.43	   2.55
    530	40013f	     16	    6.0	    6.0	    4.0	 0.0064	  69.49	   2.55
    531	40013f	     16	    3.0	    3.0	    4.0	 0.0064	  69.55	   2.55
    532	40013f	     16	    6.0	    0.0	    4.0	 0.0064	 +69.42	   2.55
    533	40013f	     16	   10.0	   10.0	    4.0	 0.0064	  69.48	   2.55
    534	40013f	     16	    4.0	    4.0	    4.0	 0.0063	  69.53	   2.55
    535	40013f	     16	    4.0	    0.0	    4.0	 0.0063	 +69.40	   2.55
    536	40013f	     16	    6.0	    6.0	    4.0	 0.0063	  69.46	   2.55
    537	40013f	     16	    3.0	    3.0	    4.0	 0.0063	  69.52	   2.55
    538	40013f	     16	    8.0	    0.0	    4.0	 0.0063	 +69.39	   2.55
    539	40013f	     16	    3.0	    3.0	    4.0	 0.0063	  69.44	   2.55
    540	40013f	     16	    6.0	    6.0	    4.0	 0.0063	  69.50	   2.55
    541	40013f	     16	    5.0	    0.0	    4.0	 0.0063	 +69.37	   2.56
    542	40013f	     16	    5.0	    5.0	    4.0	 0.0063	  69.43	   2.55
    543	40013f	     16	    7.0	    7.0	    4.0	 0.0063	  69.49	   2.55
    544	40013f	     16	    5.0	    0.0	    4.0	 0.0062	 +69.36	   2.56
    545	40013f	     16	    3.0	    3.0	    4.0	 0.0062	  69.41	   2.55
    546	40013f	     16	    6.0	    6.0	    4.0	 0.0062	  69.47	   2.55
    547	40013f	     16	    4.0	    0.0	    4.0	 0.0062	 +69.34	   2.56
    548	40013f	     16	    8.0	    8.0	    4.0	 0.0062	  69.40	   2.55
    549	40013f	     16	    4.0	    4.0	    4.0	 0.0062	  69.45	   2.56
    550	40013f	     16	    4.0	    0.0	    4.0	 0.0062	 +69.33	   2.56
    551	40013f	     16	    6.0	    6.0	    4.0	 0.0062	  69.38	   2.56
    552	40013f	     16	    5.0	    5.0	    4.0	 0.0062	  69.44	   2.56
    553	40013f	     16	    7.0	    0.0	    4.0	 0.0062	 +69.31	   2.56
    554	40013f	     16	    5.0	    5.0	    4.0	 0.0062	  69.37	   2.56
    555	40013f	     16	    3.0	    3.0	    4.0	 0.0062	  69.42	   2.56
    556	40013f	     16	    8.0	    0.0	    4.0	 0.0062	 +69.30	   2.56
    557	40013f	     16	    4.0	    4.0	    4.0	 0.0061	  69.35	   2.56
    558	40013f	     16	    4.0	    4.0	    4.0	 0.0061	  69.41	   2.56
    559	40013f	     16	    6.0	    0.0	    4.0	 0.0061	 +69.29	   2.56
    560	40013f	     16	    5.0	    5.0	    4.0	 0.0061	  69.34	   2.56
    561	40013f	     16	    5.0	    5.0	    4.0	 0.0061	  69.40	   2.56
    562	40013f	     16	    5.0	    0.0	    4.0	 0.0061	 +69.27	   2.56
    563	40013f	     16	    3.0	    3.0	    4.0	 0.0061	  69.33	   2.56
    564	40013f	     16	    9.0	    9.0	    4.0	 0.0061	  69.38	   2.56
    565	40013f	     16	    5.0	    0.0	    4.0	 0.0061	 +69.26	   2.56
    566	40013f	     16	    5.0	    5.0	    4.0	 0.0061	  69.31	   2.56
    567	40013f	     16	    4.0	    4.0	    4.0	 0.0061	  69.37	   2.56
    568	40013f	     16	    5.0	    0.0	    4.0	 0.0061	 +69.24	   2.56
    569	40013f	     16	    5.0	    5.0	    4.0	 0.0061	  69.30	   2.56
    570	40013f	     16	    6.0	    6.0	    4.0	 0.0061	  69.35	   2.56
    571	40013f	     16	    4.0	    0.0	    4.0	 0.0061	 +69.23	   2.56
    572	40013f	     16	    6.0	    6.0	    4.0	 0.0060	  69.28	   2.56
    573	40013f	     16	    4.0	    4.0	    4.0	 0.0060	  69.34	   2.56
    574	40013f	     16	   11.0	    0.0	    4.0	 0.0061	 +69.22	   2.56
    575	40013f	     16	    4.0	    4.0	    4.0	 0.0060	  69.27	   2.56
    576	40013f	     16	    6.0	    6.0	    4.0	 0.0060	  69.32	   2.56
    577	40013f	     16	    3.0	    0.0	    4.0	 0.0060	 +69.20	   2.56
    578	40013f	     16	    5.0	    5.0	    4.0	 0.0060	  69.26	   2.56
    579	40013f	     16	    6.0	    6.0	    4.0	 0.0060	  69.31	   2.56
    580	40013f	     16	    6.0	    0.0	    4.0	 0.0060	 +69.19	   2.56
    581	40013f	     16	    4.0	    4.0	    4.0	 0.0060	  69.24	   2.56
    582	40013f	     16	    5.0	    5.0	    4.0	 0.0060	  69.30	   2.56
    583	40013f	     16	    5.0	    0.0	    4.0	 0.0060	 +69.18	   2.56
    584	40013f	     16	    8.0	    8.0	    4.0	 0.0060	  69.23	   2.56
    585	40013f	     16	    3.0	    3.0	    4.0	 0.0060	  69.28	   2.56
    586	40013f	     16	    5.0	    0.0	    4.0	 0.0060	 +69.17	   2.56
    587	40013f	     16	    4.0	    4.0	    4.0	 0.0059	  69.22	   2.56
    588	40013f	     16	    7.0	    7.0	    4.0	 0.0059	  69.27	   2.56
    589	40013f	     16	    6.0	    0.0	    4.0	 0.0059	 +69.15	   2.57
    590	40013f	     16	    4.0	    4.0	    4.0	 0.0059	  69.20	   2.56
    591	40013f	     16	    4.0	    4.0	    4.0	 0.0059	  69.26	   2.56
    592	40013f	     16	    6.0	    0.0	    4.0	 0.0059	 +69.14	   2.57
    593	40013f	     16	    4.0	    4.0	    4.0	 0.0059	  69.19	   2.56
    594	40013f	     16	    9.0	    9.0	    4.0	 0.0059	  69.24	   2.56
    595	40013f	     16	    3.0	    0.0	    4.0	 0.0059	 +69.13	   2.57
    596	40013f	     16	    6.0	    6.0	    4.0	 0.0059	  69.18	   2.56
    597	40013f	     16	    6.0	    6.0	    4.0	 0.0059	  69.23	   2.56
    598	40013f	     16	    4.0	    0.0	    4.0	 0.0058	 +69.12	   2.57
    599	40013f	     16	    4.0	    4.0	    4.0	 0.0058	  69.17	   2.56
    600	40013f	     16	    7.0	    7.0	    4.0	 0.0058	  69.22	   2.57
    601	40013f	     16	    3.0	    0.0	    4.0	 0.0058	 +69.10	   2.57
    602	40013f	     16	    7.0	    7.0	    4.0	 0.0058	  69.15	   2.56
    603	40013f	     16	    3.0	    3.0	    4.0	 0.0058	  69.21	   2.57
    604	40013f	     16	    6.0	    0.0	    4.0	 0.0058	 +69.09	   2.57
    605	40013f	     16	    7.0	    7.0	    4.0	 0.0058	  69.14	   2.57
    606	40013f	     16	    5.0	    5.0	    4.0	 0.0058	  69.19	   2.57
    607	40013f	     16	    5.0	    0.0	    4.0	 0.0058	 +69.08	   2.57
    608	40013f	     16	    5.0	    5.0	    4.0	 0.0058	  69.13	   2.57
    609	40013f	     16	    3.0	    3.0	    4.0	 0.0058	  69.18	   2.57
    610	40013f	     16	    7.0	    0.0	    3.9	 0.0058	 +69.07	   2.57
    611	40013f	     16	    4.0	    4.0	    3.9	 0.0058	  69.12	   2.57
    612	40013f	     16	    7.0	    7.0	    3.9	 0.0057	  69.17	   2.57
    613	40013f	     16	    4.0	    0.0	    3.9	 0.0057	 +69.06	   2.57
    614	40013f	     16	    4.0	    4.0	    3.9	 0.0057	  69.11	   2.57
    615	40013f	     16	   10.0	   10.0	    4.0	 0.0057	  69.16	   2.57
    616	40013f	     16	    5.0	    0.0	    3.9	 0.0057	 +69.04	   2.57
    617	40013f	     16	    4.0	    4.0	    3.9	 0.0057	  69.09	   2.57
    618	40013f	     16	    5.0	    5.0	    3.9	 0.0057	  69.14	   2.57
    619	40013f	     16	    3.0	    0.0	    3.9	 0.0057	 +69.03	   2.57
    620	40013f	     16	    9.0	    9.0	    4.0	 0.0057	  69.08	   2.57
    621	40013f	     16	    4.0	    4.0	    4.0	 0.0057	  69.13	   2.57
    622	40013f	     16	    4.0	    0.0	    3.9	 0.0057	 +69.02	   2.57
    623	40013f	     16	    5.0	    5.0	    3.9	 0.0057	  69.07	   2.57
    624	40013f	     16	    5.0	    5.0	    3.9	 0.0057	  69.12	   2.57
    625	40013f	     16	    7.0	    0.0	    3.9	 0.0056	 +69.01	   2.57
    626	40013f	     16	    5.0	    5.0	    3.9	 0.0056	  69.06	   2.57
    627	40013f	     16	    3.0	    3.0	    3.9	 0.0056	  69.11	   2.57
    628	40013f	     16	    7.0	    0.0	    3.9	 0.0056	 +69.00	   2.57
    629	40013f	     16	    5.0	    5.0	    3.9	 0.0056	  69.05	   2.57
    630	40013f	     16	    6.0	    6.0	    3.9	 0.0056	  69.10	   2.57
    631	40013f	     16	    4.0	    0.0	    3.9	 0.0056	 +68.99	   2.57
    632	40013f	     16	    5.0	    5.0	    3.9	 0.0056	  69.04	   2.57
    633	40013f	     16	    4.0	    4.0	    3.9	 0.0056	  69.09	   2.57
    634	40013f	     16	    6.0	    0.0	    3.9	 0.0056	 +68.98	   2.57
    635	40013f	     16	    7.0	    7.0	    3.9	 0.0056	  69.03	   2.57
    636	40013f	     16	    6.0	    6.0	    3.9	 0.0056	  69.07	   2.57
    637	40013f	     16	    4.0	    0.0	    3.9	 0.0056	 +68.97	   2.57
    638	40013f	     16	    6.0	    6.0	    3.9	 0.0055	  69.01	   2.57
    639	40013f	     16	    4.0	    4.0	    3.9	 0.0055	  69.06	   2.57
    640	40013f	     16	    7.0	    0.0	    3.9	 0.0055	 +68.95	   2.57
    641	40013f	     16	    3.0	    3.0	    3.9	 0.0055	  69.00	   2.57
    642	40013f	     16	    5.0	    5.0	    3.9	 0.0055	  69.05	   2.57
    643	40013f	     16	    5.0	    0.0	    3.9	 0.0055	 +68.94	   2.57
    644	40013f	     16	    6.0	    6.0	    3.9	 0.0055	  68.99	   2.57
    645	40013f	     16	    4.0	    4.0	    3.9	 0.0055	  69.04	   2.57
    646	40013f	     16	    7.0	    0.0	    3.9	 0.0055	 +68.93	   2.57
    647	40013f	     16	    5.0	    5.0	    3.9	 0.0055	  68.98	   2.57
    648	40013f	     16	    6.0	    6.0	    3.9	 0.0055	  69.03	   2.57
    649	40013f	     16	    3.0	    0.0	    3.9	 0.0055	 +68.92	   2.57
    650	40013f	     16	    5.0	    5.0	    3.9	 0.0055	  68.97	   2.57
    651	40013f	     16	    5.0	    5.0	    3.9	 0.0054	  69.02	   2.57
    652	40013f	     16	    7.0	    0.0	    3.9	 0.0054	 +68.91	   2.58
    653	40013f	     16	    5.0	    5.0	    3.9	 0.0054	  68.96	   2.57
    654	40013f	     16	    4.0	    4.0	    3.9	 0.0054	  69.01	   2.57
    655	40013f	     16	    4.0	    0.0	    3.9	 0.0054	 +68.90	   2.58
    656	40013f	     16	   14.0	   14.0	    3.9	 0.0056	  68.95	   2.57
    657	40013f	     16	    4.0	    6.0	    3.9	 0.0056	  69.00	   2.57
    658	40013f	     16	    6.0	    0.0	    3.9	 0.0056	 +68.89	   2.58
    659	40013f	     16	    3.0	    3.0	    3.9	 0.0055	  68.94	   2.57
    660	40013f	     16	    6.0	    6.0	    3.9	 0.0055	  68.99	   2.57
    661	40013f	     16	    7.0	    0.0	    3.9	 0.0055	 +68.88	   2.58
    662	40013f	     16	    4.0	    4.0	    3.9	 0.0055	  68.93	   2.57
    663	40013f	     16	    4.0	    4.0	    3.9	 0.0055	  68.98	   2.58
    664	40013f	     16	    6.0	    0.0	    3.9	 0.0055	 +68.87	   2.58
    665	40013f	     16	    3.0	    3.0	    3.9	 0.0055	  68.92	   2.58
    666	40013f	     16	    9.0	    9.0	    3.9	 0.0055	  68.97	   2.58
    667	40013f	     16	    3.0	    0.0	    3.9	 0.0055	 +68.86	   2.58
    668	40013f	     16	    6.0	    6.0	    3.9	 0.0055	  68.91	   2.58
    669	40013f	     16	    5.0	    5.0	    3.9	 0.0055	  68.96	   2.58
    670	40013f	     16	    5.0	    0.0	    3.9	 0.0055	 +68.85	   2.58
    671	40013f	     16	    6.0	    6.0	    3.9	 0.0055	  68.90	   2.58
    672	40013f	     16	    5.0	    5.0	    3.9	 0.0055	  68.95	   2.58
    673	40013f	     16	    3.0	    0.0	    3.9	 0.0054	 +68.84	   2.58
    674	40013f	     16	    6.0	    6.0	    3.9	 0.0054	  68.89	   2.58
    675	40013f	     16	    4.0	    4.0	    3.9	 0.0054	  68.93	   2.58
    676	40013f	     16	   10.0	    0.0	    3.9	 0.0054	 +68.83	   2.58
    677	40013f	     16	    4.0	    4.0	    3.9	 0.0054	  68.88	   2.58
    678	40013f	     16	    4.0	    4.0	    3.9	 0.0054	  68.92	   2.58
    679	40013f	     16	    6.0	    0.0	    3.9	 0.0054	 +68.82	   2.58
    680	40013f	     16	    5.0	    5.0	    3.9	 0.0054	  68.87	   2.58
    681	40013f	     16	    5.0	    5.0	    3.9	 0.0054	  68.91	   2.58
    682	40013f	     16	    5.0	    0.0	    3.9	 0.0054	 +68.81	   2.58
    683	40013f	     16	    3.0	    3.0	    3.9	 0.0054	  68.86	   2.58
    684	40013f	     16	    8.0	    8.0	    3.9	 0.0054	  68.91	   2.58
    685	40013f	     16	    4.0	    0.0	    3.9	 0.0054	 +68.80	   2.58
    686	40013f	     16	    4.0	    4.0	    3.9	 0.0054	  68.85	   2.58
    687	40013f	     16	    7.0	    7.0	    3.9	 0.0054	  68.90	   2.58
    688	40013f	     16	    5.0	    0.0	    3.9	 0.0053	 +68.80	   2.58
    689	40013f	     16	    5.0	    5.0	    3.9	 0.0053	  68.84	   2.58
    690	40013f	     16	    5.0	    5.0	    3.9	 0.0053	  68.89	   2.58
    691	40013f	     16	    3.0	    0.0	    3.9	 0.0053	 +68.79	   2.58
    692	40013f	     16	    8.0	    8.0	    3.9	 0.0053	  68.83	   2.58
    693	40013f	     16	    5.0	    5.0	    3.9	 0.0053	  68.88	   2.58
    694	40013f	     16	    5.0	    0.0	    3.9	 0.0053	 +68.78	   2.58
    695	40013f	     16	    4.0	    4.0	    3.9	 0.0053	  68.82	   2.58
    696	40013f	     16	    5.0	    5.0	    3.9	 0.0053	  68.87	   2.58
    697	40013f	     16	    8.0	    1.0	    3.9	 0.0053	  68.91	   2.58
    698	40013f	     16	    6.0	    1.0	    3.9	 0.0053	  68.96	   2.58
    699	40013f	     16	    4.0	    0.0	    3.9	 0.0053	 +68.86	   2.58
    700	40013f	     16	    6.0	    6.0	    3.9	 0.0053	  68.90	   2.58
    701	40013f	     16	    4.0	    4.0	    3.9	 0.0053	  68.95	   2.58
    702	40013f	     16	    7.0	    0.0	    3.9	 0.0053	 +68.85	   2.58
    703	40013f	     16	    4.0	    4.0	    3.9	 0.0053	  68.89	   2.58
    704	40013f	     16	    6.0	    6.0	    3.9	 0.0053	  68.94	   2.58
    705	40013f	     16	    3.0	    0.0	    3.9	 0.0053	 +68.84	   2.58
    706	40013f	     16	    5.0	    5.0	    3.9	 0.0053	  68.88	   2.58
    707	40013f	     16	    7.0	    7.0	    3.9	 0.0053	  68.93	   2.58
    708	40013f	     16	    6.0	    0.0	    3.9	 0.0053	 +68.83	   2.58
    709	40013f	     16	    4.0	    4.0	    3.9	 0.0052	  68.87	   2.58
    710	40013f	     16	    5.0	    5.0	    3.9	 0.0052	  68.92	   2.58
    711	40013f	     16	    5.0	    0.0	    3.9	 0.0052	 +68.82	   2.58
    712	40013f	     16	    7.0	    7.0	    3.9	 0.0052	  68.86	   2.58
    713	40013f	     16	    3.0	    3.0	    3.9	 0.0052	  68.91	   2.58
    714	40013f	     16	    5.0	    0.0	    3.9	 0.0052	 +68.81	   2.58
    715	40013f	     16	    4.0	    4.0	    3.9	 0.0052	  68.85	   2.58
    716	40013f	     16	    7.0	    7.0	    3.9	 0.0052	  68.90	   2.58
    717	40013f	     16	    8.0	    1.0	    3.9	 0.0052	  68.94	   2.58
    718	40013f	     16	    4.0	    1.0	    3.9	 0.0052	  68.98	   2.58
    719	40013f	     16	    4.0	    0.0	    3.9	 0.0052	 +68.89	   2.58
    720	40013f	     16	    6.0	    6.0	    3.9	 0.0052	  68.93	   2.58
    721	40013f	     16	    4.0	    4.0	    3.9	 0.0052	  68.98	   2.58
    722	40013f	     16	    7.0	    0.0	    3.9	 0.0052	 +68.88	   2.58
    723	40013f	     16	    3.0	    3.0	    3.9	 0.0052	  68.92	   2.58
    724	40013f	     16	    6.0	    6.0	    3.9	 0.0052	  68.97	   2.58
    725	40013f	     16	    6.0	    0.0	    3.9	 0.0052	 +68.87	   2.58
    726	40013f	     16	    4.0	    4.0	    3.9	 0.0052	  68.91	   2.58
    727	40013f	     16	    4.0	    4.0	    3.9	 0.0052	  68.96	   2.58
    728	40013f	     16	    8.0	    0.0	    3.9	 0.0052	 +68.86	   2.59
    729	40013f	     16	    3.0	    3.0	    3.9	 0.0052	  68.90	   2.58
    730	40013f	     16	    7.0	    7.0	    3.9	 0.0052	  68.95	   2.58
    731	40013f	     16	    3.0	    0.0	    3.9	 0.0052	 +68.85	   2.59
    732	40013f	     16	    6.0	    6.0	    3.9	 0.0051	  68.89	   2.58
    733	40013f	     16	    6.0	    6.0	    3.9	 0.0051	  68.94	   2.58
    734	40013f	     16	    5.0	    0.0	    3.9	 0.0051	 +68.84	   2.59
    735	40013f	     16	    5.0	    5.0	    3.9	 0.0051	  68.89	   2.58
    736	40013f	     16	    5.0	    5.0	    3.9	 0.0051	  68.93	   2.59
    737	40013f	     16	    3.0	    0.0	    3.9	 0.0051	 +68.83	   2.59
    738	40013f	     16	   11.0	   11.0	    3.9	 0.0051	  68.88	   2.58
    739	40013f	     16	    4.0	    4.0	    3.9	 0.0051	  68.92	   2.59
    740	40013f	     16	    7.0	    0.0	    3.9	 0.0051	 +68.83	   2.59
    741	40013f	     16	    4.0	    4.0	    3.9	 0.0051	  68.87	   2.58
    742	40013f	     16	    4.0	    4.0	    3.9	 0.0051	  68.91	   2.59
    743	40013f	     16	    7.0	    0.0	    3.9	 0.0051	 +68.82	   2.59
    744	40013f	     16	    5.0	    5.0	    3.9	 0.0051	  68.86	   2.59
    745	40013f	     16	    4.0	    4.0	    3.9	 0.0051	  68.90	   2.59
    746	40013f	     16	    5.0	    0.0	    3.9	 0.0051	 +68.81	   2.59
    747	40013f	     16	    3.0	    3.0	    3.8	 0.0051	  68.85	   2.59
    748	40013f	     16	   10.0	   10.0	    3.9	 0.0051	  68.89	   2.59
    749	40013f	     16	    4.0	    0.0	    3.9	 0.0051	 +68.80	   2.59
    750	40013f	     16	    4.0	    4.0	    3.9	 0.0051	  68.84	   2.59
    751	40013f	     16	    5.0	    5.0	    3.9	 0.0051	  68.88	   2.59
    752	40013f	     16	    5.0	    0.0	    3.8	 0.0050	 +68.79	   2.59
    753	40013f	     16	    6.0	    6.0	    3.9	 0.0050	  68.83	   2.59
    754	40013f	     16	    5.0	    5.0	    3.9	 0.0050	  68.87	   2.59
    755	40013f	     16	    3.0	    0.0	    3.8	 0.0050	 +68.78	   2.59
    756	400128	    269	  263.0	  263.0	    4.2	 0.2469	  68.82	   2.53
./asc:main.c:349: panic: pid `10897' SIGSEGV: stack smashed?
PANIC: run aborted: Success
