4007e8 0.006623 250 22801754177 1
4007ed 0.003311 250 22801754177 2
4007f2 0.000000 250 22801754177 3
4007f6 0.009934 250 22801754177 4
4007fa 0.033113 250 22801754177 5
4007fe 0.026490 250 22801754177 6
400800 0.033113 250 22801754177 7
400804 0.026490 250 22801754177 8
400806 0.046358 250 22801754177 9
40080a 0.016556 250 22801754177 10
40081c 0.036424 250 22801754177 11
400820 0.016556 250 22801754177 12
400824 0.009934 250 22801754177 13
400843 0.019868 250 22801754177 14
400848 0.013245 250 22801754177 15
