./asc:main.c:294: warning: auxv random bytes were not cleared
  Round	    PC	Excited	Hamming	   Loss	 Regret	    MSE	  Error	   MIPS
      0	400144	     45	42320.0	42320.0	42320.0	 0.1302	 100.00	  34.70
      1	4007f2	     45	 1225.0	43541.0	21770.5	 0.1248	 100.00	 225.96
      2	4007f2	     45	    8.0	43541.0	14513.7	 0.0832	 100.00	 364.54
      3	4007f2	     45	   10.0	43543.0	10885.8	 0.0670	 100.00	 470.39
      4	4007f2	     45	   10.0	43541.0	17416.8	 0.0537	 100.00	 555.62
      5	4007f2	     45	    6.0	43547.0	21771.8	 0.0489	 100.00	 627.05
      6	4007f2	     45	   12.0	43543.0	24882.0	 0.0486	 100.00	 682.59
      7	4007f2	     45	    8.0	43547.0	27215.1	 0.0480	 100.00	 735.90
      8	4007f2	     45	   10.0	43541.0	29029.1	 0.0427	 100.00	 779.05
      9	4007f2	     45	    6.0	43543.0	30480.5	 0.0384	 100.00	 817.45
     10	4007f2	     45	    8.0	43547.0	31668.4	 0.0392	 100.00	 849.99
     11	4007f2	     45	   12.0	43543.0	32657.9	 0.0360	 100.00	 879.55
     12	4007f2	     45	   12.0	43543.0	33495.2	 0.0368	 100.00	 905.96
     13	4007f2	     45	    8.0	43543.0	34212.9	 0.0342	 100.00	 929.89
     14	4007f2	     45	    8.0	43547.0	34835.2	 0.0332	 100.00	 951.27
     15	4007f2	     45	    6.0	43549.0	35379.8	 0.0311	 100.00	 971.10
     16	4007f2	     45	   12.0	43541.0	35859.9	 0.0306	 100.00	 988.51
     17	4007f2	     45	    8.0	43545.0	36286.8	 0.0291	 100.00	1005.19
     18	4007f2	     45	   10.0	43543.0	36668.7	 0.0284	 100.00	1019.96
     19	4007f2	     45	    6.0	43549.0	37012.8	 0.0270	 100.00	1034.03
     20	4007f2	     45	   10.0	43547.0	37323.9	 0.0257	 100.00	1046.03
     21	4007f2	     45	   16.0	43543.0	37606.6	 0.0280	 100.00	1058.25
     22	4007f2	     45	    8.0	43543.0	37864.7	 0.0268	 100.00	1068.88
     23	4007f2	     45	    6.0	43549.0	38101.5	 0.0259	 100.00	1079.51
     24	4007f2	     45	   10.0	43543.0	38319.2	 0.0262	 100.00	1088.80
     25	4007f2	     45	    6.0	43545.0	38520.2	 0.0252	 100.00	1098.06
     26	4007f2	     45	   14.0	43543.0	38706.2	 0.0246	 100.00	1106.23
     27	4007f2	     45	    6.0	43545.0	38879.0	 0.0238	 100.00	1114.26
     28	4007f2	     45	   10.0	43547.0	39040.0	 0.0246	 100.00	1121.76
     29	4007f2	     45	    8.0	43547.0	39190.2	 0.0238	 100.00	1129.02
     30	4007f2	     45	   10.0	43549.0	39330.8	 0.0243	 100.00	1135.51
     31	4007f2	     45	   12.0	43545.0	39462.5	 0.0244	 100.00	1141.85
     32	4007f2	     45	    8.0	43541.0	39586.1	 0.0242	 100.00	1147.20
     33	4007f2	     45	    6.0	43547.0	39702.6	 0.0235	 100.00	1152.73
     34	4007f2	     45	   10.0	43545.0	39812.4	 0.0229	 100.00	1157.83
     35	4007f2	     45	    8.0	43549.0	39916.2	 0.0223	 100.00	1163.03
     36	4007f2	     45	   14.0	43543.0	40014.2	 0.0217	 100.00	1167.83
     37	4007f2	     45	    6.0	43549.0	40107.2	 0.0212	 100.00	1172.70
     38	4007f2	     45	    8.0	43549.0	40195.5	 0.0206	 100.00	1176.89
     39	4007f2	     45	   10.0	43551.0	40279.4	 0.0206	 100.00	1181.43
     40	4007f2	     45	    8.0	43547.0	40359.1	 0.0201	 100.00	1185.31
     41	4007f2	     45	   16.0	43539.0	40434.8	 0.0211	 100.00	1189.48
     42	4007f2	     45	    8.0	43543.0	40507.1	 0.0206	 100.00	1193.24
     43	4007f2	     45	    6.0	43545.0	40576.1	 0.0202	 100.00	1197.08
     44	4007f2	     45	   14.0	43543.0	40642.0	 0.0197	 100.00	1200.22
     45	4007f2	     45	    6.0	43545.0	40705.2	 0.0193	 100.00	1204.86
     46	4007f2	     45	    8.0	43549.0	40765.7	 0.0189	 100.00	1208.00
     47	4007f2	     45	   10.0	43547.0	40823.6	 0.0200	 100.00	1211.26
     48	4007f2	     45	    8.0	43543.0	40879.1	 0.0197	 100.00	1214.25
     49	4007f2	     45	   10.0	43545.0	40932.4	 0.0201	 100.00	1217.28
     50	4007f2	     45	    8.0	43545.0	40983.6	 0.0197	 100.00	1219.81
     51	4007f2	     45	    6.0	43551.0	41033.0	 0.0193	 100.00	1222.64
     52	4007f2	     45	   16.0	43543.0	41080.4	 0.0200	 100.00	1225.24
     53	4007f2	     45	    8.0	43547.0	41126.1	 0.0196	 100.00	1227.59
     54	4007f2	     45	   10.0	43545.0	41170.0	 0.0192	 100.00	1229.73
     55	4007f2	     45	    6.0	43551.0	41212.6	 0.0189	 100.00	1231.97
     56	4007f2	     45	    8.0	43547.0	41253.5	 0.0194	 100.00	1233.78
     57	4007f2	     45	   10.0	43545.0	41293.0	 0.0202	 100.00	1235.93
     58	4007f2	     45	   10.0	43547.0	41331.2	 0.0199	 100.00	1237.76
     59	4007f2	     45	    8.0	43547.0	41368.2	 0.0195	 100.00	1239.79
     60	4007f2	     45	   10.0	43549.0	41403.9	 0.0192	 100.00	1241.48
     61	4007f2	     45	    6.0	43551.0	41438.5	 0.0189	 100.00	1243.37
     62	4007f2	     45	   18.0	43545.0	41472.0	 0.0205	 100.00	1244.91
     63	4007f2	     45	    6.0	43547.0	41504.4	 0.0202	 100.00	1246.71
     64	4007f2	     45	   10.0	43541.0	41535.7	 0.0217	 100.00	1248.43
     65	4007f2	     45	    6.0	43547.0	41566.2	 0.0214	 100.00	1250.03
     66	4007f2	     45	    8.0	43547.0	41595.8	 0.0211	 100.00	1251.47
     67	4007f2	     45	   12.0	43547.0	41624.5	 0.0212	 100.00	1253.06
     68	4007f2	     45	   10.0	43545.0	41652.3	 0.0213	 100.00	1254.32
     69	4007f2	     45	    6.0	43551.0	41679.4	 0.0211	 100.00	1255.87
     70	4007f2	     45	   10.0	43549.0	41705.7	 0.0208	 100.00	1257.23
     71	4007f2	     45	    8.0	43553.0	41731.4	 0.0206	 100.00	1258.71
     72	4007f2	     45	   14.0	43543.0	41756.2	 0.0209	 100.00	1259.97
     73	4007f2	     45	    6.0	43545.0	41780.4	 0.0206	 100.00	1261.36
     74	4007f2	     45	    8.0	43549.0	41804.0	 0.0203	 100.00	1262.52
     75	4007f2	     45	    8.0	43549.0	41826.9	 0.0201	 100.00	1263.86
     76	4007f2	     45	   12.0	43549.0	41849.3	 0.0198	 100.00	1265.06
     77	4007f2	     45	   10.0	43547.0	41871.1	 0.0198	 100.00	1266.42
     78	4007f2	     45	    8.0	43551.0	41892.3	 0.0197	 100.00	1267.39
     79	4007f2	     45	    6.0	43553.0	41913.1	 0.0199	 100.00	1268.74
     80	4007f2	     45	   10.0	43547.0	41933.3	 0.0199	 100.00	1269.52
     81	4007f2	     45	    8.0	43551.0	41953.0	 0.0197	 100.00	1270.66
     82	4007f2	     45	   20.0	43539.0	41972.1	 0.0213	 100.00	1271.70
     83	4007f2	     45	    6.0	43545.0	41990.8	 0.0211	 100.00	1272.78
     84	4007f2	     45	   10.0	43543.0	42009.1	 0.0215	 100.00	1273.75
     85	4007f2	     45	   10.0	43545.0	42026.9	 0.0212	 100.00	1274.62
     86	4007f2	     45	    8.0	43545.0	42044.4	 0.0210	 100.00	1275.63
     87	4007f2	     45	    6.0	43551.0	42061.5	 0.0214	 100.00	1276.69
     88	4007f2	     45	   12.0	43543.0	42078.2	 0.0214	 100.00	1277.64
     89	4007f2	     45	    6.0	43545.0	42094.5	 0.0211	 100.00	1278.68
     90	4007f2	     45	   12.0	43545.0	42110.4	 0.0211	 100.00	1279.54
     91	4007f2	     45	    6.0	43547.0	42126.0	 0.0209	 100.00	1280.35
     92	4007f2	     45	   10.0	43549.0	42141.3	 0.0217	 100.00	1281.22
     93	4007f2	     45	   12.0	43545.0	42156.2	 0.0219	 100.00	1282.13
     94	4007f2	     45	   10.0	43547.0	42170.9	 0.0216	 100.00	1282.95
     95	4007f2	     45	    8.0	43547.0	42185.2	 0.0215	 100.00	1284.25
     96	4007f2	     45	    8.0	43543.0	42199.2	 0.0221	 100.00	1285.11
     97	4007f2	     45	    6.0	43549.0	42213.0	 0.0219	 100.00	1285.79
     98	4007f2	     45	   12.0	43545.0	42226.4	 0.0218	 100.00	1286.56
     99	4007f2	     45	    8.0	43549.0	42239.7	 0.0216	 100.00	1287.23
    100	4007f2	     45	   12.0	43545.0	42252.6	 0.0219	 100.00	1287.96
    101	4007f2	     45	    6.0	43551.0	42265.3	 0.0217	 100.00	1288.57
    102	4007f2	     45	    8.0	43551.0	42277.8	 0.0215	 100.00	1289.36
    103	4007f2	     45	   16.0	43547.0	42290.0	 0.0219	 100.00	1289.89
    104	4007f2	     45	    8.0	43543.0	42301.9	 0.0217	 100.00	1290.61
    105	4007f2	     45	    8.0	43543.0	42313.7	 0.0215	 100.00	1291.20
    106	4007f2	     45	    8.0	43547.0	42325.2	 0.0213	 100.00	1291.91
    107	4007f2	     45	    6.0	43549.0	42336.5	 0.0211	 100.00	1292.48
    108	4007f2	     45	   16.0	43545.0	42347.6	 0.0210	 100.00	1293.16
    109	4007f2	     45	    6.0	43547.0	42358.5	 0.0208	 100.00	1293.84
    110	4007f2	     45	    8.0	43551.0	42369.2	 0.0206	 100.00	1294.47
    111	4007f2	     45	    8.0	43551.0	42379.8	 0.0205	 100.00	1295.14
    112	4007f2	     45	    8.0	43547.0	42390.1	 0.0207	 100.00	1295.80
    113	4007f2	     45	   14.0	43545.0	42400.3	 0.0205	 100.00	1296.20
    114	4007f2	     45	    8.0	43545.0	42410.2	 0.0204	 100.00	1296.78
    115	4007f2	     45	    6.0	43551.0	42420.0	 0.0202	 100.00	1297.22
    116	4007f2	     45	   12.0	43547.0	42429.7	 0.0204	 100.00	1297.83
    117	4007f2	     45	    8.0	43551.0	42439.2	 0.0202	 100.00	1298.41
    118	4007f2	     45	   12.0	43547.0	42448.5	 0.0201	 100.00	1298.95
    119	4007f2	     45	    6.0	43553.0	42457.7	 0.0199	 100.00	1299.40
    120	4007f2	     45	    8.0	43549.0	42466.7	 0.0200	 100.00	1299.97
    121	4007f2	     45	    8.0	43549.0	42475.6	 0.0199	 100.00	1300.51
    122	4007f2	     45	   10.0	43551.0	42484.3	 0.0197	 100.00	1301.03
    123	4007f2	     45	   16.0	43543.0	42492.9	 0.0202	 100.00	1301.44
    124	4007f2	     45	   10.0	43545.0	42501.3	 0.0204	 100.00	1301.96
    125	4007f2	     45	    6.0	43547.0	42509.6	 0.0202	 100.00	1302.44
    126	4007f2	     45	   12.0	43547.0	42517.7	 0.0201	 100.00	1303.02
    127	4007f2	     45	    6.0	43549.0	42525.8	 0.0199	 100.00	1303.48
    128	4007f2	     45	   12.0	43541.0	42533.7	 0.0214	 100.00	1304.03
    129	4007f2	     45	    6.0	43547.0	42541.5	 0.0212	 100.00	1304.53
    130	4007f2	     45	    8.0	43547.0	42549.1	 0.0211	 100.00	1305.09
    131	4007f2	     45	   10.0	43549.0	42556.7	 0.0210	 100.00	1305.64
    132	4007f2	     45	   10.0	43547.0	42564.2	 0.0208	 100.00	1306.20
    133	4007f2	     45	    6.0	43553.0	42571.5	 0.0217	 100.00	1306.61
    134	4007f2	     45	   14.0	43547.0	42578.8	 0.0219	 100.00	1307.16
    135	4007f2	     45	    8.0	43551.0	42585.9	 0.0219	 100.00	1307.68
    136	4007f2	     45	   10.0	43545.0	42592.9	 0.0220	 100.00	1308.19
    137	4007f2	     45	    6.0	43547.0	42599.8	 0.0220	 100.00	1308.63
    138	4007f2	     45	    8.0	43551.0	42606.7	 0.0221	 100.00	1309.14
    139	4007f2	     45	   10.0	43549.0	42613.4	 0.0223	 100.00	1309.52
    140	4007f2	     45	   12.0	43549.0	42620.0	 0.0222	 100.00	1310.01
    141	4007f2	     45	    8.0	43549.0	42626.6	 0.0221	 100.00	1310.44
    142	4007f2	     45	    8.0	43553.0	42633.1	 0.0219	 100.00	1310.91
    143	4007f2	     45	    6.0	43555.0	42639.5	 0.0218	 100.00	1311.38
    144	4007f2	     45	   16.0	43543.0	42645.7	 0.0226	 100.00	1311.74
    145	4007f2	     45	    8.0	43547.0	42651.9	 0.0224	 100.00	1312.45
    146	4007f2	     45	   10.0	43545.0	42657.9	 0.0222	 100.00	1312.90
    147	4007f2	     45	    6.0	43551.0	42664.0	 0.0221	 100.00	1313.33
    148	4007f2	     45	   10.0	43549.0	42669.9	 0.0220	 100.00	1313.74
    149	4007f2	     45	   12.0	43549.0	42675.8	 0.0220	 100.00	1314.11
    150	4007f2	     45	    8.0	43549.0	42681.6	 0.0221	 100.00	1314.53
    151	4007f2	     45	    6.0	43555.0	42687.3	 0.0224	 100.00	1314.86
    152	4007f2	     45	   10.0	43549.0	42692.9	 0.0226	 100.00	1315.28
    153	4007f2	     45	    6.0	43551.0	42698.5	 0.0226	 100.00	1315.68
    154	4007f2	     45	   16.0	43547.0	42704.0	 0.0230	 100.00	1316.11
    155	4007f2	     45	    6.0	43549.0	42709.4	 0.0228	 100.00	1316.42
    156	4007f2	     45	   10.0	43551.0	42714.8	 0.0230	 100.00	1316.87
    157	4007f2	     45	    8.0	43551.0	42720.1	 0.0229	 100.00	1317.15
    158	4007f2	     45	   10.0	43553.0	42725.3	 0.0228	 100.00	1317.55
    159	4007f2	     45	   10.0	43551.0	42730.5	 0.0229	 100.00	1317.83
    160	4007f2	     45	    8.0	43547.0	42735.5	 0.0240	 100.00	1318.21
    161	4007f2	     45	    6.0	43553.0	42740.6	 0.0239	 100.00	1318.57
    162	4007f2	     45	   10.0	43551.0	42745.5	 0.0238	 100.00	1318.91
    163	4007f2	     45	    8.0	43555.0	42750.5	 0.0237	 100.00	1319.18
    164	4007f2	     45	   24.0	43539.0	42755.3	 0.0250	 100.00	1319.55
    165	4007f2	     45	    6.0	43545.0	42760.0	 0.0248	 100.00	1319.86
    166	4007f2	     45	    8.0	43545.0	42764.7	 0.0247	 100.00	1320.23
    167	4007f2	     45	   10.0	43547.0	42769.4	 0.0246	 100.00	1320.51
    168	4007f2	     45	    8.0	43543.0	42774.0	 0.0247	 100.00	1320.88
    169	4007f2	     45	   10.0	43541.0	42778.5	 0.0246	 100.00	1321.13
    170	4007f2	     45	    8.0	43545.0	42782.9	 0.0244	 100.00	1321.47
    171	4007f2	     45	    6.0	43547.0	42787.4	 0.0243	 100.00	1321.76
    172	4007f2	     45	   14.0	43545.0	42791.8	 0.0244	 100.00	1322.12
    173	4007f2	     45	    6.0	43547.0	42796.1	 0.0242	 100.00	1322.42
    174	4007f2	     45	    8.0	43551.0	42800.4	 0.0245	 100.00	1322.76
    175	4007f2	     45	   12.0	43547.0	42804.7	 0.0246	 100.00	1322.98
    176	4007f2	     45	    8.0	43543.0	42808.8	 0.0247	 100.00	1323.30
    177	4007f2	     45	   10.0	43545.0	42813.0	 0.0245	 100.00	1323.55
    178	4007f2	     45	    8.0	43545.0	42817.1	 0.0244	 100.00	1323.86
    179	4007f2	     45	    6.0	43551.0	42821.1	 0.0243	 100.00	1324.14
    180	4007f2	     45	   14.0	43545.0	42825.1	 0.0244	 100.00	1324.45
    181	4007f2	     45	    8.0	43549.0	42829.1	 0.0243	 100.00	1324.67
    182	4007f2	     45	   10.0	43547.0	42833.0	 0.0245	 100.00	1324.97
    183	4007f2	     45	    6.0	43553.0	42837.0	 0.0244	 100.00	1325.24
    184	4007f2	     45	    8.0	43549.0	42840.8	 0.0244	 100.00	1325.54
    185	4007f2	     45	   14.0	43543.0	42844.6	 0.0246	 100.00	1325.81
    186	4007f2	     45	   10.0	43545.0	42848.3	 0.0244	 100.00	1326.09
    187	4007f2	     45	    8.0	43545.0	42852.0	 0.0243	 100.00	1326.28
    188	4007f2	     45	   10.0	43547.0	42855.7	 0.0243	 100.00	1326.55
    189	4007f2	     45	    6.0	43549.0	42859.4	 0.0244	 100.00	1326.81
    190	4007f2	     45	   14.0	43547.0	42863.0	 0.0244	 100.00	1327.07
    191	4007f2	     45	    6.0	43549.0	42866.5	 0.0243	 100.00	1327.31
    192	4007f2	     45	   10.0	43543.0	42870.0	 0.0245	 100.00	1327.57
    193	4007f2	     45	    6.0	43549.0	42873.5	 0.0244	 100.00	1327.73
    194	4007f2	     45	    8.0	43549.0	42877.0	 0.0245	 100.00	1327.97
    195	4007f2	     45	   14.0	43547.0	42880.4	 0.0245	 100.00	1328.16
    196	4007f2	     45	   10.0	43545.0	42883.8	 0.0244	 100.00	1328.41
    197	4007f2	     45	    6.0	43551.0	42887.2	 0.0247	 100.00	1328.63
    198	4007f2	     45	   10.0	43549.0	42890.5	 0.0246	 100.00	1328.90
    199	4007f2	     45	    8.0	43553.0	42893.8	 0.0246	 100.00	1329.04
    200	4007f2	     45	   12.0	43545.0	42897.0	 0.0247	 100.00	1329.30
    201	4007f2	     45	    6.0	43547.0	42900.3	 0.0245	 100.00	1329.54
    202	4007f2	     45	    8.0	43551.0	42903.5	 0.0245	 100.00	1329.79
    203	4007f2	     45	    8.0	43551.0	42906.6	 0.0244	 100.00	1330.02
    204	4007f2	     45	   12.0	43551.0	42909.8	 0.0243	 100.00	1330.25
    205	4007f2	     45	   16.0	43543.0	42912.8	 0.0249	 100.00	1330.40
    206	4007f2	     45	    8.0	43547.0	42915.9	 0.0248	 100.00	1330.66
    207	4007f2	     45	    6.0	43549.0	42919.0	 0.0247	 100.00	1330.91
    208	4007f2	     45	   10.0	43543.0	42921.9	 0.0246	 100.00	1331.15
    209	4007f2	     45	    8.0	43547.0	42924.9	 0.0245	 100.00	1331.40
    210	4007f2	     45	   12.0	43543.0	42927.8	 0.0245	 100.00	1331.66
    211	4007f2	     45	    6.0	43549.0	42930.8	 0.0244	 100.00	1331.84
    212	4007f2	     45	   10.0	43547.0	42933.7	 0.0243	 100.00	1332.10
    213	4007f2	     45	   10.0	43549.0	42936.5	 0.0242	 100.00	1332.33
    214	4007f2	     45	    8.0	43549.0	42939.4	 0.0241	 100.00	1332.60
    215	4007f2	     45	    6.0	43555.0	42942.2	 0.0242	 100.00	1332.80
    216	4007f2	     45	   14.0	43545.0	42945.0	 0.0243	 100.00	1333.04
    217	4007f2	     45	    6.0	43547.0	42947.8	 0.0242	 100.00	1333.19
    218	4007f2	     45	   12.0	43547.0	42950.5	 0.0241	 100.00	1333.41
    219	4007f2	     45	    6.0	43549.0	42953.2	 0.0240	 100.00	1333.62
    220	4007f2	     45	   10.0	43551.0	42955.9	 0.0241	 100.00	1333.85
    221	4007f2	     45	   10.0	43549.0	42958.6	 0.0241	 100.00	1334.05
    222	4007f2	     45	   10.0	43551.0	42961.3	 0.0240	 100.00	1334.27
    223	4007f2	     45	    8.0	43551.0	42963.9	 0.0239	 100.00	1334.43
    224	4007f2	     45	    8.0	43547.0	42966.5	 0.0239	 100.00	1334.65
    225	4007f2	     45	    6.0	43553.0	42969.1	 0.0238	 100.00	1334.77
    226	4007f2	     45	   16.0	43545.0	42971.6	 0.0239	 100.00	1334.99
    227	4007f2	     45	    8.0	43549.0	42974.2	 0.0238	 100.00	1335.21
    228	4007f2	     45	   12.0	43545.0	42976.7	 0.0237	 100.00	1335.44
    229	4007f2	     45	    6.0	43551.0	42979.2	 0.0236	 100.00	1335.52
    230	4007f2	     45	    8.0	43551.0	42981.6	 0.0235	 100.00	1335.64
    231	4007f2	     45	   12.0	43551.0	42984.1	 0.0234	 100.00	1335.78
    232	4007f2	     45	    8.0	43547.0	42986.5	 0.0233	 100.00	1335.93
    233	4007f2	     45	    8.0	43547.0	42988.9	 0.0233	 100.00	1336.08
    234	4007f2	     45	    8.0	43551.0	42991.3	 0.0232	 100.00	1336.22
    235	4007f2	     45	    6.0	43553.0	42993.7	 0.0231	 100.00	1336.30
    236	4007f2	     45	   18.0	43547.0	42996.0	 0.0233	 100.00	1336.44
    237	4007f2	     45	    6.0	43549.0	42998.3	 0.0232	 100.00	1336.58
    238	4007f2	     45	    8.0	43553.0	43000.6	 0.0233	 100.00	1336.80
    239	4007f2	     45	    8.0	43553.0	43002.9	 0.0232	 100.00	1336.88
    240	4007f2	     45	    8.0	43549.0	43005.2	 0.0232	 100.00	1337.03
    241	4007f2	     45	   12.0	43549.0	43007.5	 0.0232	 100.00	1337.07
    242	4007f2	     45	    8.0	43549.0	43009.7	 0.0231	 100.00	1337.17
    243	4007f2	     45	    6.0	43555.0	43011.9	 0.0230	 100.00	1337.33
    244	4007f2	     45	   12.0	43551.0	43014.1	 0.0231	 100.00	1337.38
    245	4007f2	     45	    8.0	43555.0	43016.3	 0.0230	 100.00	1337.55
    246	4007f2	     45	   20.0	43543.0	43018.5	 0.0239	 100.00	1337.58
    247	4007f2	     45	    6.0	43549.0	43020.6	 0.0238	 100.00	1337.71
    248	4007f2	     45	    8.0	43545.0	43022.7	 0.0237	 100.00	1337.83
    249	4007f2	     45	    8.0	43545.0	43024.8	 0.0237	 100.00	1337.93
    250	4007f2	     45	   10.0	43547.0	43026.9	 0.0236	 100.00	1338.01
    251	4007f2	     45	   10.0	43545.0	43028.9	 0.0236	 100.00	1338.17
    252	4007f2	     45	   10.0	43547.0	43031.0	 0.0235	 100.00	1338.22
    253	4007f2	     45	    6.0	43549.0	43033.0	 0.0234	 100.00	1338.35
    254	4007f2	     45	   12.0	43549.0	43035.0	 0.0234	 100.00	1338.47
    255	4007f2	     45	    6.0	43551.0	43037.1	 0.0233	 100.00	1338.58
    256	4007f2	     45	   14.0	43541.0	43039.0	 0.0237	 100.00	1338.62
    257	4007f2	     45	    6.0	43547.0	43041.0	 0.0236	 100.00	1338.75
    258	4007f2	     45	    8.0	43547.0	43042.9	 0.0235	 100.00	1338.75
    259	4007f2	     45	   10.0	43549.0	43044.9	 0.0235	 100.00	1338.88
    260	4007f2	     45	   10.0	43547.0	43046.8	 0.0238	 100.00	1338.95
    261	4007f2	     45	    6.0	43553.0	43048.7	 0.0242	 100.00	1339.07
    262	4007f2	     45	   12.0	43549.0	43050.6	 0.0242	 100.00	1339.12
    263	4007f2	     45	    8.0	43553.0	43052.5	 0.0241	 100.00	1339.24
    264	4007f2	     45	   10.0	43547.0	43054.4	 0.0242	 100.00	1339.27
    265	4007f2	     45	    6.0	43549.0	43056.3	 0.0241	 100.00	1339.40
    266	4007f2	     45	    8.0	43553.0	43058.1	 0.0240	 100.00	1339.49
    267	4007f2	     45	   14.0	43547.0	43060.0	 0.0243	 100.00	1339.61
    268	4007f2	     45	   12.0	43547.0	43061.8	 0.0242	 100.00	1339.66
    269	4007f2	     45	    8.0	43547.0	43063.6	 0.0242	 100.00	1339.78
    270	4007f2	     45	    8.0	43551.0	43065.4	 0.0241	 100.00	1339.80
    271	4007f2	     45	    6.0	43553.0	43067.2	 0.0241	 100.00	1339.92
    272	4007f2	     45	   12.0	43545.0	43068.9	 0.0241	 100.00	1339.99
    273	4007f2	     45	    8.0	43549.0	43070.7	 0.0241	 100.00	1340.09
    274	4007f2	     45	   10.0	43547.0	43072.4	 0.0240	 100.00	1340.18
    275	4007f2	     45	    6.0	43553.0	43074.1	 0.0239	 100.00	1340.30
    276	4007f2	     45	   10.0	43551.0	43075.8	 0.0238	 100.00	1340.32
    277	4007f2	     45	   14.0	43549.0	43077.6	 0.0238	 100.00	1340.43
    278	4007f2	     45	    8.0	43549.0	43079.2	 0.0238	 100.00	1340.51
    279	4007f2	     45	    6.0	43555.0	43080.9	 0.0237	 100.00	1340.63
    280	4007f2	     45	   10.0	43549.0	43082.6	 0.0236	 100.00	1340.73
    281	4007f2	     45	    6.0	43551.0	43084.3	 0.0236	 100.00	1340.84
    282	4007f2	     45	   14.0	43549.0	43085.9	 0.0236	 100.00	1340.87
    283	4007f2	     45	    6.0	43551.0	43087.5	 0.0236	 100.00	1341.00
    284	4007f2	     45	   10.0	43553.0	43089.2	 0.0235	 100.00	1341.07
    285	4007f2	     45	    8.0	43553.0	43090.8	 0.0234	 100.00	1341.18
    286	4007f2	     45	   10.0	43555.0	43092.4	 0.0234	 100.00	1341.26
    287	4007f2	     45	   16.0	43547.0	43094.0	 0.0237	 100.00	1341.38
    288	4007f2	     45	    8.0	43543.0	43095.6	 0.0239	 100.00	1341.40
    289	4007f2	     45	    6.0	43549.0	43097.1	 0.0238	 100.00	1341.51
    290	4007f2	     45	   10.0	43547.0	43098.7	 0.0237	 100.00	1341.57
    291	4007f2	     45	    8.0	43551.0	43100.2	 0.0236	 100.00	1341.68
    292	4007f2	     45	   14.0	43545.0	43101.7	 0.0237	 100.00	1341.74
    293	4007f2	     45	    6.0	43551.0	43103.3	 0.0236	 100.00	1341.84
    294	4007f2	     45	    8.0	43551.0	43104.8	 0.0235	 100.00	1341.86
    295	4007f2	     45	   10.0	43553.0	43106.3	 0.0234	 100.00	1341.96
    296	4007f2	     45	    8.0	43549.0	43107.8	 0.0234	 100.00	1342.00
    297	4007f2	     45	   12.0	43545.0	43109.2	 0.0236	 100.00	1342.10
    298	4007f2	     45	    8.0	43549.0	43110.7	 0.0236	 100.00	1342.15
    299	4007f2	     45	    6.0	43551.0	43112.2	 0.0235	 100.00	1342.25
    300	4007f2	     45	   14.0	43549.0	43113.6	 0.0235	 100.00	1342.26
    301	4007f2	     45	    6.0	43551.0	43115.1	 0.0234	 100.00	1342.37
    302	4007f2	     45	    8.0	43555.0	43116.5	 0.0235	 100.00	1342.42
    303	4007f2	     45	   10.0	43553.0	43118.0	 0.0234	 100.00	1342.52
    304	4007f2	     45	    8.0	43549.0	43119.4	 0.0235	 100.00	1342.56
    305	4007f2	     45	   10.0	43551.0	43120.8	 0.0235	 100.00	1342.66
    306	4007f2	     45	    8.0	43551.0	43122.2	 0.0234	 100.00	1342.69
    307	4007f2	     45	    6.0	43557.0	43123.6	 0.0233	 100.00	1342.79
    308	4007f2	     45	   18.0	43547.0	43125.0	 0.0234	 100.00	1342.84
    309	4007f2	     45	    8.0	43551.0	43126.4	 0.0234	 100.00	1342.95
    310	4007f2	     45	   10.0	43549.0	43127.7	 0.0235	 100.00	1343.01
    311	4007f2	     45	    6.0	43555.0	43129.1	 0.0237	 100.00	1343.12
    312	4007f2	     45	    8.0	43551.0	43130.4	 0.0238	 100.00	1343.13
    313	4007f2	     45	   10.0	43549.0	43131.8	 0.0240	 100.00	1343.23
    314	4007f2	     45	   10.0	43551.0	43133.1	 0.0239	 100.00	1343.29
    315	4007f2	     45	    8.0	43551.0	43134.4	 0.0239	 100.00	1343.44
    316	4007f2	     45	   10.0	43553.0	43135.7	 0.0239	 100.00	1343.46
    317	4007f2	     45	    6.0	43555.0	43137.1	 0.0239	 100.00	1343.58
    318	4007f2	     45	   16.0	43551.0	43138.4	 0.0241	 100.00	1343.56
    319	4007f2	     45	    6.0	43553.0	43139.6	 0.0241	 100.00	1343.64
    320	4007f2	     45	   10.0	43547.0	43140.9	 0.0245	 100.00	1343.71
    321	4007f2	     45	    6.0	43553.0	43142.2	 0.0244	 100.00	1343.79
    322	4007f2	     45	    8.0	43553.0	43143.5	 0.0244	 100.00	1343.86
    323	4007f2	     45	   12.0	43553.0	43144.7	 0.0244	 100.00	1343.91
    324	4007f2	     45	   10.0	43551.0	43146.0	 0.0243	 100.00	1343.97
    325	4007f2	     45	    6.0	43557.0	43147.2	 0.0243	 100.00	1344.05
    326	4007f2	     45	   10.0	43555.0	43148.5	 0.0242	 100.00	1344.13
    327	4007f2	     45	    8.0	43559.0	43149.7	 0.0242	 100.00	1344.21
    328	4007f2	     45	   24.0	43539.0	43150.9	 0.0247	 100.00	1344.27
    329	4007f2	     45	    6.0	43541.0	43152.1	 0.0246	 100.00	1344.31
    330	4007f2	     45	    8.0	43545.0	43153.3	 0.0245	 100.00	1344.38
    331	4007f2	     45	    8.0	43545.0	43154.5	 0.0245	 100.00	1344.46
    332	4007f2	     45	   12.0	43545.0	43155.6	 0.0246	 100.00	1344.55
    333	4007f2	     45	   10.0	43543.0	43156.8	 0.0246	 100.00	1344.61
    334	4007f2	     45	    8.0	43547.0	43158.0	 0.0245	 100.00	1344.68
    335	4007f2	     45	    6.0	43549.0	43159.1	 0.0245	 100.00	1344.77
    336	4007f2	     45	   10.0	43543.0	43160.3	 0.0244	 100.00	1344.85
    337	4007f2	     45	    8.0	43547.0	43161.4	 0.0244	 100.00	1344.90
    338	4007f2	     45	   14.0	43541.0	43162.5	 0.0246	 100.00	1344.98
    339	4007f2	     45	    6.0	43547.0	43163.7	 0.0245	 100.00	1345.02
    340	4007f2	     45	   10.0	43545.0	43164.8	 0.0244	 100.00	1345.10
    341	4007f2	     45	   10.0	43547.0	43165.9	 0.0244	 100.00	1345.11
    342	4007f2	     45	    8.0	43547.0	43167.0	 0.0243	 100.00	1345.18
    343	4007f2	     45	    6.0	43553.0	43168.1	 0.0242	 100.00	1345.22
    344	4007f2	     45	   12.0	43545.0	43169.2	 0.0242	 100.00	1345.29
    345	4007f2	     45	    6.0	43547.0	43170.3	 0.0241	 100.00	1345.33
    346	4007f2	     45	   12.0	43547.0	43171.4	 0.0240	 100.00	1345.40
    347	4007f2	     45	    6.0	43549.0	43172.5	 0.0240	 100.00	1345.45
    348	4007f2	     45	   10.0	43551.0	43173.6	 0.0242	 100.00	1345.53
    349	4007f2	     45	   14.0	43545.0	43174.6	 0.0245	 100.00	1345.60
    350	4007f2	     45	   10.0	43547.0	43175.7	 0.0245	 100.00	1345.68
    351	4007f2	     45	    8.0	43547.0	43176.8	 0.0244	 100.00	1345.76
    352	4007f2	     45	    8.0	43543.0	43177.8	 0.0245	 100.00	1345.84
    353	4007f2	     45	    6.0	43549.0	43178.8	 0.0245	 100.00	1345.86
    354	4007f2	     45	   12.0	43545.0	43179.9	 0.0244	 100.00	1345.93
    355	4007f2	     45	    8.0	43549.0	43180.9	 0.0243	 100.00	1345.98
    356	4007f2	     45	   12.0	43545.0	43181.9	 0.0244	 100.00	1346.10
    357	4007f2	     45	    6.0	43551.0	43183.0	 0.0243	 100.00	1346.18
    358	4007f2	     45	    8.0	43551.0	43184.0	 0.0242	 100.00	1346.33
    359	4007f2	     45	   14.0	43549.0	43185.0	 0.0243	 100.00	1346.36
    360	4007f2	     45	    8.0	43545.0	43186.0	 0.0243	 100.00	1346.46
    361	4007f2	     45	    8.0	43545.0	43187.0	 0.0242	 100.00	1346.54
    362	4007f2	     45	    8.0	43549.0	43188.0	 0.0241	 100.00	1346.65
    363	4007f2	     45	    6.0	43551.0	43189.0	 0.0241	 100.00	1346.73
    364	4007f2	     45	   16.0	43547.0	43190.0	 0.0242	 100.00	1346.84
    365	4007f2	     45	    6.0	43549.0	43190.9	 0.0241	 100.00	1346.90
    366	4007f2	     45	    8.0	43553.0	43191.9	 0.0241	 100.00	1347.00
    367	4007f2	     45	    8.0	43553.0	43192.9	 0.0240	 100.00	1347.10
    368	4007f2	     45	    8.0	43549.0	43193.9	 0.0241	 100.00	1347.21
    369	4007f2	     45	   18.0	43543.0	43194.8	 0.0244	 100.00	1347.28
    370	4007f2	     45	    8.0	43543.0	43195.8	 0.0244	 100.00	1347.38
    371	4007f2	     45	    6.0	43549.0	43196.7	 0.0243	 100.00	1347.42
    372	4007f2	     45	   12.0	43545.0	43197.6	 0.0243	 100.00	1347.52
    373	4007f2	     45	    8.0	43549.0	43198.6	 0.0242	 100.00	1347.61
    374	4007f2	     45	   12.0	43545.0	43199.5	 0.0241	 100.00	1347.70
    375	4007f2	     45	    6.0	43551.0	43200.4	 0.0241	 100.00	1347.80
    376	4007f2	     45	    8.0	43547.0	43201.4	 0.0241	 100.00	1347.89
    377	4007f2	     45	    8.0	43547.0	43202.3	 0.0241	 100.00	1347.94
    378	4007f2	     45	   10.0	43549.0	43203.2	 0.0240	 100.00	1348.03
    379	4007f2	     45	   12.0	43545.0	43204.1	 0.0240	 100.00	1348.11
    380	4007f2	     45	   10.0	43547.0	43205.0	 0.0240	 100.00	1348.20
    381	4007f2	     45	    6.0	43549.0	43205.9	 0.0239	 100.00	1348.30
    382	4007f2	     45	   12.0	43549.0	43206.8	 0.0239	 100.00	1348.40
    383	4007f2	     45	    6.0	43551.0	43207.7	 0.0238	 100.00	1348.42
    384	4007f2	     45	   12.0	43543.0	43208.6	 0.0240	 100.00	1348.51
    385	4007f2	     45	    6.0	43549.0	43209.4	 0.0239	 100.00	1348.61
    386	4007f2	     45	    8.0	43549.0	43210.3	 0.0239	 100.00	1348.69
    387	4007f2	     45	   10.0	43551.0	43211.2	 0.0239	 100.00	1348.77
    388	4007f2	     45	   10.0	43549.0	43212.1	 0.0238	 100.00	1348.86
    389	4007f2	     45	    6.0	43555.0	43212.9	 0.0238	 100.00	1348.92
    390	4007f2	     45	   16.0	43547.0	43213.8	 0.0239	 100.00	1349.02
    391	4007f2	     45	    8.0	43551.0	43214.7	 0.0239	 100.00	1349.11
    392	4007f2	     45	   10.0	43545.0	43215.5	 0.0239	 100.00	1349.17
    393	4007f2	     45	    6.0	43547.0	43216.3	 0.0238	 100.00	1349.22
    394	4007f2	     45	    8.0	43551.0	43217.2	 0.0239	 100.00	1349.29
    395	4007f2	     45	   10.0	43549.0	43218.0	 0.0239	 100.00	1349.32
    396	4007f2	     45	   12.0	43549.0	43218.9	 0.0239	 100.00	1349.37
    397	4007f2	     45	    8.0	43549.0	43219.7	 0.0239	 100.00	1349.42
    398	4007f2	     45	    8.0	43553.0	43220.5	 0.0241	 100.00	1349.48
    399	4007f2	     45	    6.0	43555.0	43221.4	 0.0241	 100.00	1349.52
    400	4007f2	     45	   14.0	43545.0	43222.2	 0.0242	 100.00	1349.59
    401	4007f2	     45	    8.0	43549.0	43223.0	 0.0241	 100.00	1349.60
    402	4007f2	     45	   10.0	43547.0	43223.8	 0.0241	 100.00	1349.66
    403	4007f2	     45	    6.0	43553.0	43224.6	 0.0240	 100.00	1349.72
    404	4007f2	     45	   10.0	43551.0	43225.4	 0.0240	 100.00	1349.80
    405	4007f2	     45	   12.0	43551.0	43226.2	 0.0240	 100.00	1349.88
    406	4007f2	     45	    8.0	43551.0	43227.0	 0.0239	 100.00	1349.98
    407	4007f2	     45	    6.0	43557.0	43227.8	 0.0239	 100.00	1350.02
    408	4007f2	     45	   10.0	43551.0	43228.6	 0.0238	 100.00	1350.11
    409	4007f2	     45	    6.0	43553.0	43229.4	 0.0238	 100.00	1350.15
    410	4007f2	     45	   22.0	43543.0	43230.2	 0.0241	 100.00	1350.25
    411	4007f2	     45	    6.0	43545.0	43230.9	 0.0240	 100.00	1350.33
    412	4007f2	     45	   10.0	43547.0	43231.7	 0.0240	 100.00	1350.41
    413	4007f2	     45	    8.0	43547.0	43232.4	 0.0239	 100.00	1350.46
    414	4007f2	     45	   10.0	43549.0	43233.2	 0.0239	 100.00	1350.54
    415	4007f2	     45	   10.0	43547.0	43234.0	 0.0238	 100.00	1350.59
    416	4007f2	     45	    8.0	43543.0	43234.7	 0.0239	 100.00	1350.67
    417	4007f2	     45	    6.0	43549.0	43235.5	 0.0238	 100.00	1350.74
    418	4007f2	     45	   10.0	43547.0	43236.2	 0.0238	 100.00	1350.82
    419	4007f2	     45	    8.0	43551.0	43236.9	 0.0238	 100.00	1350.86
    420	4007f2	     45	   16.0	43543.0	43237.7	 0.0239	 100.00	1350.94
    421	4007f2	     45	    6.0	43549.0	43238.4	 0.0239	 100.00	1351.01
    422	4007f2	     45	    8.0	43549.0	43239.1	 0.0238	 100.00	1351.09
    423	4007f2	     45	   10.0	43551.0	43239.9	 0.0238	 100.00	1351.17
    424	4007f2	     45	    8.0	43547.0	43240.6	 0.0238	 100.00	1351.25
    425	4007f2	     45	   10.0	43545.0	43241.3	 0.0237	 100.00	1351.28
    426	4007f2	     45	    8.0	43549.0	43242.0	 0.0237	 100.00	1351.36
    427	4007f2	     45	    6.0	43551.0	43242.8	 0.0236	 100.00	1351.44
    428	4007f2	     45	   14.0	43549.0	43243.5	 0.0236	 100.00	1351.48
    429	4007f2	     45	    6.0	43551.0	43244.2	 0.0236	 100.00	1351.56
    430	4007f2	     45	    8.0	43555.0	43244.9	 0.0237	 100.00	1351.63
    431	4007f2	     45	   14.0	43549.0	43245.6	 0.0240	 100.00	1351.66
    432	4007f2	     45	    8.0	43545.0	43246.3	 0.0240	 100.00	1351.73
    433	4007f2	     45	   10.0	43547.0	43247.0	 0.0240	 100.00	1351.79
    434	4007f2	     45	    8.0	43547.0	43247.7	 0.0240	 100.00	1351.88
    435	4007f2	     45	    6.0	43553.0	43248.4	 0.0239	 100.00	1351.95
    436	4007f2	     45	   14.0	43547.0	43249.1	 0.0240	 100.00	1352.03
    437	4007f2	     45	    8.0	43551.0	43249.8	 0.0240	 100.00	1352.07
    438	4007f2	     45	   10.0	43549.0	43250.4	 0.0240	 100.00	1352.17
    439	4007f2	     45	    6.0	43555.0	43251.1	 0.0240	 100.00	1352.24
    440	4007f2	     45	    8.0	43551.0	43251.8	 0.0240	 100.00	1352.33
    441	4007f2	     45	   12.0	43547.0	43252.5	 0.0240	 100.00	1352.42
    442	4007f2	     45	   10.0	43549.0	43253.2	 0.0240	 100.00	1352.49
    443	4007f2	     45	    8.0	43549.0	43253.8	 0.0240	 100.00	1352.52
    444	4007f2	     45	   10.0	43551.0	43254.5	 0.0240	 100.00	1352.59
    445	4007f2	     45	    6.0	43553.0	43255.2	 0.0240	 100.00	1352.66
    446	4007f2	     45	   14.0	43551.0	43255.8	 0.0239	 100.00	1352.73
    447	4007f2	     45	    6.0	43553.0	43256.5	 0.0239	 100.00	1352.79
    448	4007f2	     45	   10.0	43547.0	43257.1	 0.0241	 100.00	1352.86
    449	4007f2	     45	    6.0	43553.0	43257.8	 0.0240	 100.00	1352.89
    450	4007f2	     45	    8.0	43553.0	43258.4	 0.0240	 100.00	1352.97
    451	4007f2	     45	   18.0	43547.0	43259.1	 0.0241	 100.00	1353.01
    452	4007f2	     45	   10.0	43545.0	43259.7	 0.0242	 100.00	1353.08
    453	4007f2	     45	    6.0	43551.0	43260.4	 0.0242	 100.00	1353.14
    454	4007f2	     45	   10.0	43549.0	43261.0	 0.0242	 100.00	1353.21
    455	4007f2	     45	    8.0	43553.0	43261.6	 0.0241	 100.00	1353.24
    456	4007f2	     45	   12.0	43545.0	43262.2	 0.0241	 100.00	1353.30
    457	4007f2	     45	    6.0	43547.0	43262.9	 0.0241	 100.00	1353.36
    458	4007f2	     45	    8.0	43551.0	43263.5	 0.0240	 100.00	1353.41
    459	4007f2	     45	    8.0	43551.0	43264.1	 0.0241	 100.00	1353.46
    460	4007f2	     45	   12.0	43551.0	43264.7	 0.0240	 100.00	1353.51
    461	4007f2	     45	   12.0	43547.0	43265.4	 0.0242	 100.00	1353.51
    462	4007f2	     45	    8.0	43551.0	43266.0	 0.0241	 100.00	1353.56
    463	4007f2	     45	    6.0	43553.0	43266.6	 0.0241	 100.00	1353.58
    464	4007f2	     45	   10.0	43547.0	43267.2	 0.0240	 100.00	1353.63
    465	4007f2	     45	    8.0	43551.0	43267.8	 0.0240	 100.00	1353.65
    466	4007f2	     45	   12.0	43547.0	43268.4	 0.0240	 100.00	1353.70
    467	4007f2	     45	    6.0	43553.0	43269.0	 0.0240	 100.00	1353.70
    468	4007f2	     45	   10.0	43551.0	43269.6	 0.0239	 100.00	1353.75
    469	4007f2	     45	   10.0	43553.0	43270.2	 0.0239	 100.00	1353.77
    470	4007f2	     45	    8.0	43553.0	43270.8	 0.0239	 100.00	1353.81
    471	4007f2	     45	    6.0	43559.0	43271.4	 0.0241	 100.00	1353.85
    472	4007f2	     45	   16.0	43547.0	43272.0	 0.0243	 100.00	1353.87
    473	4007f2	     45	    6.0	43549.0	43272.6	 0.0243	 100.00	1353.87
    474	4007f2	     45	   12.0	43549.0	43273.2	 0.0243	 100.00	1353.90
    475	4007f2	     45	    6.0	43551.0	43273.8	 0.0242	 100.00	1353.92
    476	4007f2	     45	   10.0	43553.0	43274.3	 0.0246	 100.00	1353.97
    477	4007f2	     45	   10.0	43551.0	43274.9	 0.0246	 100.00	1354.01
    478	4007f2	     45	   10.0	43553.0	43275.5	 0.0246	 100.00	1354.04
    479	4007f2	     45	    8.0	43553.0	43276.1	 0.0246	 100.00	1354.04
    480	4007f2	     45	    8.0	43549.0	43276.6	 0.0248	 100.00	1354.07
    481	4007f2	     45	    6.0	43555.0	43277.2	 0.0248	 100.00	1354.08
    482	4007f2	     45	   14.0	43549.0	43277.8	 0.0248	 100.00	1354.11
    483	4007f2	     45	    8.0	43553.0	43278.4	 0.0248	 100.00	1354.14
    484	4007f2	     45	   12.0	43549.0	43278.9	 0.0248	 100.00	1354.16
    485	4007f2	     45	    6.0	43555.0	43279.5	 0.0249	 100.00	1354.16
    486	4007f2	     45	    8.0	43555.0	43280.0	 0.0248	 100.00	1354.32
    487	4007f2	     45	   12.0	43555.0	43280.6	 0.0250	 100.00	1354.35
    488	4007f2	     45	    8.0	43551.0	43281.2	 0.0250	 100.00	1354.37
    489	4007f2	     45	    8.0	43551.0	43281.7	 0.0250	 100.00	1354.39
    490	4007f2	     45	    8.0	43555.0	43282.3	 0.0250	 100.00	1354.43
    491	4007f2	     45	    6.0	43557.0	43282.8	 0.0249	 100.00	1354.43
    492	4007f2	     45	   26.0	43543.0	43283.4	 0.0255	 100.00	1354.47
    493	4007f2	     45	    6.0	43545.0	43283.9	 0.0255	 100.00	1354.48
    494	4007f2	     45	    8.0	43549.0	43284.4	 0.0255	 100.00	1354.50
    495	4007f2	     45	    8.0	43549.0	43285.0	 0.0255	 100.00	1354.54
    496	4007f2	     45	    8.0	43545.0	43285.5	 0.0255	 100.00	1354.53
    497	4007f2	     45	   12.0	 1296.0	43201.2	 0.0256	 100.00	1354.62
    498	4007f2	     45	    8.0	    3.0	43114.6	 0.0255	 100.00	1353.82
    499	4007f2	     45	    6.0	    9.0	43028.4	 0.0255	 100.00	1353.88
    500	4007f2	     45	   12.0	   12.0	42942.5	 0.0254	 100.00	1353.98
    501	4007f2	     45	    8.0	    8.0	42857.0	 0.0254	 100.00	1354.01
    502	4007f2	     45	   14.0	   14.0	42771.8	 0.0254	 100.00	1354.07
    503	4007f2	     45	    6.0	   12.0	42687.0	 0.0255	 100.00	1354.12
    504	4007f2	     45	    8.0	   11.0	42602.5	 0.0254	 100.00	1354.26
    505	4007f2	     45	    8.0	   11.0	42518.3	 0.0254	 100.00	1354.31
    506	4007f2	     45	   10.0	    9.0	42434.5	 0.0254	 100.00	1354.33
    507	4007f2	     45	   10.0	    1.0	42350.9	 0.0253	 100.00	1353.28
    508	4007f2	     45	   10.0	   11.0	42267.7	 0.0253	 100.00	1353.00
    509	4007f2	     45	    6.0	    7.0	42184.9	 0.0252	 100.00	1352.90
    510	4007f2	     45	   12.0	    0.0	42102.3	 0.0252	 +99.80	1353.93
    511	4007f2	     45	    6.0	    6.0	42020.1	 0.0252	  99.80	1353.28
    512	4007f2	     45	   16.0	   16.0	41938.2	 0.0256	  99.81	1353.17
    513	4007f2	     45	    6.0	   18.0	41856.7	 0.0256	  99.81	1352.95
    514	4007f2	     45	    8.0	   10.0	41775.4	 0.0255	  99.81	1352.78
    515	4007f2	     45	   10.0	    4.0	41694.5	 0.0256	  99.81	1351.75
    516	4007f2	     45	   10.0	   10.0	41613.8	 0.0257	  99.81	1351.54
    517	4007f2	     45	    6.0	    5.0	41533.5	 0.0258	  99.81	1351.41
    518	4007f2	     45	   12.0	    5.0	41453.5	 0.0258	  99.81	1350.41
    519	4007f2	     45	    8.0	   11.0	41373.8	 0.0258	  99.81	1350.15
    520	4007f2	     45	   10.0	   16.0	41294.4	 0.0258	  99.81	1350.05
    521	4007f2	     45	    6.0	    0.0	41215.3	 0.0257	 +99.62	1351.11
    522	4007f2	     45	    8.0	    8.0	41136.5	 0.0258	  99.62	1350.41
    523	4007f2	     45	   12.0	    9.0	41058.0	 0.0258	  99.62	1350.30
    524	4007f2	     45	   12.0	    9.0	40979.8	 0.0259	  99.62	1350.02
    525	4007f2	     45	    8.0	   11.0	40901.9	 0.0259	  99.62	1349.92
    526	4007f2	     45	    8.0	    2.0	40824.3	 0.0259	  99.62	1348.93
    527	4007f2	     45	    6.0	    6.0	40747.0	 0.0258	  99.62	1348.73
    528	4007f2	     45	   12.0	   10.0	40670.0	 0.0259	  99.62	1348.60
    529	4007f2	     45	    8.0	    7.0	40593.3	 0.0259	  99.62	1347.56
    530	4007f2	     45	   10.0	   11.0	40516.9	 0.0260	  99.62	1347.36
    531	4007f2	     45	    6.0	    8.0	40440.7	 0.0259	  99.62	1347.19
    532	4007f2	     45	   10.0	    2.0	40364.9	 0.0260	  99.62	1346.26
    533	4007f2	     45	   18.0	   16.0	40289.3	 0.0262	  99.63	1346.03
    534	4007f2	     45	    8.0	   18.0	40214.0	 0.0262	  99.63	1345.88
    535	4007f2	     45	    6.0	    4.0	40139.0	 0.0262	  99.63	1344.91
    536	4007f2	     45	   10.0	    6.0	40064.3	 0.0262	  99.63	1344.68
    537	4007f2	     45	    6.0	    7.0	39989.8	 0.0262	  99.63	1344.59
    538	4007f2	     45	   14.0	    8.0	39915.6	 0.0262	  99.63	1343.59
    539	4007f2	     45	    6.0	   10.0	39841.7	 0.0262	  99.63	1343.41
    540	4007f2	     45	   10.0	   12.0	39768.1	 0.0262	  99.63	1343.33
    541	4007f2	     45	    8.0	    6.0	39694.8	 0.0262	  99.63	1342.55
    542	4007f2	     45	   10.0	   10.0	39621.7	 0.0261	  99.63	1342.42
    543	4007f2	     45	   12.0	   12.0	39548.9	 0.0262	  99.63	1342.31
    544	4007f2	     45	    8.0	    5.0	39476.3	 0.0262	  99.63	1341.43
    545	4007f2	     45	    6.0	    9.0	39404.0	 0.0261	  99.63	1341.27
    546	4007f2	     45	   10.0	    8.0	39332.0	 0.0261	  99.63	1341.16
    547	4007f2	     45	    8.0	    0.0	39260.2	 0.0260	 +99.45	1342.43
    548	4007f2	     45	   14.0	   14.0	39188.7	 0.0261	  99.45	1341.80
    549	4007f2	     45	    6.0	    8.0	39117.5	 0.0260	  99.45	1341.74
    550	4007f2	     45	    8.0	    8.0	39046.5	 0.0260	  99.46	1341.52
    551	4007f2	     45	   10.0	   10.0	38975.8	 0.0261	  99.46	1341.45
    552	4007f2	     45	    8.0	    6.0	38905.3	 0.0261	  99.46	1341.28
    553	4007f2	     45	   14.0	    6.0	38835.1	 0.0263	  99.46	1340.28
    554	4007f2	     45	    8.0	    8.0	38765.2	 0.0262	  99.46	1339.43
    555	4007f2	     45	    6.0	    0.0	38695.4	 0.0262	 +99.28	1340.40
    556	4007f2	     45	   14.0	   14.0	38626.0	 0.0261	  99.28	1339.79
    557	4007f2	     45	    6.0	    7.0	38556.8	 0.0261	  99.28	1339.70
    558	4007f2	     45	    8.0	    7.0	38487.8	 0.0261	  99.28	1339.55
    559	4007f2	     45	   10.0	    8.0	38419.1	 0.0262	  99.29	1339.45
    560	4007f2	     45	    8.0	    3.0	38350.6	 0.0262	  99.29	1338.72
    561	4007f2	     45	   10.0	   13.0	38282.4	 0.0262	  99.29	1338.28
    562	4007f2	     45	    8.0	    8.0	38214.4	 0.0261	  99.29	1337.79
    563	4007f2	     45	    6.0	    1.0	38146.7	 0.0261	  99.29	1337.43
    564	4007f2	     45	   16.0	   15.0	38079.2	 0.0262	  99.29	1337.03
    565	4007f2	     45	    8.0	    8.0	38011.9	 0.0262	  99.29	1336.62
    566	4007f2	     45	   10.0	    4.0	37944.9	 0.0262	  99.29	1336.12
    567	4007f2	     45	    6.0	    4.0	37878.1	 0.0261	  99.30	1336.19
    568	4007f2	     45	    8.0	    8.0	37811.5	 0.0261	  99.30	1336.35
    569	4007f2	     45	   10.0	   10.0	37745.2	 0.0261	  99.30	1336.37
    570	4007f2	     45	   10.0	   11.0	37679.1	 0.0260	  99.30	1336.53
    571	4007f2	     45	    8.0	    7.0	37613.3	 0.0260	  99.30	1336.54
    572	4007f2	     45	   10.0	   11.0	37547.6	 0.0260	  99.30	1336.69
    573	4007f2	     45	    6.0	    9.0	37482.2	 0.0259	  99.30	1336.72
    574	4007f2	     45	   22.0	   22.0	37417.1	 0.0263	  99.30	1336.87
    575	4007f2	     45	    6.0	   16.0	37352.2	 0.0262	  99.31	1336.91
    576	4007f2	     45	   10.0	   18.0	37287.5	 0.0263	  99.31	1337.05
    577	4007f2	     45	    6.0	   20.0	37223.0	 0.0262	  99.31	1337.04
    578	4007f2	     45	    8.0	    9.0	37158.7	 0.0262	  99.31	1337.21
    579	4007f2	     45	   12.0	    7.0	37094.7	 0.0262	  99.31	1337.25
    580	4007f2	     45	   10.0	   12.0	37030.8	 0.0262	  99.31	1337.42
    581	4007f2	     45	    6.0	    6.0	36967.2	 0.0262	  99.31	1337.46
    582	4007f2	     45	   10.0	   10.0	36903.8	 0.0262	  99.31	1337.63
    583	4007f2	     45	    8.0	    8.0	36840.6	 0.0262	  99.32	1337.65
    584	4007f2	     45	   14.0	   13.0	36777.7	 0.0262	  99.32	1337.80
    585	4007f2	     45	    6.0	   11.0	36715.0	 0.0262	  99.32	1337.82
    586	4007f2	     45	    8.0	   10.0	36652.4	 0.0261	  99.32	1337.97
    587	4007f2	     45	    8.0	   10.0	36590.1	 0.0261	  99.32	1338.00
    588	4007f2	     45	   12.0	   12.0	36528.0	 0.0261	  99.32	1338.17
    589	4007f2	     45	   10.0	   10.0	36466.1	 0.0261	  99.32	1338.17
    590	4007f2	     45	    8.0	    7.0	36404.4	 0.0260	  99.32	1338.34
    591	4007f2	     45	    6.0	    5.0	36342.9	 0.0260	  99.32	1338.42
    592	4007f2	     45	   10.0	   11.0	36281.7	 0.0260	  99.33	1338.58
    593	4007f2	     45	    8.0	    9.0	36220.6	 0.0259	  99.33	1338.63
    594	4007f2	     45	   16.0	   16.0	36159.7	 0.0260	  99.33	1338.81
    595	4007f2	     45	    6.0	   14.0	36099.1	 0.0259	  99.33	1338.86
    596	4007f2	     45	   10.0	   14.0	36038.7	 0.0259	  99.33	1339.01
    597	4007f2	     45	   10.0	   12.0	35978.4	 0.0259	  99.33	1339.05
    598	4007f2	     45	    8.0	    7.0	35918.4	 0.0258	  99.33	1339.19
    599	4007f2	     45	    6.0	    7.0	35858.5	 0.0258	  99.33	1339.20
    600	4007f2	     45	   12.0	   12.0	35798.9	 0.0259	  99.33	1339.35
    601	4007f2	     45	    6.0	   10.0	35739.4	 0.0259	  99.34	1339.37
    602	4007f2	     45	   12.0	   11.0	35680.2	 0.0259	  99.34	1339.52
    603	4007f2	     45	    6.0	    7.0	35621.1	 0.0258	  99.34	1339.59
    604	4007f2	     45	   10.0	   10.0	35562.2	 0.0258	  99.34	1339.73
    605	4007f2	     45	   12.0	   14.0	35503.6	 0.0258	  99.34	1339.78
    606	4007f2	     45	   10.0	   13.0	35445.1	 0.0258	  99.34	1339.90
    607	4007f2	     45	    8.0	    9.0	35386.8	 0.0257	  99.34	1339.96
    608	4007f2	     45	    8.0	    8.0	35328.7	 0.0258	  99.34	1340.09
    609	4007f2	     45	    6.0	   10.0	35270.8	 0.0257	  99.34	1340.14
    610	4007f2	     45	   12.0	    8.0	35213.1	 0.0257	  99.35	1340.26
    611	4007f2	     45	    8.0	   10.0	35155.6	 0.0257	  99.35	1340.31
    612	4007f2	     45	   12.0	   14.0	35098.3	 0.0257	  99.35	1340.43
    613	4007f2	     45	    6.0	   12.0	35041.1	 0.0256	  99.35	1340.48
    614	4007f2	     45	    8.0	    8.0	34984.2	 0.0256	  99.35	1340.59
    615	4007f2	     45	   18.0	   14.0	34927.4	 0.0258	  99.35	1340.65
    616	4007f2	     45	    8.0	   15.0	34870.8	 0.0258	  99.35	1340.79
    617	4007f2	     45	    8.0	   15.0	34814.4	 0.0258	  99.35	1340.85
    618	4007f2	     45	    8.0	    9.0	34758.2	 0.0258	  99.35	1341.01
    619	4007f2	     45	    6.0	    7.0	34702.1	 0.0257	  99.35	1341.07
    620	4007f2	     45	   16.0	   16.0	34646.3	 0.0258	  99.36	1341.20
    621	4007f2	     45	    6.0	   10.0	34590.6	 0.0257	  99.36	1341.25
    622	4007f2	     45	    8.0	    8.0	34535.1	 0.0258	  99.36	1341.39
    623	4007f2	     45	    8.0	    8.0	34479.7	 0.0257	  99.36	1341.44
    624	4007f2	     45	    8.0	    7.0	34424.6	 0.0257	  99.36	1341.57
    625	4007f2	     45	   14.0	   15.0	34369.6	 0.0257	  99.36	1341.62
    626	4007f2	     45	    8.0	   12.0	34314.8	 0.0257	  99.36	1341.73
    627	4007f2	     45	    6.0	   10.0	34260.2	 0.0257	  99.36	1341.79
    628	4007f2	     45	   12.0	   11.0	34205.8	 0.0256	  99.36	1341.94
    629	4007f2	     45	    8.0	    7.0	34151.5	 0.0257	  99.37	1342.00
    630	4007f2	     45	   12.0	   11.0	34097.4	 0.0257	  99.37	1342.15
    631	4007f2	     45	    6.0	    7.0	34043.4	 0.0257	  99.37	1342.20
    632	4007f2	     45	    8.0	    9.0	33989.7	 0.0256	  99.37	1342.30
    633	4007f2	     45	    8.0	    7.0	33936.1	 0.0256	  99.37	1342.32
    634	4007f2	     45	   10.0	   12.0	33882.6	 0.0256	  99.37	1342.43
    635	4007f2	     45	   14.0	   10.0	33829.4	 0.0257	  99.37	1342.47
    636	4007f2	     45	   10.0	   14.0	33776.3	 0.0257	  99.37	1342.59
    637	4007f2	     45	    6.0	   12.0	33723.4	 0.0256	  99.37	1342.63
    638	4007f2	     45	   12.0	   10.0	33670.6	 0.0256	  99.37	1342.73
    639	4007f2	     45	    6.0	    4.0	33618.0	 0.0255	  99.38	1342.77
    640	4007f2	     45	   12.0	   12.0	33565.6	 0.0258	  99.38	1342.89
    641	4007f2	     45	    6.0	   14.0	33513.3	 0.0257	  99.38	1342.93
    642	4007f2	     45	    8.0	    7.0	33461.2	 0.0257	  99.38	1343.04
    643	4007f2	     45	   10.0	    3.0	33409.2	 0.0258	  99.38	1343.09
    644	4007f2	     45	   10.0	   14.0	33357.5	 0.0258	  99.38	1343.18
    645	4007f2	     45	    6.0	   12.0	33305.9	 0.0258	  99.38	1343.21
    646	4007f2	     45	   14.0	    9.0	33254.4	 0.0259	  99.38	1343.31
    647	4007f2	     45	    8.0	    9.0	33203.1	 0.0259	  99.38	1343.33
    648	4007f2	     45	   10.0	   15.0	33152.0	 0.0258	  99.38	1343.44
    649	4007f2	     45	    6.0	   13.0	33101.0	 0.0258	  99.38	1343.47
    650	4007f2	     45	    8.0	    7.0	33050.1	 0.0258	  99.39	1343.55
    651	4007f2	     45	   10.0	    9.0	32999.5	 0.0258	  99.39	1343.58
    652	4007f2	     45	   12.0	   14.0	32948.9	 0.0257	  99.39	1343.68
    653	4007f2	     45	    8.0	   10.0	32898.6	 0.0257	  99.39	1343.71
    654	4007f2	     45	    8.0	    8.0	32848.4	 0.0257	  99.39	1343.82
    655	4007f2	     45	    6.0	    6.0	32798.3	 0.0256	  99.39	1343.85
    656	4007f2	     45	   26.0	   24.0	32748.4	 0.0261	  99.39	1343.94
    657	4007f2	     45	    8.0	   24.0	32698.7	 0.0261	  99.39	1343.98
    658	4007f2	     45	   10.0	   23.0	32649.1	 0.0261	  99.39	1344.10
    659	4007f2	     45	    6.0	   23.0	32599.7	 0.0260	  99.39	1344.13
    660	4007f2	     45	   10.0	   10.0	32550.4	 0.0261	  99.39	1344.24
    661	4007f2	     45	   12.0	   10.0	32501.2	 0.0260	  99.40	1344.28
    662	4007f2	     45	    8.0	   14.0	32452.2	 0.0260	  99.40	1344.39
    663	4007f2	     45	    6.0	   12.0	32403.3	 0.0260	  99.40	1344.45
    664	4007f2	     45	   10.0	    8.0	32354.6	 0.0261	  99.40	1344.58
    665	4007f2	     45	    6.0	    8.0	32306.1	 0.0261	  99.40	1344.63
    666	4007f2	     45	   16.0	   12.0	32257.6	 0.0261	  99.40	1344.75
    667	4007f2	     45	    6.0	   10.0	32209.4	 0.0261	  99.40	1344.80
    668	4007f2	     45	   10.0	   11.0	32161.2	 0.0260	  99.40	1344.88
    669	4007f2	     45	    8.0	   11.0	32113.3	 0.0261	  99.40	1344.92
    670	4007f2	     45	   10.0	   13.0	32065.4	 0.0261	  99.40	1345.02
    671	4007f2	     45	   10.0	    7.0	32017.7	 0.0261	  99.40	1345.06
    672	4007f2	     45	    8.0	   12.0	31970.2	 0.0262	  99.41	1345.15
    673	4007f2	     45	    6.0	   10.0	31922.7	 0.0262	  99.41	1345.19
    674	4007f2	     45	   10.0	   11.0	31875.5	 0.0262	  99.41	1345.26
    675	4007f2	     45	    8.0	    5.0	31828.3	 0.0261	  99.41	1345.31
    676	4007f2	     45	   18.0	   17.0	31781.3	 0.0262	  99.41	1345.43
    677	4007f2	     45	    6.0	   15.0	31734.5	 0.0261	  99.41	1345.47
    678	4007f2	     45	    8.0	   10.0	31687.8	 0.0261	  99.41	1345.59
    679	4007f2	     45	   10.0	    8.0	31641.2	 0.0261	  99.41	1345.65
    680	4007f2	     45	    8.0	    8.0	31594.7	 0.0260	  99.41	1345.75
    681	4007f2	     45	   10.0	   10.0	31548.4	 0.0260	  99.41	1345.80
    682	4007f2	     45	    8.0	    8.0	31502.2	 0.0259	  99.41	1345.93
    683	4007f2	     45	    6.0	    6.0	31456.2	 0.0259	  99.42	1345.97
    684	4007f2	     45	   14.0	   14.0	31410.3	 0.0259	  99.42	1346.06
    685	4007f2	     45	    6.0	    8.0	31364.5	 0.0258	  99.42	1346.10
    686	4007f2	     45	    8.0	    8.0	31318.9	 0.0259	  99.42	1346.18
    687	4007f2	     45	   12.0	   12.0	31273.4	 0.0259	  99.42	1346.22
    688	4007f2	     45	    8.0	   11.0	31228.0	 0.0259	  99.42	1346.36
    689	4007f2	     45	   10.0	   11.0	31182.7	 0.0258	  99.42	1346.39
    690	4007f2	     45	    8.0	    8.0	31137.6	 0.0258	  99.42	1346.51
    691	4007f2	     45	    6.0	    6.0	31092.6	 0.0257	  99.42	1346.54
    692	4007f2	     45	   14.0	   14.0	31047.8	 0.0258	  99.42	1346.66
    693	4007f2	     45	    8.0	   10.0	31003.1	 0.0257	  99.42	1346.68
    694	4007f2	     45	   10.0	   11.0	30958.5	 0.0257	  99.42	1346.78
    695	4007f2	     45	    6.0	    9.0	30914.0	 0.0256	  99.43	1346.80
    696	4007f2	     45	    8.0	    8.0	30869.7	 0.0256	  99.43	1346.90
    697	4007f2	     45	   16.0	   16.0	30825.5	 0.0258	  99.43	1346.92
    698	4007f2	     45	   10.0	   15.0	30781.4	 0.0257	  99.43	1346.99
    699	4007f2	     45	    8.0	   13.0	30737.4	 0.0257	  99.43	1347.01
    700	4007f2	     45	   10.0	   11.0	30693.6	 0.0257	  99.43	1347.16
    701	4007f2	     45	    6.0	    9.0	30649.9	 0.0257	  99.43	1347.16
    702	4007f2	     45	   14.0	   10.0	30606.3	 0.0256	  99.43	1347.29
    703	4007f2	     45	    6.0	    6.0	30562.8	 0.0256	  99.43	1347.30
    704	4007f2	     45	   10.0	   11.0	30519.5	 0.0257	  99.43	1347.42
    705	4007f2	     45	    6.0	   13.0	30476.3	 0.0256	  99.43	1347.43
    706	4007f2	     45	    8.0	    9.0	30433.2	 0.0256	  99.43	1347.53
    707	4007f2	     45	   14.0	    9.0	30390.2	 0.0256	  99.44	1347.54
    708	4007f2	     45	   10.0	   14.0	30347.4	 0.0256	  99.44	1347.65
    709	4007f2	     45	    6.0	   12.0	30304.6	 0.0256	  99.44	1347.66
    710	4007f2	     45	   10.0	   10.0	30262.0	 0.0256	  99.44	1347.77
    711	4007f2	     45	    8.0	    6.0	30219.5	 0.0256	  99.44	1347.75
    712	4007f2	     45	   12.0	   11.0	30177.2	 0.0257	  99.44	1347.87
    713	4007f2	     45	    6.0	    7.0	30134.9	 0.0257	  99.44	1347.89
    714	4007f2	     45	    8.0	   13.0	30092.8	 0.0256	  99.44	1348.01
    715	4007f2	     45	    8.0	    7.0	30050.8	 0.0256	  99.44	1348.03
    716	4007f2	     45	   12.0	   14.0	30008.9	 0.0256	  99.44	1348.14
    717	4007f2	     45	   14.0	   12.0	29967.1	 0.0257	  99.44	1348.14
    718	4007f2	     45	    8.0	   13.0	29925.4	 0.0257	  99.44	1348.25
    719	4007f2	     45	    6.0	   11.0	29883.9	 0.0256	  99.44	1348.27
    720	4007f2	     45	   10.0	    9.0	29842.5	 0.0256	  99.45	1348.38
    721	4007f2	     45	    8.0	    9.0	29801.1	 0.0256	  99.45	1348.39
    722	4007f2	     45	   12.0	   11.0	29759.9	 0.0256	  99.45	1348.51
    723	4007f2	     45	    6.0	    9.0	29718.8	 0.0255	  99.45	1348.51
    724	4007f2	     45	   10.0	   11.0	29677.9	 0.0255	  99.45	1348.63
    725	4007f2	     45	   10.0	    7.0	29637.0	 0.0255	  99.45	1348.64
    726	4007f2	     45	    8.0	   14.0	29596.3	 0.0255	  99.45	1348.75
    727	4007f2	     45	    6.0	   12.0	29555.6	 0.0256	  99.45	1348.76
    728	4007f2	     45	   14.0	    8.0	29515.1	 0.0257	  99.45	1348.87
    729	4007f2	     45	    6.0	    6.0	29474.7	 0.0257	  99.45	1348.88
    730	4007f2	     45	   12.0	   10.0	29434.4	 0.0257	  99.45	1349.00
    731	4007f2	     45	    6.0	    8.0	29394.2	 0.0256	  99.45	1349.02
    732	4007f2	     45	   10.0	   10.0	29354.1	 0.0257	  99.45	1349.11
    733	4007f2	     45	   10.0	   12.0	29314.1	 0.0257	  99.46	1349.13
    734	4007f2	     45	   10.0	   14.0	29274.2	 0.0257	  99.46	1349.25
    735	4007f2	     45	    8.0	   12.0	29234.5	 0.0256	  99.46	1349.24
    736	4007f2	     45	    8.0	    9.0	29194.8	 0.0257	  99.46	1349.36
    737	4007f2	     45	    6.0	    9.0	29155.3	 0.0257	  99.46	1349.37
    738	4007f2	     45	   20.0	   22.0	29115.8	 0.0259	  99.46	1349.49
    739	4007f2	     45	    8.0	   14.0	29076.5	 0.0258	  99.46	1349.50
    740	4007f2	     45	   12.0	   18.0	29037.3	 0.0258	  99.46	1349.61
    741	4007f2	     45	    6.0	   16.0	28998.2	 0.0258	  99.46	1349.63
    742	4007f2	     45	    8.0	    8.0	28959.2	 0.0257	  99.46	1349.74
    743	4007f2	     45	   12.0	    8.0	28920.3	 0.0257	  99.46	1349.74
    744	4007f2	     45	    8.0	    9.0	28881.4	 0.0257	  99.46	1349.85
    745	4007f2	     45	    8.0	    9.0	28842.7	 0.0256	  99.46	1349.87
    746	4007f2	     45	    8.0	    8.0	28804.1	 0.0256	  99.46	1349.98
    747	4007f2	     45	    6.0	    6.0	28765.6	 0.0256	  99.47	1349.98
    748	4007f2	     45	   18.0	   17.0	28727.3	 0.0255	  99.47	1350.08
    749	4007f2	     45	    6.0	   11.0	28689.0	 0.0255	  99.47	1350.09
    750	4007f2	     45	    8.0	    8.0	28650.8	 0.0255	  99.47	1349.65
    751	4007f2	     45	    8.0	    2.0	28612.7	 0.0255	  99.47	1349.76
    752	4007f2	     45	    8.0	   10.0	28574.7	 0.0254	  99.47	1349.81
    753	4007f2	     45	   12.0	   12.0	28536.8	 0.0254	  99.47	1349.72
    754	4007f2	     45	    8.0	    0.0	28499.0	 0.0254	 +99.34	1350.39
    755	4007f2	     45	    6.0	    6.0	28461.3	 0.0253	  99.34	1349.64
