./asc:main.c:294: warning: auxv random bytes were not cleared
  Round	    PC	Excited	Hamming	   Loss	 Regret	    MSE	  Error	   MIPS
      0	400144	    105	42323.0	42323.0	42323.0	 0.1392	 100.00	  19.66
      1	4007e8	    105	 1174.0	43493.0	21746.5	 0.1492	 100.00	 101.15
      2	4007e8	    105	   20.0	43493.0	14497.7	 0.1083	 100.00	 172.18
      3	4007e8	    105	   25.0	43498.0	10874.5	 0.1007	 100.00	 232.55
      4	4007e8	    105	   25.0	43493.0	17398.2	 0.0961	 100.00	 285.74
      5	4007e8	    105	   15.0	43508.0	21749.8	 0.0874	 100.00	 332.79
      6	4007e8	    105	   30.0	43498.0	24856.7	 0.0924	 100.00	 380.05
      7	4007e8	    105	   20.0	43508.0	27188.1	 0.0865	 100.00	 422.35
      8	4007e8	    105	   25.0	43493.0	28999.8	 0.0902	 100.00	 461.25
      9	4007e8	    105	   15.0	43498.0	30449.6	 0.0844	 100.00	 497.32
     10	4007e8	    105	   20.0	43508.0	31636.7	 0.0853	 100.00	 530.78
     11	4007e8	    105	   30.0	43498.0	32625.2	 0.0925	 100.00	 561.78
     12	4007e8	    105	   30.0	43498.0	33461.5	 0.0922	 100.00	 590.46
     13	4007e8	    105	   20.0	43498.0	34178.4	 0.0897	 100.00	 617.48
     14	4007e8	    105	   20.0	43508.0	34800.4	 0.0851	 100.00	 642.82
     15	4007e8	    105	   15.0	43513.0	35344.9	 0.0825	 100.00	 666.58
     16	4007e8	    105	   30.0	43493.0	35824.2	 0.0924	 100.00	 688.94
     17	4007e8	    105	   20.0	43503.0	36250.8	 0.0898	 100.00	 710.04
     18	4007e8	    105	   25.0	43498.0	36632.3	 0.0889	 100.00	 730.06
     19	4007e8	    105	   15.0	43513.0	36976.3	 0.0866	 100.00	 748.80
     20	4007e8	    105	   25.0	43508.0	37287.3	 0.0875	 100.00	 768.20
     21	4007e8	    105	   40.0	43498.0	37569.6	 0.0938	 100.00	 784.39
     22	4007e8	    105	   20.0	43498.0	37827.4	 0.0937	 100.00	 799.40
     23	4007e8	    105	   15.0	43513.0	38064.3	 0.0946	 100.00	 814.08
     24	4007e8	    105	   25.0	43498.0	38281.6	 0.0948	 100.00	 827.39
     25	4007e8	    105	   15.0	43503.0	38482.5	 0.0930	 100.00	 841.11
     26	4007e8	    105	   35.0	43498.0	38668.2	 0.0949	 100.00	 853.61
     27	4007e8	    105	   15.0	43503.0	38840.9	 0.0931	 100.00	 865.66
     28	4007e8	    105	   25.0	43508.0	39001.8	 0.0952	 100.00	 877.02
     29	4007e8	    105	   20.0	43508.0	39152.0	 0.0939	 100.00	 887.87
     30	4007e8	    105	   25.0	43513.0	39292.7	 0.0928	 100.00	 898.29
     31	4007e8	    105	   30.0	43503.0	39424.3	 0.0948	 100.00	 908.38
     32	4007e8	    105	   20.0	43493.0	39547.6	 0.0965	 100.00	 917.54
     33	4007e8	    105	   15.0	43508.0	39664.1	 0.0995	 100.00	 926.64
     34	4007e8	    105	   25.0	43503.0	39773.7	 0.0971	 100.00	 935.32
     35	4007e8	    105	   20.0	43513.0	39877.6	 0.0971	 100.00	 944.01
     36	4007e8	    105	   35.0	43498.0	39975.5	 0.0974	 100.00	 951.93
     37	4007e8	    105	   15.0	43513.0	40068.6	 0.0959	 100.00	 959.81
     38	4007e8	    105	   20.0	43513.0	40156.9	 0.0948	 100.00	 967.36
     39	4007e8	    105	   25.0	43518.0	40240.9	 0.0949	 100.00	 974.79
     40	4007e8	    105	   20.0	43508.0	40320.6	 0.0943	 100.00	 981.81
     41	4007e8	    105	   40.0	43488.0	40396.0	 0.0977	 100.00	 988.64
     42	4007e8	    105	   20.0	43498.0	40468.1	 0.0977	 100.00	 994.97
     43	4007e8	    105	   15.0	43503.0	40537.1	 0.0971	 100.00	1001.40
     44	4007e8	    105	   35.0	43498.0	40602.9	 0.0968	 100.00	1007.62
     45	4007e8	    105	   15.0	43503.0	40666.0	 0.0952	 100.00	1013.67
     46	4007e8	    105	   20.0	43513.0	40726.5	 0.0944	 100.00	1019.49
     47	4007e8	    105	   25.0	43508.0	40784.5	 0.0942	 100.00	1025.14
     48	4007e8	    105	   20.0	43498.0	40839.9	 0.0955	 100.00	1030.53
     49	4007e8	    105	   25.0	43503.0	40893.1	 0.0944	 100.00	1035.82
     50	4007e8	    105	   20.0	43503.0	40944.3	 0.0936	 100.00	1040.97
     51	4007e8	    105	   15.0	43518.0	40993.8	 0.0925	 100.00	1046.12
     52	4007e8	    105	   40.0	43498.0	41041.0	 0.0939	 100.00	1050.87
     53	4007e8	    105	   20.0	43508.0	41086.7	 0.0921	 100.00	1055.65
     54	4007e8	    105	   25.0	43503.0	41130.7	 0.0913	 100.00	1060.11
     55	4007e8	    105	   15.0	43518.0	41173.3	 0.0910	 100.00	1064.65
     56	4007e8	    105	   20.0	43508.0	41214.2	 0.0918	 100.00	1069.01
     57	4007e8	    105	   25.0	43503.0	41253.7	 0.0924	 100.00	1073.22
     58	4007e8	    105	   25.0	43508.0	41291.9	 0.0922	 100.00	1077.29
     59	4007e8	    105	   20.0	43508.0	41328.8	 0.0920	 100.00	1081.33
     60	4007e8	    105	   25.0	43513.0	41364.7	 0.0914	 100.00	1085.06
     61	4007e8	    105	   15.0	43518.0	41399.4	 0.0914	 100.00	1088.75
     62	4007e8	    105	   45.0	43503.0	41432.8	 0.0941	 100.00	1092.38
     63	4007e8	    105	   15.0	43508.0	41465.2	 0.0933	 100.00	1095.97
     64	4007e8	    105	   25.0	43493.0	41496.4	 0.0944	 100.00	1099.43
     65	4007e8	    105	   15.0	43508.0	41526.9	 0.0939	 100.00	1102.90
     66	4007e8	    105	   20.0	43508.0	41556.4	 0.0930	 100.00	1106.06
     67	4007e8	    105	   30.0	43508.0	41585.1	 0.0929	 100.00	1109.24
     68	4007e8	    105	   25.0	43503.0	41612.9	 0.0926	 100.00	1112.33
     69	4007e8	    105	   15.0	43518.0	41640.2	 0.0924	 100.00	1115.48
     70	4007e8	    105	   25.0	43513.0	41666.5	 0.0919	 100.00	1118.45
     71	4007e8	    105	   20.0	43523.0	41692.3	 0.0915	 100.00	1121.43
     72	4007e8	    105	   35.0	43498.0	41717.1	 0.0930	 100.00	1124.20
     73	4007e8	    105	   15.0	43503.0	41741.2	 0.0923	 100.00	1127.06
     74	4007e8	    105	   20.0	43513.0	41764.8	 0.0923	 100.00	1129.77
     75	4007e8	    105	   20.0	43513.0	41787.8	 0.0919	 100.00	1132.50
     76	4007e8	    105	   30.0	43513.0	41810.2	 0.0911	 100.00	1135.11
     77	4007e8	    105	   25.0	43508.0	41832.0	 0.0908	 100.00	1137.77
     78	4007e8	    105	   20.0	43518.0	41853.3	 0.0903	 100.00	1140.13
     79	4007e8	    105	   15.0	43523.0	41874.2	 0.0895	 100.00	1142.63
     80	4007e8	    105	   25.0	43508.0	41894.4	 0.0909	 100.00	1145.04
     81	4007e8	    105	   20.0	43518.0	41914.2	 0.0898	 100.00	1147.25
     82	4007e8	    105	   50.0	43488.0	41933.1	 0.0912	 100.00	1149.61
     83	4007e8	    105	   15.0	43503.0	41951.8	 0.0916	 100.00	1151.92
     84	4007e8	    105	   25.0	43498.0	41970.0	 0.0908	 100.00	1154.02
     85	4007e8	    105	   25.0	43503.0	41987.8	 0.0903	 100.00	1156.29
     86	4007e8	    105	   20.0	43503.0	42005.3	 0.0905	 100.00	1158.39
     87	4007e8	    105	   15.0	43518.0	42022.4	 0.0900	 100.00	1160.53
     88	4007e8	    105	   30.0	43498.0	42039.0	 0.0902	 100.00	1162.57
     89	4007e8	    105	   15.0	43503.0	42055.3	 0.0898	 100.00	1164.63
     90	4007e8	    105	   30.0	43503.0	42071.2	 0.0895	 100.00	1166.49
     91	4007e8	    105	   15.0	43508.0	42086.8	 0.0890	 100.00	1168.64
     92	4007e8	    105	   25.0	43513.0	42102.2	 0.0892	 100.00	1170.33
     93	4007e8	    105	   30.0	43503.0	42117.1	 0.0893	 100.00	1172.18
     94	4007e8	    105	   25.0	43508.0	42131.7	 0.0887	 100.00	1173.92
     95	4007e8	    105	   20.0	43508.0	42146.0	 0.0882	 100.00	1175.77
     96	4007e8	    105	   20.0	43498.0	42160.0	 0.0884	 100.00	1177.42
     97	4007e8	    105	   15.0	43513.0	42173.8	 0.0883	 100.00	1179.14
     98	4007e8	    105	   30.0	43503.0	42187.2	 0.0881	 100.00	1180.77
     99	4007e8	    105	   20.0	43513.0	42200.5	 0.0875	 100.00	1182.47
    100	4007e8	    105	   30.0	43503.0	42213.4	 0.0871	 100.00	1184.09
    101	4007e8	    105	   15.0	43518.0	42226.1	 0.0867	 100.00	1185.76
    102	4007e8	    105	   20.0	43518.0	42238.7	 0.0863	 100.00	1187.25
    103	4007e8	    105	   40.0	43508.0	42250.9	 0.0875	 100.00	1188.84
    104	4007e8	    105	   20.0	43498.0	42262.8	 0.0869	 100.00	1190.32
    105	4007e8	    105	   20.0	43498.0	42274.4	 0.0862	 100.00	1191.83
    106	4007e8	    105	   20.0	43508.0	42286.0	 0.0860	 100.00	1193.28
    107	4007e8	    105	   15.0	43513.0	42297.3	 0.0853	 100.00	1194.74
    108	4007e8	    105	   40.0	43503.0	42308.4	 0.0852	 100.00	1196.13
    109	4007e8	    105	   15.0	43508.0	42319.3	 0.0845	 100.00	1197.57
    110	4007e8	    105	   20.0	43518.0	42330.1	 0.0846	 100.00	1198.94
    111	4007e8	    105	   20.0	43518.0	42340.7	 0.0840	 100.00	1200.39
    112	4007e8	    105	   20.0	43508.0	42351.0	 0.0842	 100.00	1201.71
    113	4007e8	    105	   35.0	43503.0	42361.1	 0.0846	 100.00	1203.12
    114	4007e8	    105	   20.0	43503.0	42371.1	 0.0843	 100.00	1204.20
    115	4007e8	    105	   15.0	43518.0	42380.9	 0.0846	 100.00	1205.54
    116	4007e8	    105	   30.0	43508.0	42390.6	 0.0844	 100.00	1206.69
    117	4007e8	    105	   20.0	43518.0	42400.1	 0.0837	 100.00	1208.04
    118	4007e8	    105	   30.0	43508.0	42409.4	 0.0834	 100.00	1209.21
    119	4007e8	    105	   15.0	43523.0	42418.7	 0.0831	 100.00	1210.40
    120	4007e8	    105	   20.0	43513.0	42427.8	 0.0832	 100.00	1211.59
    121	4007e8	    105	   20.0	43513.0	42436.7	 0.0826	 100.00	1212.78
    122	4007e8	    105	   25.0	43518.0	42445.4	 0.0822	 100.00	1213.97
    123	4007e8	    105	   40.0	43498.0	42453.9	 0.0829	 100.00	1215.20
    124	4007e8	    105	   25.0	43503.0	42462.3	 0.0827	 100.00	1216.30
    125	4007e8	    105	   15.0	43508.0	42470.6	 0.0822	 100.00	1217.39
    126	4007e8	    105	   30.0	43508.0	42478.8	 0.0820	 100.00	1218.49
    127	4007e8	    105	   15.0	43513.0	42486.9	 0.0819	 100.00	1219.60
    128	4007e8	    105	   30.0	43493.0	42494.7	 0.0834	 100.00	1220.67
    129	4007e8	    105	   15.0	43508.0	42502.5	 0.0828	 100.00	1221.72
    130	4007e8	    105	   20.0	43508.0	42510.1	 0.0823	 100.00	1222.77
    131	4007e8	    105	   25.0	43513.0	42517.7	 0.0820	 100.00	1223.78
    132	4007e8	    105	   25.0	43508.0	42525.2	 0.0817	 100.00	1224.80
    133	4007e8	    105	   15.0	43523.0	42532.6	 0.0816	 100.00	1225.78
    134	4007e8	    105	   35.0	43508.0	42539.9	 0.0824	 100.00	1226.75
    135	4007e8	    105	   20.0	43518.0	42547.1	 0.0819	 100.00	1227.71
    136	4007e8	    105	   25.0	43503.0	42554.0	 0.0819	 100.00	1228.71
    137	4007e8	    105	   15.0	43508.0	42560.9	 0.0815	 100.00	1229.58
    138	4007e8	    105	   20.0	43518.0	42567.8	 0.0817	 100.00	1230.54
    139	4007e8	    105	   25.0	43513.0	42574.6	 0.0817	 100.00	1231.47
    140	4007e8	    105	   30.0	43513.0	42581.2	 0.0816	 100.00	1232.41
    141	4007e8	    105	   20.0	43513.0	42587.8	 0.0811	 100.00	1233.30
    142	4007e8	    105	   20.0	43523.0	42594.3	 0.0808	 100.00	1234.20
    143	4007e8	    105	   15.0	43528.0	42600.8	 0.0805	 100.00	1235.04
    144	4007e8	    105	   40.0	43498.0	42607.0	 0.0823	 100.00	1235.93
    145	4007e8	    105	   20.0	43508.0	42613.2	 0.0818	 100.00	1236.73
    146	4007e8	    105	   25.0	43503.0	42619.2	 0.0814	 100.00	1237.57
    147	4007e8	    105	   15.0	43518.0	42625.3	 0.0811	 100.00	1238.43
    148	4007e8	    105	   25.0	43513.0	42631.3	 0.0808	 100.00	1239.30
    149	4007e8	    105	   30.0	43513.0	42637.1	 0.0806	 100.00	1240.09
    150	4007e8	    105	   20.0	43513.0	42642.9	 0.0802	 100.00	1240.92
    151	4007e8	    105	   15.0	43528.0	42648.8	 0.0802	 100.00	1241.77
    152	4007e8	    105	   25.0	43513.0	42654.4	 0.0803	 100.00	1242.57
    153	4007e8	    105	   15.0	43518.0	42660.0	 0.0802	 100.00	1243.38
    154	4007e8	    105	   40.0	43508.0	42665.5	 0.0808	 100.00	1244.16
    155	4007e8	    105	   15.0	43513.0	42670.9	 0.0804	 100.00	1244.86
    156	4007e8	    105	   25.0	43518.0	42676.3	 0.0805	 100.00	1245.56
    157	4007e8	    105	   20.0	43518.0	42681.6	 0.0802	 100.00	1246.27
    158	4007e8	    105	   25.0	43523.0	42686.9	 0.0797	 100.00	1247.00
    159	4007e8	    105	   25.0	43518.0	42692.1	 0.0797	 100.00	1247.71
    160	4007e8	    105	   20.0	43508.0	42697.2	 0.0799	 100.00	1248.42
    161	4007e8	    105	   15.0	43523.0	42702.3	 0.0798	 100.00	1249.08
    162	4007e8	    105	   25.0	43518.0	42707.3	 0.0797	 100.00	1249.79
    163	4007e8	    105	   20.0	43528.0	42712.3	 0.0794	 100.00	1250.50
    164	4007e8	    105	   60.0	43488.0	42717.0	 0.0808	 100.00	1251.19
    165	4007e8	    105	   15.0	43503.0	42721.7	 0.0803	 100.00	1251.88
    166	4007e8	    105	   20.0	43503.0	42726.4	 0.0803	 100.00	1252.57
    167	4007e8	    105	   25.0	43508.0	42731.1	 0.0804	 100.00	1253.19
    168	4007e8	    105	   20.0	43498.0	42735.6	 0.0805	 100.00	1253.85
    169	4007e8	    105	   25.0	43493.0	42740.1	 0.0803	 100.00	1254.43
    170	4007e8	    105	   20.0	43503.0	42744.5	 0.0799	 100.00	1255.05
    171	4007e8	    105	   15.0	43508.0	42749.0	 0.0794	 100.00	1255.61
    172	4007e8	    105	   35.0	43503.0	42753.3	 0.0793	 100.00	1256.21
    173	4007e8	    105	   15.0	43508.0	42757.7	 0.0788	 100.00	1256.69
    174	4007e8	    105	   20.0	43518.0	42762.0	 0.0808	 100.00	1257.30
    175	4007e8	    105	   30.0	43508.0	42766.2	 0.0811	 100.00	1257.80
    176	4007e8	    105	   20.0	43498.0	42770.4	 0.0815	 100.00	1258.39
    177	4007e8	    105	   25.0	43503.0	42774.5	 0.0811	 100.00	1258.92
    178	4007e8	    105	   20.0	43503.0	42778.6	 0.0808	 100.00	1259.49
    179	4007e8	    105	   15.0	43518.0	42782.7	 0.0806	 100.00	1260.03
    180	4007e8	    105	   35.0	43503.0	42786.7	 0.0806	 100.00	1260.58
    181	4007e8	    105	   20.0	43513.0	42790.6	 0.0802	 100.00	1261.12
    182	4007e8	    105	   25.0	43508.0	42794.6	 0.0799	 100.00	1261.66
    183	4007e8	    105	   15.0	43523.0	42798.5	 0.0795	 100.00	1262.20
    184	4007e8	    105	   20.0	43513.0	42802.4	 0.0797	 100.00	1262.77
    185	4007e8	    105	   35.0	43498.0	42806.1	 0.0801	 100.00	1263.26
    186	4007e8	    105	   25.0	43503.0	42809.9	 0.0798	 100.00	1263.83
    187	4007e8	    105	   20.0	43503.0	42813.5	 0.0796	 100.00	1264.38
    188	4007e8	    105	   25.0	43508.0	42817.2	 0.0793	 100.00	1264.94
    189	4007e8	    105	   15.0	43513.0	42820.9	 0.0790	 100.00	1265.49
    190	4007e8	    105	   35.0	43508.0	42824.5	 0.0791	 100.00	1266.06
    191	4007e8	    105	   15.0	43513.0	42828.1	 0.0787	 100.00	1266.51
    192	4007e8	    105	   25.0	43498.0	42831.5	 0.0790	 100.00	1267.06
    193	4007e8	    105	   15.0	43513.0	42835.0	 0.0787	 100.00	1267.57
    194	4007e8	    105	   20.0	43513.0	42838.5	 0.0784	 100.00	1268.12
    195	4007e8	    105	   35.0	43508.0	42841.9	 0.0788	 100.00	1268.61
    196	4007e8	    105	   25.0	43503.0	42845.3	 0.0786	 100.00	1269.08
    197	4007e8	    105	   15.0	43518.0	42848.7	 0.0788	 100.00	1269.49
    198	4007e8	    105	   25.0	43513.0	42852.0	 0.0786	 100.00	1269.96
    199	4007e8	    105	   20.0	43523.0	42855.4	 0.0783	 100.00	1270.38
    200	4007e8	    105	   30.0	43503.0	42858.6	 0.0785	 100.00	1270.84
    201	4007e8	    105	   15.0	43508.0	42861.8	 0.0782	 100.00	1271.27
    202	4007e8	    105	   20.0	43518.0	42865.0	 0.0781	 100.00	1271.71
    203	4007e8	    105	   20.0	43518.0	42868.2	 0.0779	 100.00	1272.10
    204	4007e8	    105	   30.0	43518.0	42871.4	 0.0777	 100.00	1272.52
    205	4007e8	    105	   40.0	43498.0	42874.5	 0.0785	 100.00	1272.91
    206	4007e8	    105	   20.0	43508.0	42877.5	 0.0782	 100.00	1273.39
    207	4007e8	    105	   15.0	43513.0	42880.6	 0.0784	 100.00	1273.84
    208	4007e8	    105	   25.0	43498.0	42883.5	 0.0787	 100.00	1274.33
    209	4007e8	    105	   20.0	43508.0	42886.5	 0.0785	 100.00	1274.73
    210	4007e8	    105	   30.0	43498.0	42889.4	 0.0784	 100.00	1275.21
    211	4007e8	    105	   15.0	43513.0	42892.3	 0.0783	 100.00	1275.66
    212	4007e8	    105	   25.0	43508.0	42895.2	 0.0783	 100.00	1276.11
    213	4007e8	    105	   25.0	43513.0	42898.1	 0.0782	 100.00	1276.56
    214	4007e8	    105	   20.0	43513.0	42901.0	 0.0779	 100.00	1277.00
    215	4007e8	    105	   15.0	43528.0	42903.9	 0.0780	 100.00	1277.39
    216	4007e8	    105	   35.0	43503.0	42906.6	 0.0785	 100.00	1277.83
    217	4007e8	    105	   15.0	43508.0	42909.4	 0.0781	 100.00	1278.23
    218	4007e8	    105	   30.0	43508.0	42912.1	 0.0778	 100.00	1278.60
    219	4007e8	    105	   15.0	43513.0	42914.9	 0.0775	 100.00	1278.99
    220	4007e8	    105	   25.0	43518.0	42917.6	 0.0779	 100.00	1279.35
    221	4007e8	    105	   25.0	43513.0	42920.3	 0.0777	 100.00	1279.67
    222	4007e8	    105	   25.0	43518.0	42923.0	 0.0774	 100.00	1280.04
    223	4007e8	    105	   20.0	43518.0	42925.6	 0.0773	 100.00	1280.43
    224	4007e8	    105	   20.0	43508.0	42928.2	 0.0776	 100.00	1280.85
    225	4007e8	    105	   15.0	43523.0	42930.8	 0.0773	 100.00	1281.24
    226	4007e8	    105	   40.0	43503.0	42933.4	 0.0776	 100.00	1281.66
    227	4007e8	    105	   20.0	43513.0	42935.9	 0.0774	 100.00	1282.01
    228	4007e8	    105	   30.0	43503.0	42938.4	 0.0773	 100.00	1282.40
    229	4007e8	    105	   15.0	43518.0	42940.9	 0.0771	 100.00	1282.77
    230	4007e8	    105	   20.0	43518.0	42943.4	 0.0769	 100.00	1283.16
    231	4007e8	    105	   30.0	43518.0	42945.9	 0.0770	 100.00	1283.52
    232	4007e8	    105	   20.0	43508.0	42948.3	 0.0771	 100.00	1283.91
    233	4007e8	    105	   20.0	43508.0	42950.7	 0.0771	 100.00	1284.25
    234	4007e8	    105	   20.0	43518.0	42953.1	 0.0768	 100.00	1284.60
    235	4007e8	    105	   15.0	43523.0	42955.5	 0.0768	 100.00	1284.94
    236	4007e8	    105	   45.0	43508.0	42957.8	 0.0771	 100.00	1285.30
    237	4007e8	    105	   15.0	43513.0	42960.2	 0.0768	 100.00	1285.63
    238	4007e8	    105	   20.0	43523.0	42962.5	 0.0769	 100.00	1285.99
    239	4007e8	    105	   20.0	43523.0	42964.9	 0.0767	 100.00	1286.27
    240	4007e8	    105	   20.0	43513.0	42967.1	 0.0767	 100.00	1286.61
    241	4007e8	    105	   30.0	43513.0	42969.4	 0.0766	 100.00	1286.94
    242	4007e8	    105	   20.0	43513.0	42971.6	 0.0764	 100.00	1287.26
    243	4007e8	    105	   15.0	43528.0	42973.9	 0.0765	 100.00	1287.59
    244	4007e8	    105	   30.0	43518.0	42976.1	 0.0765	 100.00	1287.90
    245	4007e8	    105	   20.0	43528.0	42978.4	 0.0763	 100.00	1288.15
    246	4007e8	    105	   50.0	43498.0	42980.5	 0.0772	 100.00	1288.47
    247	4007e8	    105	   15.0	43513.0	42982.6	 0.0769	 100.00	1288.74
    248	4007e8	    105	   20.0	43503.0	42984.7	 0.0768	 100.00	1289.04
    249	4007e8	    105	   20.0	43503.0	42986.8	 0.0767	 100.00	1289.34
    250	4007e8	    105	   25.0	43508.0	42988.9	 0.0765	 100.00	1289.63
    251	4007e8	    105	   25.0	43503.0	42990.9	 0.0765	 100.00	1289.94
    252	4007e8	    105	   25.0	43508.0	42992.9	 0.0763	 100.00	1290.24
    253	4007e8	    105	   15.0	43513.0	42995.0	 0.0760	 100.00	1290.57
    254	4007e8	    105	   30.0	43513.0	42997.0	 0.0759	 100.00	1290.88
    255	4007e8	    105	   15.0	43518.0	42999.1	 0.0757	 100.00	1291.19
    256	4007e8	    105	   35.0	43493.0	43001.0	 0.0763	 100.00	1291.48
    257	4007e8	    105	   15.0	43508.0	43002.9	 0.0760	 100.00	1291.79
    258	4007e8	    105	   20.0	43508.0	43004.9	 0.0757	 100.00	1292.07
    259	4007e8	    105	   25.0	43513.0	43006.8	 0.0755	 100.00	1292.37
    260	4007e8	    105	   25.0	43508.0	43008.8	 0.0753	 100.00	1292.67
    261	4007e8	    105	   15.0	43523.0	43010.7	 0.0755	 100.00	1292.98
    262	4007e8	    105	   30.0	43513.0	43012.6	 0.0757	 100.00	1293.24
    263	4007e8	    105	   20.0	43523.0	43014.6	 0.0755	 100.00	1293.55
    264	4007e8	    105	   25.0	43508.0	43016.4	 0.0754	 100.00	1293.84
    265	4007e8	    105	   15.0	43513.0	43018.3	 0.0752	 100.00	1294.14
    266	4007e8	    105	   20.0	43523.0	43020.2	 0.0753	 100.00	1294.43
    267	4007e8	    105	   35.0	43508.0	43022.0	 0.0758	 100.00	1294.73
    268	4007e8	    105	   30.0	43508.0	43023.8	 0.0756	 100.00	1295.00
    269	4007e8	    105	   20.0	43508.0	43025.6	 0.0754	 100.00	1295.29
    270	4007e8	    105	   20.0	43518.0	43027.4	 0.0752	 100.00	1295.56
    271	4007e8	    105	   15.0	43523.0	43029.3	 0.0750	 100.00	1295.86
    272	4007e8	    105	   30.0	43503.0	43031.0	 0.0753	 100.00	1296.15
    273	4007e8	    105	   20.0	43513.0	43032.7	 0.0751	 100.00	1296.43
    274	4007e8	    105	   25.0	43508.0	43034.5	 0.0749	 100.00	1296.69
    275	4007e8	    105	   15.0	43523.0	43036.2	 0.0747	 100.00	1296.97
    276	4007e8	    105	   25.0	43518.0	43038.0	 0.0746	 100.00	1297.23
    277	4007e8	    105	   35.0	43513.0	43039.7	 0.0746	 100.00	1297.51
    278	4007e8	    105	   20.0	43513.0	43041.4	 0.0743	 100.00	1297.78
    279	4007e8	    105	   15.0	43528.0	43043.1	 0.0743	 100.00	1298.06
    280	4007e8	    105	   25.0	43513.0	43044.8	 0.0742	 100.00	1298.29
    281	4007e8	    105	   15.0	43518.0	43046.5	 0.0740	 100.00	1298.55
    282	4007e8	    105	   35.0	43513.0	43048.1	 0.0741	 100.00	1298.82
    283	4007e8	    105	   15.0	43518.0	43049.8	 0.0739	 100.00	1299.09
    284	4007e8	    105	   25.0	43523.0	43051.4	 0.0739	 100.00	1299.35
    285	4007e8	    105	   20.0	43523.0	43053.1	 0.0738	 100.00	1299.62
    286	4007e8	    105	   25.0	43528.0	43054.7	 0.0737	 100.00	1299.84
    287	4007e8	    105	   40.0	43508.0	43056.3	 0.0743	 100.00	1300.11
    288	4007e8	    105	   20.0	43498.0	43057.8	 0.0743	 100.00	1300.35
    289	4007e8	    105	   15.0	43513.0	43059.4	 0.0743	 100.00	1300.61
    290	4007e8	    105	   25.0	43508.0	43061.0	 0.0741	 100.00	1300.85
    291	4007e8	    105	   20.0	43518.0	43062.5	 0.0740	 100.00	1301.10
    292	4007e8	    105	   35.0	43503.0	43064.0	 0.0740	 100.00	1301.30
    293	4007e8	    105	   15.0	43518.0	43065.6	 0.0737	 100.00	1301.55
    294	4007e8	    105	   20.0	43518.0	43067.1	 0.0736	 100.00	1301.79
    295	4007e8	    105	   25.0	43523.0	43068.6	 0.0734	 100.00	1302.04
    296	4007e8	    105	   20.0	43513.0	43070.1	 0.0733	 100.00	1302.27
    297	4007e8	    105	   30.0	43503.0	43071.6	 0.0734	 100.00	1302.51
    298	4007e8	    105	   20.0	43513.0	43073.1	 0.0732	 100.00	1302.73
    299	4007e8	    105	   15.0	43518.0	43074.6	 0.0730	 100.00	1302.98
    300	4007e8	    105	   35.0	43513.0	43076.0	 0.0729	 100.00	1303.19
    301	4007e8	    105	   15.0	43518.0	43077.5	 0.0727	 100.00	1303.42
    302	4007e8	    105	   20.0	43528.0	43079.0	 0.0725	 100.00	1303.65
    303	4007e8	    105	   25.0	43523.0	43080.4	 0.0724	 100.00	1303.89
    304	4007e8	    105	   20.0	43513.0	43081.8	 0.0724	 100.00	1304.09
    305	4007e8	    105	   25.0	43518.0	43083.3	 0.0723	 100.00	1304.32
    306	4007e8	    105	   20.0	43518.0	43084.7	 0.0721	 100.00	1304.55
    307	4007e8	    105	   15.0	43533.0	43086.1	 0.0721	 100.00	1304.78
    308	4007e8	    105	   45.0	43508.0	43087.5	 0.0725	 100.00	1304.99
    309	4007e8	    105	   20.0	43518.0	43088.9	 0.0723	 100.00	1305.23
    310	4007e8	    105	   25.0	43513.0	43090.3	 0.0721	 100.00	1305.46
    311	4007e8	    105	   15.0	43528.0	43091.7	 0.0720	 100.00	1305.68
    312	4007e8	    105	   20.0	43518.0	43093.0	 0.0721	 100.00	1305.86
    313	4007e8	    105	   25.0	43513.0	43094.4	 0.0720	 100.00	1306.10
    314	4007e8	    105	   25.0	43518.0	43095.7	 0.0719	 100.00	1306.27
    315	4007e8	    105	   20.0	43518.0	43097.0	 0.0718	 100.00	1306.46
    316	4007e8	    105	   25.0	43523.0	43098.4	 0.0718	 100.00	1306.59
    317	4007e8	    105	   15.0	43528.0	43099.7	 0.0716	 100.00	1306.77
    318	4007e8	    105	   40.0	43518.0	43101.0	 0.0720	 100.00	1306.92
    319	4007e8	    105	   15.0	43523.0	43102.4	 0.0718	 100.00	1307.12
    320	4007e8	    105	   25.0	43508.0	43103.6	 0.0720	 100.00	1307.26
    321	4007e8	    105	   15.0	43523.0	43104.9	 0.0719	 100.00	1307.44
    322	4007e8	    105	   20.0	43523.0	43106.2	 0.0718	 100.00	1307.54
    323	4007e8	    105	   30.0	43523.0	43107.5	 0.0717	 100.00	1307.73
    324	4007e8	    105	   25.0	43518.0	43108.8	 0.0716	 100.00	1307.90
    325	4007e8	    105	   15.0	43533.0	43110.1	 0.0715	 100.00	1308.07
    326	4007e8	    105	   25.0	43528.0	43111.4	 0.0714	 100.00	1308.20
    327	4007e8	    105	   20.0	43538.0	43112.7	 0.0713	 100.00	1308.36
    328	4007e8	    105	   60.0	43488.0	43113.8	 0.0723	 100.00	1308.47
    329	4007e8	    105	   15.0	43493.0	43114.9	 0.0721	 100.00	1308.64
    330	4007e8	    105	   20.0	43503.0	43116.1	 0.0721	 100.00	1308.80
    331	4007e8	    105	   20.0	43503.0	43117.3	 0.0720	 100.00	1309.02
    332	4007e8	    105	   30.0	43503.0	43118.4	 0.0719	 100.00	1309.20
    333	4007e8	    105	   25.0	43498.0	43119.6	 0.0719	 100.00	1309.41
    334	4007e8	    105	   20.0	43508.0	43120.7	 0.0717	 100.00	1309.57
    335	4007e8	    105	   15.0	43513.0	43121.9	 0.0715	 100.00	1309.77
    336	4007e8	    105	   25.0	43498.0	43123.0	 0.0717	 100.00	1309.96
    337	4007e8	    105	   20.0	43508.0	43124.2	 0.0716	 100.00	1310.17
    338	4007e8	    105	   35.0	43493.0	43125.2	 0.0716	 100.00	1310.35
    339	4007e8	    105	   15.0	43508.0	43126.4	 0.0714	 100.00	1310.55
    340	4007e8	    105	   25.0	43503.0	43127.5	 0.0712	 100.00	1310.70
    341	4007e8	    105	   25.0	43508.0	43128.6	 0.0711	 100.00	1310.88
    342	4007e8	    105	   20.0	43508.0	43129.7	 0.0709	 100.00	1311.06
    343	4007e8	    105	   15.0	43523.0	43130.8	 0.0710	 100.00	1311.25
    344	4007e8	    105	   30.0	43503.0	43131.9	 0.0711	 100.00	1311.43
    345	4007e8	    105	   15.0	43508.0	43133.0	 0.0709	 100.00	1311.62
    346	4007e8	    105	   30.0	43508.0	43134.1	 0.0710	 100.00	1311.74
    347	4007e8	    105	   15.0	43513.0	43135.2	 0.0709	 100.00	1311.93
    348	4007e8	    105	   25.0	43518.0	43136.3	 0.0709	 100.00	1312.09
    349	4007e8	    105	   35.0	43503.0	43137.3	 0.0711	 100.00	1312.28
    350	4007e8	    105	   25.0	43508.0	43138.4	 0.0709	 100.00	1312.44
    351	4007e8	    105	   20.0	43508.0	43139.4	 0.0708	 100.00	1312.63
    352	4007e8	    105	   20.0	43498.0	43140.4	 0.0710	 100.00	1312.77
    353	4007e8	    105	   15.0	43513.0	43141.5	 0.0708	 100.00	1312.95
    354	4007e8	    105	   30.0	43503.0	43142.5	 0.0706	 100.00	1313.11
    355	4007e8	    105	   20.0	43513.0	43143.6	 0.0704	 100.00	1313.29
    356	4007e8	    105	   30.0	43503.0	43144.6	 0.0703	 100.00	1313.45
    357	4007e8	    105	   15.0	43518.0	43145.6	 0.0702	 100.00	1313.62
    358	4007e8	    105	   20.0	43518.0	43146.6	 0.0701	 100.00	1313.71
    359	4007e8	    105	   35.0	43513.0	43147.7	 0.0702	 100.00	1313.88
    360	4007e8	    105	   20.0	43503.0	43148.6	 0.0701	 100.00	1314.04
    361	4007e8	    105	   20.0	43503.0	43149.6	 0.0700	 100.00	1314.22
    362	4007e8	    105	   20.0	43513.0	43150.6	 0.0698	 100.00	1314.37
    363	4007e8	    105	   15.0	43518.0	43151.6	 0.0697	 100.00	1314.53
    364	4007e8	    105	   40.0	43508.0	43152.6	 0.0698	 100.00	1314.66
    365	4007e8	    105	   15.0	43513.0	43153.6	 0.0696	 100.00	1314.82
    366	4007e8	    105	   20.0	43523.0	43154.6	 0.0696	 100.00	1314.97
    367	4007e8	    105	   20.0	43523.0	43155.6	 0.0695	 100.00	1315.15
    368	4007e8	    105	   20.0	43513.0	43156.6	 0.0695	 100.00	1315.28
    369	4007e8	    105	   45.0	43498.0	43157.5	 0.0699	 100.00	1315.44
    370	4007e8	    105	   20.0	43498.0	43158.4	 0.0698	 100.00	1315.55
    371	4007e8	    105	   15.0	43513.0	43159.4	 0.0697	 100.00	1315.71
    372	4007e8	    105	   30.0	43503.0	43160.3	 0.0697	 100.00	1315.86
    373	4007e8	    105	   20.0	43513.0	43161.2	 0.0695	 100.00	1316.04
    374	4007e8	    105	   30.0	43503.0	43162.1	 0.0695	 100.00	1316.19
    375	4007e8	    105	   15.0	43518.0	43163.1	 0.0694	 100.00	1316.36
    376	4007e8	    105	   20.0	43508.0	43164.0	 0.0693	 100.00	1316.47
    377	4007e8	    105	   20.0	43508.0	43164.9	 0.0693	 100.00	1316.61
    378	4007e8	    105	   25.0	43513.0	43165.8	 0.0691	 100.00	1316.75
    379	4007e8	    105	   30.0	43503.0	43166.7	 0.0691	 100.00	1316.93
    380	4007e8	    105	   25.0	43508.0	43167.6	 0.0690	 100.00	1317.07
    381	4007e8	    105	   15.0	43513.0	43168.5	 0.0688	 100.00	1317.20
    382	4007e8	    105	   30.0	43513.0	43169.4	 0.0688	 100.00	1317.33
    383	4007e8	    105	   15.0	43518.0	43170.3	 0.0688	 100.00	1317.49
    384	4007e8	    105	   30.0	43498.0	43171.2	 0.0690	 100.00	1317.64
    385	4007e8	    105	   15.0	43513.0	43172.1	 0.0688	 100.00	1317.79
    386	4007e8	    105	   20.0	43513.0	43172.9	 0.0687	 100.00	1317.94
    387	4007e8	    105	   25.0	43518.0	43173.8	 0.0686	 100.00	1318.12
    388	4007e8	    105	   25.0	43513.0	43174.7	 0.0686	 100.00	1318.24
    389	4007e8	    105	   15.0	43528.0	43175.6	 0.0687	 100.00	1318.40
    390	4007e8	    105	   40.0	43508.0	43176.5	 0.0689	 100.00	1318.54
    391	4007e8	    105	   20.0	43518.0	43177.3	 0.0688	 100.00	1318.69
    392	4007e8	    105	   25.0	43503.0	43178.2	 0.0687	 100.00	1318.83
    393	4007e8	    105	   15.0	43508.0	43179.0	 0.0687	 100.00	1318.99
    394	4007e8	    105	   20.0	43518.0	43179.9	 0.0688	 100.00	1319.10
    395	4007e8	    105	   25.0	43513.0	43180.7	 0.0688	 100.00	1319.25
    396	4007e8	    105	   30.0	43513.0	43181.5	 0.0687	 100.00	1319.39
    397	4007e8	    105	   20.0	43513.0	43182.4	 0.0686	 100.00	1319.54
    398	4007e8	    105	   20.0	43523.0	43183.2	 0.0685	 100.00	1319.68
    399	4007e8	    105	   15.0	43528.0	43184.1	 0.0684	 100.00	1319.84
    400	4007e8	    105	   35.0	43503.0	43184.9	 0.0685	 100.00	1319.96
    401	4007e8	    105	   20.0	43513.0	43185.7	 0.0683	 100.00	1320.11
    402	4007e8	    105	   25.0	43508.0	43186.5	 0.0682	 100.00	1320.24
    403	4007e8	    105	   15.0	43523.0	43187.3	 0.0681	 100.00	1320.39
    404	4007e8	    105	   25.0	43518.0	43188.1	 0.0680	 100.00	1320.52
    405	4007e8	    105	   30.0	43518.0	43189.0	 0.0679	 100.00	1320.64
    406	4007e8	    105	   20.0	43518.0	43189.8	 0.0678	 100.00	1320.73
    407	4007e8	    105	   15.0	43533.0	43190.6	 0.0678	 100.00	1320.87
    408	4007e8	    105	   25.0	43518.0	43191.4	 0.0678	 100.00	1320.98
    409	4007e8	    105	   15.0	43523.0	43192.2	 0.0677	 100.00	1321.13
    410	4007e8	    105	   55.0	43498.0	43193.0	 0.0681	 100.00	1321.25
    411	4007e8	    105	   15.0	43503.0	43193.7	 0.0681	 100.00	1321.41
    412	4007e8	    105	   25.0	43508.0	43194.5	 0.0681	 100.00	1321.50
    413	4007e8	    105	   20.0	43508.0	43195.2	 0.0680	 100.00	1321.65
    414	4007e8	    105	   25.0	43513.0	43196.0	 0.0678	 100.00	1321.76
    415	4007e8	    105	   25.0	43508.0	43196.7	 0.0678	 100.00	1321.93
    416	4007e8	    105	   20.0	43498.0	43197.5	 0.0679	 100.00	1322.03
    417	4007e8	    105	   15.0	43513.0	43198.2	 0.0679	 100.00	1322.18
    418	4007e8	    105	   25.0	43508.0	43199.0	 0.0678	 100.00	1322.24
    419	4007e8	    105	   20.0	43518.0	43199.7	 0.0676	 100.00	1322.37
    420	4007e8	    105	   40.0	43498.0	43200.4	 0.0678	 100.00	1322.46
    421	4007e8	    105	   15.0	43513.0	43201.2	 0.0677	 100.00	1322.60
    422	4007e8	    105	   20.0	43513.0	43201.9	 0.0677	 100.00	1322.73
    423	4007e8	    105	   25.0	43518.0	43202.6	 0.0676	 100.00	1322.84
    424	4007e8	    105	   20.0	43508.0	43203.4	 0.0675	 100.00	1322.97
    425	4007e8	    105	   25.0	43503.0	43204.1	 0.0675	 100.00	1323.10
    426	4007e8	    105	   20.0	43513.0	43204.8	 0.0673	 100.00	1323.24
    427	4007e8	    105	   15.0	43518.0	43205.5	 0.0673	 100.00	1323.39
    428	4007e8	    105	   35.0	43513.0	43206.2	 0.0673	 100.00	1323.53
    429	4007e8	    105	   15.0	43518.0	43207.0	 0.0672	 100.00	1323.65
    430	4007e8	    105	   20.0	43528.0	43207.7	 0.0674	 100.00	1323.78
    431	4007e8	    105	   35.0	43513.0	43208.4	 0.0675	 100.00	1323.91
    432	4007e8	    105	   20.0	43503.0	43209.1	 0.0676	 100.00	1324.03
    433	4007e8	    105	   25.0	43508.0	43209.8	 0.0674	 100.00	1324.16
    434	4007e8	    105	   20.0	43508.0	43210.5	 0.0673	 100.00	1324.30
    435	4007e8	    105	   15.0	43523.0	43211.2	 0.0672	 100.00	1324.41
    436	4007e8	    105	   35.0	43508.0	43211.9	 0.0673	 100.00	1324.54
    437	4007e8	    105	   20.0	43518.0	43212.6	 0.0671	 100.00	1324.68
    438	4007e8	    105	   25.0	43513.0	43213.3	 0.0670	 100.00	1324.80
    439	4007e8	    105	   15.0	43528.0	43214.0	 0.0669	 100.00	1324.93
    440	4007e8	    105	   20.0	43518.0	43214.7	 0.0669	 100.00	1325.06
    441	4007e8	    105	   30.0	43508.0	43215.3	 0.0669	 100.00	1325.17
    442	4007e8	    105	   25.0	43513.0	43216.0	 0.0669	 100.00	1325.31
    443	4007e8	    105	   20.0	43513.0	43216.7	 0.0668	 100.00	1325.43
    444	4007e8	    105	   25.0	43518.0	43217.3	 0.0667	 100.00	1325.54
    445	4007e8	    105	   15.0	43523.0	43218.0	 0.0666	 100.00	1325.66
    446	4007e8	    105	   35.0	43518.0	43218.7	 0.0665	 100.00	1325.80
    447	4007e8	    105	   15.0	43523.0	43219.4	 0.0664	 100.00	1325.90
    448	4007e8	    105	   25.0	43508.0	43220.0	 0.0666	 100.00	1326.02
    449	4007e8	    105	   15.0	43523.0	43220.7	 0.0664	 100.00	1326.15
    450	4007e8	    105	   20.0	43523.0	43221.4	 0.0664	 100.00	1326.27
    451	4007e8	    105	   45.0	43508.0	43222.0	 0.0666	 100.00	1326.39
    452	4007e8	    105	   25.0	43503.0	43222.6	 0.0666	 100.00	1326.52
    453	4007e8	    105	   15.0	43518.0	43223.3	 0.0665	 100.00	1326.62
    454	4007e8	    105	   25.0	43513.0	43223.9	 0.0664	 100.00	1326.74
    455	4007e8	    105	   20.0	43523.0	43224.6	 0.0663	 100.00	1326.86
    456	4007e8	    105	   30.0	43503.0	43225.2	 0.0665	 100.00	1326.96
    457	4007e8	    105	   15.0	43508.0	43225.8	 0.0664	 100.00	1327.05
    458	4007e8	    105	   20.0	43518.0	43226.4	 0.0663	 100.00	1327.15
    459	4007e8	    105	   20.0	43518.0	43227.1	 0.0663	 100.00	1327.24
    460	4007e8	    105	   30.0	43518.0	43227.7	 0.0662	 100.00	1327.35
    461	4007e8	    105	   30.0	43508.0	43228.3	 0.0661	 100.00	1327.46
    462	4007e8	    105	   20.0	43518.0	43228.9	 0.0660	 100.00	1327.58
    463	4007e8	    105	   15.0	43523.0	43229.6	 0.0660	 100.00	1327.69
    464	4007e8	    105	   25.0	43508.0	43230.2	 0.0661	 100.00	1327.79
    465	4007e8	    105	   20.0	43518.0	43230.8	 0.0660	 100.00	1327.87
    466	4007e8	    105	   30.0	43508.0	43231.4	 0.0659	 100.00	1327.97
    467	4007e8	    105	   15.0	43523.0	43232.0	 0.0658	 100.00	1328.08
    468	4007e8	    105	   25.0	43518.0	43232.6	 0.0658	 100.00	1328.19
    469	4007e8	    105	   25.0	43523.0	43233.2	 0.0658	 100.00	1328.30
    470	4007e8	    105	   20.0	43523.0	43233.8	 0.0657	 100.00	1328.41
    471	4007e8	    105	   15.0	43538.0	43234.5	 0.0658	 100.00	1328.49
    472	4007e8	    105	   40.0	43508.0	43235.1	 0.0661	 100.00	1328.59
    473	4007e8	    105	   15.0	43513.0	43235.6	 0.0660	 100.00	1328.70
    474	4007e8	    105	   30.0	43513.0	43236.2	 0.0660	 100.00	1328.80
    475	4007e8	    105	   15.0	43518.0	43236.8	 0.0658	 100.00	1328.90
    476	4007e8	    105	   25.0	43523.0	43237.4	 0.0658	 100.00	1329.00
    477	4007e8	    105	   25.0	43518.0	43238.0	 0.0658	 100.00	1329.09
    478	4007e8	    105	   25.0	43523.0	43238.6	 0.0657	 100.00	1329.18
    479	4007e8	    105	   20.0	43523.0	43239.2	 0.0656	 100.00	1329.28
    480	4007e8	    105	   20.0	43513.0	43239.8	 0.0658	 100.00	1329.38
    481	4007e8	    105	   15.0	43528.0	43240.4	 0.0658	 100.00	1329.48
    482	4007e8	    105	   35.0	43513.0	43240.9	 0.0659	 100.00	1329.58
    483	4007e8	    105	   20.0	43523.0	43241.5	 0.0658	 100.00	1329.66
    484	4007e8	    105	   30.0	43513.0	43242.1	 0.0658	 100.00	1329.76
    485	4007e8	    105	   15.0	43528.0	43242.7	 0.0657	 100.00	1329.86
    486	4007e8	    105	   20.0	43528.0	43243.2	 0.0657	 100.00	1329.97
    487	4007e8	    105	   30.0	43528.0	43243.8	 0.0658	 100.00	1330.07
    488	4007e8	    105	   20.0	43518.0	43244.4	 0.0657	 100.00	1330.17
    489	4007e8	    105	   20.0	43518.0	43244.9	 0.0657	 100.00	1330.27
    490	4007e8	    105	   20.0	43528.0	43245.5	 0.0657	 100.00	1330.36
    491	4007e8	    105	   15.0	43533.0	43246.1	 0.0657	 100.00	1330.46
    492	4007e8	    105	   65.0	43498.0	43246.6	 0.0662	 100.00	1330.56
    493	4007e8	    105	   15.0	43503.0	43247.1	 0.0660	 100.00	1330.66
    494	4007e8	    105	   20.0	43513.0	43247.7	 0.0662	 100.00	1330.76
    495	4007e8	    105	   20.0	43513.0	43248.2	 0.0661	 100.00	1330.85
    496	4007e8	    105	   20.0	43503.0	43248.7	 0.0662	 100.00	1330.97
    497	4007e8	    105	   30.0	 1244.0	43164.4	 0.0662	 100.00	1330.41
    498	4007e8	    105	   20.0	 1244.0	43080.4	 0.0661	 100.00	1330.50
    499	4007e8	    105	   15.0	   21.0	42994.2	 0.0660	 100.00	1330.35
    500	4007e8	    105	   30.0	   29.0	42908.5	 0.0659	 100.00	1330.45
    501	4007e8	    105	   20.0	   28.0	42823.1	 0.0658	 100.00	1330.27
    502	4007e8	    105	   35.0	   17.0	42738.0	 0.0658	 100.00	1330.13
    503	4007e8	    105	   15.0	   17.0	42653.2	 0.0658	 100.00	1330.12
    504	4007e8	    105	   20.0	   27.0	42568.8	 0.0657	 100.00	1329.73
    505	4007e8	    105	   20.0	   16.0	42484.7	 0.0657	 100.00	1329.04
    506	4007e8	    105	   25.0	   12.0	42400.9	 0.0657	 100.00	1327.63
    507	4007e8	    105	   25.0	   15.0	42317.5	 0.0657	 100.00	1325.94
    508	4007e8	    105	   25.0	   16.0	42234.4	 0.0656	 100.00	1324.26
    509	4007e8	    105	   15.0	    4.0	42151.6	 0.0656	 100.00	1322.73
    510	4007e8	    105	   30.0	    7.0	42069.1	 0.0655	 100.00	1321.26
    511	4007e8	    105	   15.0	   10.0	41987.0	 0.0655	 100.00	1320.08
    512	4007e8	    105	   40.0	   26.0	41905.2	 0.0658	 100.00	1318.92
    513	4007e8	    105	   15.0	   29.0	41823.7	 0.0657	 100.00	1317.84
    514	4007e8	    105	   20.0	    3.0	41742.5	 0.0656	 100.00	1316.64
    515	4007e8	    105	   25.0	    6.0	41661.6	 0.0655	 100.00	1315.23
    516	4007e8	    105	   25.0	   29.0	41581.1	 0.0655	 100.00	1314.90
    517	4007e8	    105	   15.0	   21.0	41500.8	 0.0656	 100.00	1314.44
    518	4007e8	    105	   30.0	   12.0	41420.9	 0.0656	 100.00	1313.71
    519	4007e8	    105	   20.0	   18.0	41341.3	 0.0655	 100.00	1313.57
    520	4007e8	    105	   25.0	   31.0	41262.0	 0.0654	 100.00	1313.51
    521	4007e8	    105	   15.0	   26.0	41183.0	 0.0653	 100.00	1313.36
    522	4007e8	    105	   20.0	   21.0	41104.3	 0.0652	 100.00	1313.31
    523	4007e8	    105	   30.0	   29.0	41025.9	 0.0653	 100.00	1313.27
    524	4007e8	    105	   30.0	   39.0	40947.8	 0.0652	 100.00	1313.23
    525	4007e8	    105	   20.0	   29.0	40870.0	 0.0652	 100.00	1313.31
    526	4007e8	    105	   20.0	   25.0	40792.5	 0.0651	 100.00	1313.29
    527	4007e8	    105	   15.0	   20.0	40715.3	 0.0650	 100.00	1313.38
    528	4007e8	    105	   30.0	   28.0	40638.4	 0.0650	 100.00	1313.35
    529	4007e8	    105	   20.0	   28.0	40561.8	 0.0649	 100.00	1313.20
    530	4007e8	    105	   25.0	   31.0	40485.4	 0.0648	 100.00	1313.18
    531	4007e8	    105	   15.0	   24.0	40409.4	 0.0647	 100.00	1313.03
    532	4007e8	    105	   25.0	   23.0	40333.6	 0.0647	 100.00	1312.95
    533	4007e8	    105	   45.0	   42.0	40258.2	 0.0649	 100.00	1312.84
    534	4007e8	    105	   20.0	   36.0	40183.0	 0.0648	 100.00	1312.91
    535	4007e8	    105	   15.0	   25.0	40108.1	 0.0650	 100.00	1313.02
    536	4007e8	    105	   25.0	   27.0	40033.4	 0.0650	 100.00	1313.18
    537	4007e8	    105	   15.0	   28.0	39959.1	 0.0649	 100.00	1313.27
    538	4007e8	    105	   35.0	   23.0	39885.0	 0.0649	 100.00	1313.24
    539	4007e8	    105	   15.0	   14.0	39811.1	 0.0649	 100.00	1313.35
    540	4007e8	    105	   25.0	   30.0	39737.6	 0.0648	 100.00	1313.20
    541	4007e8	    105	   20.0	   24.0	39664.3	 0.0647	 100.00	1313.36
    542	4007e8	    105	   25.0	   29.0	39591.3	 0.0647	 100.00	1313.62
    543	4007e8	    105	   30.0	   23.0	39518.6	 0.0647	 100.00	1313.78
    544	4007e8	    105	   20.0	   34.0	39446.2	 0.0649	 100.00	1313.99
    545	4007e8	    105	   15.0	   31.0	39374.0	 0.0648	 100.00	1314.14
    546	4007e8	    105	   25.0	   20.0	39302.0	 0.0647	 100.00	1314.39
    547	4007e8	    105	   20.0	   20.0	39230.3	 0.0646	 100.00	1314.50
    548	4007e8	    105	   35.0	   34.0	39158.9	 0.0647	 100.00	1314.64
    549	4007e8	    105	   15.0	   25.0	39087.8	 0.0646	 100.00	1314.76
    550	4007e8	    105	   20.0	   27.0	39016.9	 0.0645	 100.00	1314.88
    551	4007e8	    105	   25.0	   20.0	38946.2	 0.0645	 100.00	1315.01
    552	4007e8	    105	   20.0	   26.0	38875.9	 0.0644	 100.00	1315.09
    553	4007e8	    105	   35.0	   33.0	38805.8	 0.0645	 100.00	1315.23
    554	4007e8	    105	   20.0	   26.0	38735.9	 0.0644	 100.00	1315.47
    555	4007e8	    105	   15.0	   17.0	38666.2	 0.0643	 100.00	1315.61
    556	4007e8	    105	   35.0	   36.0	38596.9	 0.0643	 100.00	1315.87
    557	4007e8	    105	   15.0	   21.0	38527.8	 0.0642	 100.00	1316.00
    558	4007e8	    105	   20.0	   16.0	38458.9	 0.0643	 100.00	1316.26
    559	4007e8	    105	   25.0	   25.0	38390.2	 0.0642	 100.00	1316.39
    560	4007e8	    105	   20.0	   27.0	38321.8	 0.0642	 100.00	1316.64
    561	4007e8	    105	   25.0	   26.0	38253.7	 0.0642	 100.00	1316.79
    562	4007e8	    105	   20.0	   21.0	38185.8	 0.0642	 100.00	1317.04
    563	4007e8	    105	   15.0	   16.0	38118.1	 0.0642	 100.00	1317.18
    564	4007e8	    105	   40.0	   32.0	38050.7	 0.0643	 100.00	1317.42
    565	4007e8	    105	   20.0	   30.0	37983.5	 0.0642	 100.00	1317.52
    566	4007e8	    105	   25.0	   31.0	37916.6	 0.0641	 100.00	1317.76
    567	4007e8	    105	   15.0	   26.0	37849.9	 0.0641	 100.00	1317.89
    568	4007e8	    105	   20.0	   19.0	37783.4	 0.0641	 100.00	1318.14
    569	4007e8	    105	   25.0	   30.0	37717.2	 0.0640	 100.00	1318.29
    570	4007e8	    105	   25.0	   21.0	37651.2	 0.0639	 100.00	1318.55
    571	4007e8	    105	   20.0	   17.0	37585.4	 0.0640	 100.00	1318.69
    572	4007e8	    105	   25.0	   28.0	37519.8	 0.0640	 100.00	1318.96
    573	4007e8	    105	   15.0	   17.0	37454.5	 0.0639	 100.00	1319.06
    574	4007e8	    105	   55.0	   45.0	37389.4	 0.0643	 100.00	1319.20
    575	4007e8	    105	   15.0	   38.0	37324.6	 0.0642	 100.00	1319.29
    576	4007e8	    105	   25.0	   52.0	37260.0	 0.0644	 100.00	1319.41
    577	4007e8	    105	   15.0	   49.0	37195.6	 0.0643	 100.00	1319.48
    578	4007e8	    105	   20.0	   23.0	37131.4	 0.0643	 100.00	1319.74
    579	4007e8	    105	   30.0	   25.0	37067.4	 0.0642	 100.00	1319.89
    580	4007e8	    105	   25.0	   31.0	37003.7	 0.0641	 100.00	1320.15
    581	4007e8	    105	   15.0	   24.0	36940.1	 0.0642	 100.00	1320.27
    582	4007e8	    105	   25.0	   18.0	36876.8	 0.0641	 100.00	1320.52
    583	4007e8	    105	   20.0	   18.0	36813.7	 0.0640	 100.00	1320.63
    584	4007e8	    105	   35.0	   31.0	36750.8	 0.0643	 100.00	1320.85
    585	4007e8	    105	   15.0	   26.0	36688.1	 0.0642	 100.00	1320.96
    586	4007e8	    105	   20.0	   31.0	36625.7	 0.0641	 100.00	1321.18
    587	4007e8	    105	   20.0	   27.0	36563.4	 0.0640	 100.00	1321.31
    588	4007e8	    105	   30.0	   32.0	36501.4	 0.0640	 100.00	1321.52
    589	4007e8	    105	   25.0	   21.0	36439.6	 0.0641	 100.00	1321.67
    590	4007e8	    105	   20.0	   21.0	36378.0	 0.0640	 100.00	1321.85
    591	4007e8	    105	   15.0	   22.0	36316.6	 0.0639	 100.00	1321.96
    592	4007e8	    105	   25.0	   23.0	36255.4	 0.0640	 100.00	1322.03
    593	4007e8	    105	   20.0	   25.0	36194.4	 0.0639	 100.00	1322.14
    594	4007e8	    105	   40.0	   39.0	36133.6	 0.0639	 100.00	1322.25
    595	4007e8	    105	   15.0	   36.0	36073.0	 0.0638	 100.00	1322.36
    596	4007e8	    105	   25.0	   34.0	36012.7	 0.0639	 100.00	1322.54
    597	4007e8	    105	   25.0	   29.0	35952.5	 0.0639	 100.00	1322.68
    598	4007e8	    105	   20.0	   33.0	35892.5	 0.0639	 100.00	1322.92
    599	4007e8	    105	   15.0	   20.0	35832.7	 0.0639	 100.00	1323.06
    600	4007e8	    105	   30.0	   23.0	35773.2	 0.0640	 100.00	1323.29
    601	4007e8	    105	   15.0	   22.0	35713.8	 0.0640	 100.00	1323.44
    602	4007e8	    105	   30.0	   20.0	35654.6	 0.0640	 100.00	1323.65
    603	4007e8	    105	   15.0	   21.0	35595.6	 0.0641	 100.00	1323.78
    604	4007e8	    105	   25.0	   26.0	35536.8	 0.0641	 100.00	1324.01
    605	4007e8	    105	   30.0	   18.0	35478.2	 0.0641	 100.00	1324.15
    606	4007e8	    105	   25.0	   32.0	35419.8	 0.0641	 100.00	1324.37
    607	4007e8	    105	   20.0	   22.0	35361.6	 0.0641	 100.00	1324.51
    608	4007e8	    105	   20.0	   25.0	35303.5	 0.0641	 100.00	1324.71
    609	4007e8	    105	   15.0	   26.0	35245.7	 0.0642	 100.00	1324.85
    610	4007e8	    105	   30.0	   24.0	35188.1	 0.0642	 100.00	1325.05
    611	4007e8	    105	   20.0	   20.0	35130.6	 0.0641	 100.00	1325.20
    612	4007e8	    105	   30.0	   30.0	35073.3	 0.0642	 100.00	1325.41
    613	4007e8	    105	   15.0	   21.0	35016.2	 0.0641	 100.00	1325.53
    614	4007e8	    105	   20.0	   32.0	34959.4	 0.0642	 100.00	1325.74
    615	4007e8	    105	   45.0	   31.0	34902.7	 0.0644	 100.00	1325.87
    616	4007e8	    105	   20.0	   48.0	34846.2	 0.0644	 100.00	1326.11
    617	4007e8	    105	   20.0	   32.0	34789.8	 0.0645	 100.00	1326.22
    618	4007e8	    105	   20.0	   20.0	34733.7	 0.0644	 100.00	1326.43
    619	4007e8	    105	   15.0	   15.0	34677.7	 0.0643	 100.00	1326.55
    620	4007e8	    105	   40.0	   35.0	34621.9	 0.0643	 100.00	1326.77
    621	4007e8	    105	   15.0	   22.0	34566.3	 0.0642	 100.00	1326.87
    622	4007e8	    105	   20.0	   19.0	34510.8	 0.0642	 100.00	1327.09
    623	4007e8	    105	   20.0	   21.0	34455.5	 0.0642	 100.00	1327.19
    624	4007e8	    105	   20.0	   30.0	34400.4	 0.0642	 100.00	1327.40
    625	4007e8	    105	   35.0	   25.0	34345.5	 0.0643	 100.00	1327.50
    626	4007e8	    105	   20.0	   32.0	34290.8	 0.0642	 100.00	1327.70
    627	4007e8	    105	   15.0	   29.0	34236.2	 0.0642	 100.00	1327.78
    628	4007e8	    105	   30.0	   22.0	34181.9	 0.0642	 100.00	1327.98
    629	4007e8	    105	   20.0	   18.0	34127.6	 0.0642	 100.00	1328.08
    630	4007e8	    105	   30.0	   19.0	34073.6	 0.0642	 100.00	1328.27
    631	4007e8	    105	   15.0	   18.0	34019.7	 0.0641	 100.00	1328.33
    632	4007e8	    105	   20.0	   21.0	33966.0	 0.0640	 100.00	1328.50
    633	4007e8	    105	   20.0	   19.0	33912.4	 0.0639	 100.00	1328.55
    634	4007e8	    105	   25.0	   24.0	33859.1	 0.0638	 100.00	1328.71
    635	4007e8	    105	   35.0	   31.0	33805.9	 0.0639	 100.00	1328.79
    636	4007e8	    105	   25.0	   36.0	33752.9	 0.0638	 100.00	1328.98
    637	4007e8	    105	   15.0	   31.0	33700.0	 0.0637	 100.00	1329.09
    638	4007e8	    105	   30.0	   24.0	33647.3	 0.0637	 100.00	1329.28
    639	4007e8	    105	   15.0	   13.0	33594.8	 0.0637	 100.00	1329.35
    640	4007e8	    105	   30.0	   30.0	33542.4	 0.0638	 100.00	1329.44
    641	4007e8	    105	   15.0	   27.0	33490.2	 0.0637	 100.00	1329.49
    642	4007e8	    105	   20.0	   27.0	33438.1	 0.0637	 100.00	1329.58
    643	4007e8	    105	   25.0	   26.0	33386.3	 0.0636	 100.00	1329.64
    644	4007e8	    105	   25.0	   32.0	33334.5	 0.0636	 100.00	1329.71
    645	4007e8	    105	   15.0	   27.0	33283.0	 0.0635	 100.00	1329.74
    646	4007e8	    105	   35.0	   22.0	33231.6	 0.0636	 100.00	1329.93
    647	4007e8	    105	   20.0	   20.0	33180.3	 0.0635	 100.00	1330.00
    648	4007e8	    105	   25.0	   34.0	33129.3	 0.0635	 100.00	1330.16
    649	4007e8	    105	   15.0	   27.0	33078.3	 0.0634	 100.00	1330.22
    650	4007e8	    105	   20.0	   18.0	33027.5	 0.0634	 100.00	1330.38
    651	4007e8	    105	   25.0	   19.0	32976.9	 0.0633	 100.00	1330.49
    652	4007e8	    105	   30.0	   33.0	32926.5	 0.0633	 100.00	1330.50
    653	4007e8	    105	   20.0	   21.0	32876.2	 0.0632	 100.00	1330.54
    654	4007e8	    105	   20.0	   20.0	32826.0	 0.0632	 100.00	1330.61
    655	4007e8	    105	   15.0	   15.0	32776.0	 0.0632	 100.00	1330.64
    656	4007e8	    105	   65.0	   58.0	32726.2	 0.0639	 100.00	1330.71
    657	4007e8	    105	   20.0	   56.0	32676.5	 0.0638	 100.00	1330.70
    658	4007e8	    105	   25.0	   60.0	32627.0	 0.0639	 100.00	1330.86
    659	4007e8	    105	   15.0	   61.0	32577.7	 0.0638	 100.00	1330.91
    660	4007e8	    105	   25.0	   25.0	32528.4	 0.0638	 100.00	1331.07
    661	4007e8	    105	   30.0	   23.0	32479.3	 0.0638	 100.00	1331.12
    662	4007e8	    105	   20.0	   28.0	32430.4	 0.0637	 100.00	1331.28
    663	4007e8	    105	   15.0	   21.0	32381.6	 0.0638	 100.00	1331.38
    664	4007e8	    105	   25.0	   20.0	32332.9	 0.0638	 100.00	1331.43
    665	4007e8	    105	   15.0	   25.0	32284.4	 0.0637	 100.00	1331.45
    666	4007e8	    105	   40.0	   33.0	32236.1	 0.0636	 100.00	1331.55
    667	4007e8	    105	   15.0	   22.0	32187.8	 0.0635	 100.00	1331.56
    668	4007e8	    105	   25.0	   29.0	32139.8	 0.0635	 100.00	1331.67
    669	4007e8	    105	   20.0	   27.0	32091.8	 0.0634	 100.00	1331.64
    670	4007e8	    105	   25.0	   20.0	32044.0	 0.0633	 100.00	1331.80
    671	4007e8	    105	   25.0	   17.0	31996.4	 0.0633	 100.00	1331.86
    672	4007e8	    105	   20.0	   27.0	31948.9	 0.0634	 100.00	1332.02
    673	4007e8	    105	   15.0	   26.0	31901.5	 0.0633	 100.00	1332.06
    674	4007e8	    105	   25.0	   21.0	31854.3	 0.0633	 100.00	1332.22
    675	4007e8	    105	   20.0	   19.0	31807.2	 0.0632	 100.00	1332.29
    676	4007e8	    105	   45.0	   45.0	31760.3	 0.0632	 100.00	1332.36
    677	4007e8	    105	   15.0	   40.0	31713.5	 0.0631	 100.00	1332.39
    678	4007e8	    105	   20.0	   31.0	31666.8	 0.0630	 100.00	1332.49
    679	4007e8	    105	   25.0	   24.0	31620.3	 0.0630	 100.00	1332.55
    680	4007e8	    105	   20.0	   21.0	31573.9	 0.0630	 100.00	1332.63
    681	4007e8	    105	   25.0	   20.0	31527.6	 0.0629	 100.00	1332.64
    682	4007e8	    105	   20.0	   24.0	31481.5	 0.0628	 100.00	1332.81
    683	4007e8	    105	   15.0	   15.0	31435.5	 0.0627	 100.00	1332.90
    684	4007e8	    105	   35.0	   29.0	31389.6	 0.0627	 100.00	1333.09
    685	4007e8	    105	   15.0	   16.0	31343.9	 0.0626	 100.00	1333.20
    686	4007e8	    105	   20.0	   20.0	31298.3	 0.0626	 100.00	1333.38
    687	4007e8	    105	   30.0	   28.0	31252.9	 0.0626	 100.00	1333.47
    688	4007e8	    105	   20.0	   30.0	31207.5	 0.0626	 100.00	1333.65
    689	4007e8	    105	   25.0	   27.0	31162.4	 0.0625	 100.00	1333.76
    690	4007e8	    105	   20.0	   23.0	31117.3	 0.0624	 100.00	1333.93
    691	4007e8	    105	   15.0	   12.0	31072.3	 0.0625	 100.00	1334.02
    692	4007e8	    105	   35.0	   28.0	31027.5	 0.0624	 100.00	1334.19
    693	4007e8	    105	   20.0	   16.0	30982.9	 0.0624	 100.00	1334.29
    694	4007e8	    105	   25.0	   26.0	30938.3	 0.0623	 100.00	1334.44
    695	4007e8	    105	   15.0	   19.0	30893.9	 0.0622	 100.00	1334.52
    696	4007e8	    105	   20.0	   24.0	30849.6	 0.0622	 100.00	1334.68
    697	4007e8	    105	   40.0	   40.0	30805.5	 0.0622	 100.00	1334.77
    698	4007e8	    105	   25.0	   36.0	30761.4	 0.0622	 100.00	1334.93
    699	4007e8	    105	   20.0	   28.0	30717.5	 0.0621	 100.00	1335.01
    700	4007e8	    105	   25.0	   26.0	30673.8	 0.0621	 100.00	1335.15
    701	4007e8	    105	   15.0	   21.0	30630.1	 0.0620	 100.00	1335.21
    702	4007e8	    105	   35.0	   27.0	30586.6	 0.0620	 100.00	1335.28
    703	4007e8	    105	   15.0	   20.0	30543.1	 0.0619	 100.00	1335.34
    704	4007e8	    105	   25.0	   29.0	30499.9	 0.0620	 100.00	1335.39
    705	4007e8	    105	   15.0	   34.0	30456.7	 0.0619	 100.00	1335.44
    706	4007e8	    105	   20.0	   13.0	30413.6	 0.0619	 100.00	1335.50
    707	4007e8	    105	   35.0	   30.0	30370.7	 0.0619	 100.00	1335.59
    708	4007e8	    105	   25.0	   32.0	30327.9	 0.0618	 100.00	1335.74
    709	4007e8	    105	   15.0	   27.0	30285.3	 0.0618	 100.00	1335.82
    710	4007e8	    105	   25.0	   16.0	30242.7	 0.0618	 100.00	1335.95
    711	4007e8	    105	   20.0	   16.0	30200.2	 0.0617	 100.00	1336.03
    712	4007e8	    105	   30.0	   28.0	30157.9	 0.0617	 100.00	1336.16
    713	4007e8	    105	   15.0	   19.0	30115.7	 0.0616	 100.00	1336.23
    714	4007e8	    105	   20.0	   21.0	30073.6	 0.0615	 100.00	1336.38
    715	4007e8	    105	   20.0	   23.0	30031.6	 0.0615	 100.00	1336.45
    716	4007e8	    105	   30.0	   28.0	29989.8	 0.0614	 100.00	1336.60
    717	4007e8	    105	   35.0	   35.0	29948.1	 0.0614	 100.00	1336.67
    718	4007e8	    105	   20.0	   29.0	29906.5	 0.0614	 100.00	1336.81
    719	4007e8	    105	   15.0	   24.0	29865.0	 0.0613	 100.00	1336.85
    720	4007e8	    105	   25.0	   21.0	29823.6	 0.0613	 100.00	1336.92
    721	4007e8	    105	   20.0	   21.0	29782.3	 0.0612	 100.00	1336.96
    722	4007e8	    105	   30.0	   26.0	29741.1	 0.0611	 100.00	1337.01
    723	4007e8	    105	   15.0	   27.0	29700.1	 0.0610	 100.00	1337.05
    724	4007e8	    105	   25.0	   26.0	29659.2	 0.0610	 100.00	1337.09
    725	4007e8	    105	   25.0	   23.0	29618.3	 0.0610	 100.00	1337.16
    726	4007e8	    105	   20.0	   31.0	29577.6	 0.0609	 100.00	1337.30
    727	4007e8	    105	   15.0	   26.0	29537.1	 0.0609	 100.00	1337.37
    728	4007e8	    105	   35.0	   29.0	29496.6	 0.0610	 100.00	1337.50
    729	4007e8	    105	   15.0	   24.0	29456.2	 0.0609	 100.00	1337.57
    730	4007e8	    105	   30.0	   31.0	29416.0	 0.0608	 100.00	1337.85
    731	4007e8	    105	   15.0	   20.0	29375.8	 0.0608	 100.00	1336.19
    732	4007e8	    105	   25.0	   24.0	29335.8	 0.0607	 100.00	1334.97
    733	4007e8	    105	   25.0	   27.0	29295.8	 0.0607	 100.00	1335.00
    734	4007e8	    105	   25.0	   24.0	29256.0	 0.0606	 100.00	1335.11
    735	4007e8	    105	   20.0	   18.0	29216.3	 0.0605	 100.00	1334.68
    736	4007e8	    105	   20.0	   22.0	29176.7	 0.0606	 100.00	1334.24
    737	4007e8	    105	   15.0	    9.0	29137.1	 0.0606	 100.00	1333.83
    738	4007e8	    105	   50.0	   18.0	29097.7	 0.0607	 100.00	1332.79
    739	4007e8	    105	   20.0	   19.0	29058.4	 0.0606	 100.00	1331.74
    740	4007e8	    105	   30.0	   47.0	29019.3	 0.0606	 100.00	1331.80
    741	4007e8	    105	   15.0	   14.0	28980.2	 0.0605	 100.00	1331.74
    742	4007e8	    105	   20.0	   16.0	28941.2	 0.0605	 100.00	1331.77
    743	4007e8	    105	   30.0	   19.0	28902.3	 0.0604	 100.00	1331.72
    744	4007e8	    105	   20.0	   23.0	28863.6	 0.0603	 100.00	1331.65
    745	4007e8	    105	   20.0	   23.0	28824.9	 0.0603	 100.00	1330.95
    746	4007e8	    105	   20.0	    3.0	28786.3	 0.0602	 100.00	1330.93
    747	4007e8	    105	   15.0	    1.0	28747.8	 0.0601	 100.00	1330.34
    748	4007e8	    105	   45.0	   44.0	28709.5	 0.0601	 100.00	1330.25
    749	4007e8	    105	   15.0	   17.0	28671.3	 0.0600	 100.00	1330.24
    750	4007e8	    105	   20.0	   19.0	28633.1	 0.0599	 100.00	1330.18
    751	4007e8	    105	   20.0	   20.0	28595.1	 0.0599	 100.00	1330.18
    752	4007e8	    105	   20.0	   20.0	28557.1	 0.0599	 100.00	1330.15
    753	4007e8	    105	   30.0	   26.0	28519.3	 0.0598	 100.00	1330.15
    754	4007e8	    105	   20.0	   18.0	28481.5	 0.0598	 100.00	1330.12
    755	4007e8	    105	   15.0	   21.0	28443.9	 0.0597	 100.00	1329.62
