./asc:main.c:294: warning: auxv random bytes were not cleared
  Round	    PC	Excited	Hamming	   Loss	 Regret	    MSE	  Error	   MIPS
      0	400144	     45	42318.0	42318.0	42318.0	 0.1318	 100.00	  27.26
      1	4007fa	     45	 1222.0	43536.0	21768.0	 0.1185	 100.00	 227.77
      2	4007fa	     45	    8.0	43536.0	14512.0	 0.0790	 100.00	 365.09
      3	4007fa	     45	   10.0	43538.0	10884.5	 0.0592	 100.00	 463.24
      4	4007fa	     45	   10.0	43536.0	17414.8	 0.0474	 100.00	 542.79
      5	4007fa	     45	    6.0	43542.0	21769.3	 0.0426	 100.00	 598.76
      6	4007fa	     45	   12.0	43538.0	24879.1	 0.0484	 100.00	 656.09
      7	4007fa	     45	    8.0	43542.0	27212.0	 0.0423	 100.00	 706.84
      8	4007fa	     45	   10.0	43536.0	29025.8	 0.0376	 100.00	 750.29
      9	4007fa	     45	    6.0	43538.0	30477.0	 0.0339	 100.00	 789.18
     10	4007fa	     45	    8.0	43542.0	31664.7	 0.0310	 100.00	 822.02
     11	4007fa	     45	   12.0	43538.0	32654.2	 0.0302	 100.00	 852.50
     12	4007fa	     45	   12.0	43538.0	33491.4	 0.0281	 100.00	 879.33
     13	4007fa	     45	    8.0	43538.0	34209.0	 0.0261	 100.00	 903.86
     14	4007fa	     45	    8.0	43542.0	34831.2	 0.0244	 100.00	 925.77
     15	4007fa	     45	    6.0	43544.0	35375.8	 0.0229	 100.00	 945.90
     16	4007fa	     45	   12.0	43536.0	35855.8	 0.0263	 100.00	 963.53
     17	4007fa	     45	    8.0	43540.0	36282.7	 0.0248	 100.00	 980.56
     18	4007fa	     45	   10.0	43538.0	36664.5	 0.0245	 100.00	 995.63
     19	4007fa	     45	    6.0	43544.0	37008.5	 0.0233	 100.00	1010.09
     20	4007fa	     45	   10.0	43542.0	37319.6	 0.0231	 100.00	1023.03
     21	4007fa	     45	   16.0	43538.0	37602.3	 0.0220	 100.00	1035.33
     22	4007fa	     45	    8.0	43538.0	37860.3	 0.0211	 100.00	1046.25
     23	4007fa	     45	    6.0	43544.0	38097.2	 0.0203	 100.00	1057.36
     24	4007fa	     45	   10.0	43538.0	38314.8	 0.0195	 100.00	1066.78
     25	4007fa	     45	    6.0	43540.0	38515.8	 0.0187	 100.00	1076.73
     26	4007fa	     45	   14.0	43538.0	38701.8	 0.0189	 100.00	1085.11
     27	4007fa	     45	    6.0	43540.0	38874.6	 0.0182	 100.00	1093.14
     28	4007fa	     45	   10.0	43542.0	39035.5	 0.0176	 100.00	1101.14
     29	4007fa	     45	    8.0	43542.0	39185.7	 0.0170	 100.00	1108.61
     30	4007fa	     45	   10.0	43544.0	39326.3	 0.0165	 100.00	1115.82
     31	4007fa	     45	   12.0	43540.0	39458.0	 0.0160	 100.00	1122.68
     32	4007fa	     45	    8.0	43536.0	39581.6	 0.0155	 100.00	1129.21
     33	4007fa	     45	    6.0	43542.0	39698.1	 0.0150	 100.00	1135.06
     34	4007fa	     45	   10.0	43540.0	39807.8	 0.0146	 100.00	1140.94
     35	4007fa	     45	    8.0	43544.0	39911.6	 0.0142	 100.00	1146.64
     36	4007fa	     45	   14.0	43538.0	40009.6	 0.0140	 100.00	1151.80
     37	4007fa	     45	    6.0	43544.0	40102.6	 0.0136	 100.00	1156.69
     38	4007fa	     45	    8.0	43544.0	40190.9	 0.0133	 100.00	1161.50
     39	4007fa	     45	   10.0	43546.0	40274.8	 0.0139	 100.00	1166.08
     40	4007fa	     45	    8.0	43542.0	40354.4	 0.0136	 100.00	1170.48
     41	4007fa	     45	   16.0	43534.0	40430.1	 0.0143	 100.00	1174.79
     42	4007fa	     45	    8.0	43538.0	40502.4	 0.0139	 100.00	1178.80
     43	4007fa	     45	    6.0	43540.0	40571.5	 0.0136	 100.00	1182.57
     44	4007fa	     45	   14.0	43538.0	40637.4	 0.0133	 100.00	1186.30
     45	4007fa	     45	    6.0	43540.0	40700.5	 0.0130	 100.00	1189.71
     46	4007fa	     45	    8.0	43544.0	40761.0	 0.0127	 100.00	1193.15
     47	4007fa	     45	   10.0	43542.0	40818.9	 0.0125	 100.00	1196.44
     48	4007fa	     45	    8.0	43538.0	40874.4	 0.0122	 100.00	1199.67
     49	4007fa	     45	   10.0	43540.0	40927.7	 0.0120	 100.00	1202.80
     50	4007fa	     45	    8.0	43540.0	40978.9	 0.0118	 100.00	1205.81
     51	4007fa	     45	    6.0	43546.0	41028.3	 0.0115	 100.00	1208.59
     52	4007fa	     45	   16.0	43538.0	41075.7	 0.0116	 100.00	1211.34
     53	4007fa	     45	    8.0	43542.0	41121.3	 0.0113	 100.00	1213.95
     54	4007fa	     45	   10.0	43540.0	41165.3	 0.0111	 100.00	1216.51
     55	4007fa	     45	    6.0	43546.0	41207.8	 0.0110	 100.00	1218.76
     56	4007fa	     45	    8.0	43542.0	41248.8	 0.0113	 100.00	1221.13
     57	4007fa	     45	   10.0	43540.0	41288.3	 0.0112	 100.00	1223.05
     58	4007fa	     45	   10.0	43542.0	41326.5	 0.0110	 100.00	1225.32
     59	4007fa	     45	    8.0	43542.0	41363.4	 0.0108	 100.00	1227.18
     60	4007fa	     45	   10.0	43544.0	41399.1	 0.0106	 100.00	1229.30
     61	4007fa	     45	    6.0	43546.0	41433.8	 0.0105	 100.00	1231.19
     62	4007fa	     45	   18.0	43540.0	41467.2	 0.0103	 100.00	1233.23
     63	4007fa	     45	    6.0	43542.0	41499.6	 0.0103	 100.00	1235.09
     64	4007fa	     45	   10.0	43536.0	41531.0	 0.0104	 100.00	1237.00
     65	4007fa	     45	    6.0	43542.0	41561.4	 0.0103	 100.00	1238.76
     66	4007fa	     45	    8.0	43542.0	41591.0	 0.0101	 100.00	1240.53
     67	4007fa	     45	   12.0	43542.0	41619.7	 0.0100	 100.00	1242.12
     68	4007fa	     45	   10.0	43540.0	41647.5	 0.0098	 100.00	1243.81
     69	4007fa	     45	    6.0	43546.0	41674.6	 0.0097	 100.00	1245.14
     70	4007fa	     45	   10.0	43544.0	41701.0	 0.0096	 100.00	1246.75
     71	4007fa	     45	    8.0	43548.0	41726.6	 0.0094	 100.00	1248.37
     72	4007fa	     45	   14.0	43538.0	41751.4	 0.0100	 100.00	1249.68
     73	4007fa	     45	    6.0	43540.0	41775.6	 0.0099	 100.00	1250.99
     74	4007fa	     45	    8.0	43544.0	41799.2	 0.0098	 100.00	1252.41
     75	4007fa	     45	    8.0	43544.0	41822.1	 0.0097	 100.00	1253.61
     76	4007fa	     45	   12.0	43544.0	41844.5	 0.0096	 100.00	1254.98
     77	4007fa	     45	   10.0	43542.0	41866.3	 0.0096	 100.00	1256.19
     78	4007fa	     45	    8.0	43546.0	41887.5	 0.0095	 100.00	1257.53
     79	4007fa	     45	    6.0	43548.0	41908.3	 0.0094	 100.00	1258.74
     80	4007fa	     45	   10.0	43542.0	41928.4	 0.0098	 100.00	1260.01
     81	4007fa	     45	    8.0	43546.0	41948.2	 0.0097	 100.00	1261.04
     82	4007fa	     45	   20.0	43534.0	41967.3	 0.0109	 100.00	1262.24
     83	4007fa	     45	    6.0	43540.0	41986.0	 0.0108	 100.00	1263.33
     84	4007fa	     45	   10.0	43538.0	42004.3	 0.0108	 100.00	1264.49
     85	4007fa	     45	   10.0	43540.0	42022.1	 0.0107	 100.00	1265.47
     86	4007fa	     45	    8.0	43540.0	42039.6	 0.0106	 100.00	1266.64
     87	4007fa	     45	    6.0	43546.0	42056.7	 0.0106	 100.00	1267.52
     88	4007fa	     45	   12.0	43538.0	42073.3	 0.0113	 100.00	1268.59
     89	4007fa	     45	    6.0	43540.0	42089.6	 0.0111	 100.00	1269.63
     90	4007fa	     45	   12.0	43540.0	42105.6	 0.0110	 100.00	1270.67
     91	4007fa	     45	    6.0	43542.0	42121.2	 0.0109	 100.00	1271.56
     92	4007fa	     45	   10.0	43544.0	42136.5	 0.0109	 100.00	1272.56
     93	4007fa	     45	   12.0	43540.0	42151.4	 0.0114	 100.00	1273.31
     94	4007fa	     45	   10.0	43542.0	42166.0	 0.0113	 100.00	1274.27
     95	4007fa	     45	    8.0	43542.0	42180.4	 0.0114	 100.00	1275.13
     96	4007fa	     45	    8.0	43538.0	42194.4	 0.0120	 100.00	1276.04
     97	4007fa	     45	    6.0	43544.0	42208.1	 0.0118	 100.00	1276.87
     98	4007fa	     45	   12.0	43540.0	42221.6	 0.0117	 100.00	1277.70
     99	4007fa	     45	    8.0	43544.0	42234.8	 0.0116	 100.00	1278.37
    100	4007fa	     45	   12.0	43540.0	42247.7	 0.0117	 100.00	1279.23
    101	4007fa	     45	    6.0	43546.0	42260.5	 0.0116	 100.00	1279.97
    102	4007fa	     45	    8.0	43546.0	42273.0	 0.0116	 100.00	1280.81
    103	4007fa	     45	   16.0	43542.0	42285.2	 0.0115	 100.00	1281.61
    104	4007fa	     45	    8.0	43538.0	42297.1	 0.0113	 100.00	1282.39
    105	4007fa	     45	    8.0	43538.0	42308.8	 0.0112	 100.00	1282.98
    106	4007fa	     45	    8.0	43542.0	42320.3	 0.0111	 100.00	1283.77
    107	4007fa	     45	    6.0	43544.0	42331.6	 0.0110	 100.00	1284.42
    108	4007fa	     45	   16.0	43540.0	42342.7	 0.0109	 100.00	1285.22
    109	4007fa	     45	    6.0	43542.0	42353.6	 0.0108	 100.00	1285.85
    110	4007fa	     45	    8.0	43546.0	42364.4	 0.0108	 100.00	1286.64
    111	4007fa	     45	    8.0	43546.0	42374.9	 0.0107	 100.00	1287.10
    112	4007fa	     45	    8.0	43542.0	42385.3	 0.0108	 100.00	1287.80
    113	4007fa	     45	   14.0	43540.0	42395.4	 0.0108	 100.00	1288.45
    114	4007fa	     45	    8.0	43540.0	42405.3	 0.0107	 100.00	1289.06
    115	4007fa	     45	    6.0	43546.0	42415.2	 0.0106	 100.00	1289.77
    116	4007fa	     45	   12.0	43542.0	42424.8	 0.0108	 100.00	1290.26
    117	4007fa	     45	    8.0	43546.0	42434.3	 0.0107	 100.00	1290.90
    118	4007fa	     45	   12.0	43542.0	42443.6	 0.0109	 100.00	1291.51
    119	4007fa	     45	    6.0	43548.0	42452.8	 0.0111	 100.00	1292.13
    120	4007fa	     45	    8.0	43544.0	42461.8	 0.0117	 100.00	1292.72
    121	4007fa	     45	    8.0	43544.0	42470.7	 0.0116	 100.00	1293.27
    122	4007fa	     45	   10.0	43546.0	42479.4	 0.0118	 100.00	1293.72
    123	4007fa	     45	   16.0	43538.0	42488.0	 0.0131	 100.00	1294.24
    124	4007fa	     45	   10.0	43540.0	42496.4	 0.0132	 100.00	1294.72
    125	4007fa	     45	    6.0	43542.0	42504.7	 0.0131	 100.00	1295.25
    126	4007fa	     45	   12.0	43542.0	42512.9	 0.0130	 100.00	1295.64
    127	4007fa	     45	    6.0	43544.0	42520.9	 0.0129	 100.00	1296.13
    128	4007fa	     45	   12.0	43536.0	42528.8	 0.0143	 100.00	1296.42
    129	4007fa	     45	    6.0	43542.0	42536.6	 0.0142	 100.00	1296.89
    130	4007fa	     45	    8.0	43542.0	42544.3	 0.0141	 100.00	1297.28
    131	4007fa	     45	   10.0	43544.0	42551.8	 0.0140	 100.00	1297.78
    132	4007fa	     45	   10.0	43542.0	42559.3	 0.0140	 100.00	1298.25
    133	4007fa	     45	    6.0	43548.0	42566.7	 0.0139	 100.00	1298.74
    134	4007fa	     45	   14.0	43542.0	42573.9	 0.0140	 100.00	1299.05
    135	4007fa	     45	    8.0	43546.0	42581.0	 0.0139	 100.00	1299.53
    136	4007fa	     45	   10.0	43540.0	42588.0	 0.0138	 100.00	1299.92
    137	4007fa	     45	    6.0	43542.0	42594.9	 0.0137	 100.00	1300.48
    138	4007fa	     45	    8.0	43546.0	42601.8	 0.0136	 100.00	1300.93
    139	4007fa	     45	   10.0	43544.0	42608.5	 0.0137	 100.00	1301.54
    140	4007fa	     45	   12.0	43544.0	42615.1	 0.0136	 100.00	1301.88
    141	4007fa	     45	    8.0	43544.0	42621.7	 0.0136	 100.00	1302.38
    142	4007fa	     45	    8.0	43548.0	42628.2	 0.0135	 100.00	1302.75
    143	4007fa	     45	    6.0	43550.0	42634.6	 0.0134	 100.00	1303.29
    144	4007fa	     45	   16.0	43538.0	42640.8	 0.0139	 100.00	1303.74
    145	4007fa	     45	    8.0	43542.0	42647.0	 0.0138	 100.00	1304.23
    146	4007fa	     45	   10.0	43540.0	42653.0	 0.0138	 100.00	1304.59
    147	4007fa	     45	    6.0	43546.0	42659.1	 0.0137	 100.00	1305.11
    148	4007fa	     45	   10.0	43544.0	42665.0	 0.0136	 100.00	1305.51
    149	4007fa	     45	   12.0	43544.0	42670.9	 0.0135	 100.00	1305.95
    150	4007fa	     45	    8.0	43544.0	42676.7	 0.0134	 100.00	1306.36
    151	4007fa	     45	    6.0	43550.0	42682.4	 0.0135	 100.00	1306.85
    152	4007fa	     45	   10.0	43544.0	42688.0	 0.0138	 100.00	1307.19
    153	4007fa	     45	    6.0	43546.0	42693.6	 0.0137	 100.00	1307.61
    154	4007fa	     45	   16.0	43542.0	42699.1	 0.0137	 100.00	1308.04
    155	4007fa	     45	    6.0	43544.0	42704.5	 0.0136	 100.00	1308.89
    156	4007fa	     45	   10.0	43546.0	42709.9	 0.0137	 100.00	1309.25
    157	4007fa	     45	    8.0	43546.0	42715.2	 0.0136	 100.00	1309.67
    158	4007fa	     45	   10.0	43548.0	42720.4	 0.0136	 100.00	1309.97
    159	4007fa	     45	   10.0	43546.0	42725.6	 0.0135	 100.00	1310.40
    160	4007fa	     45	    8.0	43542.0	42730.6	 0.0134	 100.00	1310.76
    161	4007fa	     45	    6.0	43548.0	42735.7	 0.0133	 100.00	1311.18
    162	4007fa	     45	   10.0	43546.0	42740.6	 0.0132	 100.00	1311.51
    163	4007fa	     45	    8.0	43550.0	42745.6	 0.0131	 100.00	1311.94
    164	4007fa	     45	   24.0	43534.0	42750.4	 0.0137	 100.00	1312.21
    165	4007fa	     45	    6.0	43540.0	42755.1	 0.0136	 100.00	1312.64
    166	4007fa	     45	    8.0	43540.0	42759.8	 0.0135	 100.00	1312.97
    167	4007fa	     45	   10.0	43542.0	42764.5	 0.0135	 100.00	1313.38
    168	4007fa	     45	    8.0	43538.0	42769.0	 0.0134	 100.00	1313.71
    169	4007fa	     45	   10.0	43536.0	42773.6	 0.0133	 100.00	1314.12
    170	4007fa	     45	    8.0	43540.0	42778.0	 0.0132	 100.00	1314.40
    171	4007fa	     45	    6.0	43542.0	42782.5	 0.0131	 100.00	1314.78
    172	4007fa	     45	   14.0	43540.0	42786.9	 0.0132	 100.00	1315.10
    173	4007fa	     45	    6.0	43542.0	42791.2	 0.0131	 100.00	1315.48
    174	4007fa	     45	    8.0	43546.0	42795.5	 0.0133	 100.00	1315.79
    175	4007fa	     45	   12.0	43542.0	42799.8	 0.0135	 100.00	1316.19
    176	4007fa	     45	    8.0	43538.0	42803.9	 0.0134	 100.00	1316.44
    177	4007fa	     45	   10.0	43540.0	42808.1	 0.0133	 100.00	1316.81
    178	4007fa	     45	    8.0	43540.0	42812.1	 0.0133	 100.00	1317.09
    179	4007fa	     45	    6.0	43546.0	42816.2	 0.0132	 100.00	1317.45
    180	4007fa	     45	   14.0	43540.0	42820.2	 0.0134	 100.00	1317.75
    181	4007fa	     45	    8.0	43544.0	42824.2	 0.0133	 100.00	1318.09
    182	4007fa	     45	   10.0	43542.0	42828.1	 0.0132	 100.00	1318.31
    183	4007fa	     45	    6.0	43548.0	42832.0	 0.0131	 100.00	1318.66
    184	4007fa	     45	    8.0	43544.0	42835.9	 0.0131	 100.00	1318.92
    185	4007fa	     45	   14.0	43538.0	42839.7	 0.0131	 100.00	1319.26
    186	4007fa	     45	   10.0	43540.0	42843.4	 0.0130	 100.00	1319.46
    187	4007fa	     45	    8.0	43540.0	42847.1	 0.0130	 100.00	1319.79
    188	4007fa	     45	   10.0	43542.0	42850.8	 0.0131	 100.00	1320.01
    189	4007fa	     45	    6.0	43544.0	42854.4	 0.0130	 100.00	1320.29
    190	4007fa	     45	   14.0	43542.0	42858.0	 0.0131	 100.00	1320.55
    191	4007fa	     45	    6.0	43544.0	42861.6	 0.0130	 100.00	1320.81
    192	4007fa	     45	   10.0	43538.0	42865.1	 0.0132	 100.00	1321.06
    193	4007fa	     45	    6.0	43544.0	42868.6	 0.0132	 100.00	1321.38
    194	4007fa	     45	    8.0	43544.0	42872.1	 0.0135	 100.00	1321.54
    195	4007fa	     45	   14.0	43542.0	42875.5	 0.0135	 100.00	1321.83
    196	4007fa	     45	   10.0	43540.0	42878.9	 0.0135	 100.00	1322.07
    197	4007fa	     45	    6.0	43546.0	42882.2	 0.0135	 100.00	1322.36
    198	4007fa	     45	   10.0	43544.0	42885.6	 0.0134	 100.00	1322.60
    199	4007fa	     45	    8.0	43548.0	42888.9	 0.0133	 100.00	1322.91
    200	4007fa	     45	   12.0	43540.0	42892.1	 0.0133	 100.00	1323.11
    201	4007fa	     45	    6.0	43542.0	42895.3	 0.0132	 100.00	1323.41
    202	4007fa	     45	    8.0	43546.0	42898.5	 0.0132	 100.00	1323.63
    203	4007fa	     45	    8.0	43546.0	42901.7	 0.0132	 100.00	1323.95
    204	4007fa	     45	   12.0	43546.0	42904.8	 0.0132	 100.00	1324.16
    205	4007fa	     45	   16.0	43538.0	42907.9	 0.0132	 100.00	1324.44
    206	4007fa	     45	    8.0	43542.0	42911.0	 0.0132	 100.00	1324.62
    207	4007fa	     45	    6.0	43544.0	42914.0	 0.0131	 100.00	1324.89
    208	4007fa	     45	   10.0	43538.0	42917.0	 0.0131	 100.00	1325.06
    209	4007fa	     45	    8.0	43542.0	42920.0	 0.0130	 100.00	1325.23
    210	4007fa	     45	   12.0	43538.0	42922.9	 0.0129	 100.00	1325.39
    211	4007fa	     45	    6.0	43544.0	42925.8	 0.0129	 100.00	1325.60
    212	4007fa	     45	   10.0	43542.0	42928.7	 0.0128	 100.00	1325.72
    213	4007fa	     45	   10.0	43544.0	42931.6	 0.0128	 100.00	1325.90
    214	4007fa	     45	    8.0	43544.0	42934.5	 0.0127	 100.00	1326.05
    215	4007fa	     45	    6.0	43550.0	42937.3	 0.0127	 100.00	1326.22
    216	4007fa	     45	   14.0	43540.0	42940.1	 0.0128	 100.00	1326.41
    217	4007fa	     45	    6.0	43542.0	42942.9	 0.0128	 100.00	1326.62
    218	4007fa	     45	   12.0	43542.0	42945.6	 0.0128	 100.00	1326.70
    219	4007fa	     45	    6.0	43544.0	42948.3	 0.0127	 100.00	1326.90
    220	4007fa	     45	   10.0	43546.0	42951.0	 0.0128	 100.00	1327.10
    221	4007fa	     45	   10.0	43544.0	42953.7	 0.0129	 100.00	1327.27
    222	4007fa	     45	   10.0	43546.0	42956.3	 0.0129	 100.00	1327.42
    223	4007fa	     45	    8.0	43546.0	42959.0	 0.0128	 100.00	1327.67
    224	4007fa	     45	    8.0	43542.0	42961.6	 0.0130	 100.00	1327.72
    225	4007fa	     45	    6.0	43548.0	42964.2	 0.0130	 100.00	1327.99
    226	4007fa	     45	   16.0	43540.0	42966.7	 0.0130	 100.00	1328.09
    227	4007fa	     45	    8.0	43544.0	42969.2	 0.0129	 100.00	1328.29
    228	4007fa	     45	   12.0	43540.0	42971.7	 0.0129	 100.00	1328.37
    229	4007fa	     45	    6.0	43546.0	42974.2	 0.0128	 100.00	1328.45
    230	4007fa	     45	    8.0	43546.0	42976.7	 0.0128	 100.00	1328.60
    231	4007fa	     45	   12.0	43546.0	42979.1	 0.0127	 100.00	1328.74
    232	4007fa	     45	    8.0	43542.0	42981.6	 0.0127	 100.00	1328.85
    233	4007fa	     45	    8.0	43542.0	42984.0	 0.0127	 100.00	1328.87
    234	4007fa	     45	    8.0	43546.0	42986.3	 0.0127	 100.00	1329.03
    235	4007fa	     45	    6.0	43548.0	42988.7	 0.0126	 100.00	1329.10
    236	4007fa	     45	   18.0	43542.0	42991.1	 0.0126	 100.00	1329.23
    237	4007fa	     45	    6.0	43544.0	42993.4	 0.0125	 100.00	1329.31
    238	4007fa	     45	    8.0	43548.0	42995.7	 0.0126	 100.00	1329.44
    239	4007fa	     45	    8.0	43548.0	42998.0	 0.0125	 100.00	1329.53
    240	4007fa	     45	    8.0	43544.0	43000.3	 0.0126	 100.00	1329.66
    241	4007fa	     45	   12.0	43544.0	43002.5	 0.0126	 100.00	1329.68
    242	4007fa	     45	    8.0	43544.0	43004.7	 0.0126	 100.00	1329.82
    243	4007fa	     45	    6.0	43550.0	43007.0	 0.0125	 100.00	1329.96
    244	4007fa	     45	   12.0	43546.0	43009.2	 0.0125	 100.00	1330.08
    245	4007fa	     45	    8.0	43550.0	43011.4	 0.0124	 100.00	1330.21
    246	4007fa	     45	   20.0	43538.0	43013.5	 0.0125	 100.00	1330.34
    247	4007fa	     45	    6.0	43544.0	43015.7	 0.0125	 100.00	1330.38
    248	4007fa	     45	    8.0	43540.0	43017.8	 0.0124	 100.00	1330.52
    249	4007fa	     45	    8.0	43540.0	43019.8	 0.0124	 100.00	1330.60
    250	4007fa	     45	   10.0	43542.0	43021.9	 0.0123	 100.00	1330.79
    251	4007fa	     45	   10.0	43540.0	43024.0	 0.0123	 100.00	1330.96
    252	4007fa	     45	   10.0	43542.0	43026.0	 0.0123	 100.00	1331.16
    253	4007fa	     45	    6.0	43544.0	43028.1	 0.0122	 100.00	1331.31
    254	4007fa	     45	   12.0	43544.0	43030.1	 0.0123	 100.00	1331.48
    255	4007fa	     45	    6.0	43546.0	43032.1	 0.0123	 100.00	1331.78
    256	4007fa	     45	   14.0	43536.0	43034.1	 0.0126	 100.00	1331.92
    257	4007fa	     45	    6.0	43542.0	43036.0	 0.0125	 100.00	1332.03
    258	4007fa	     45	    8.0	43542.0	43038.0	 0.0125	 100.00	1332.19
    259	4007fa	     45	   10.0	43544.0	43039.9	 0.0124	 100.00	1332.25
    260	4007fa	     45	   10.0	43542.0	43041.9	 0.0124	 100.00	1332.40
    261	4007fa	     45	    6.0	43548.0	43043.8	 0.0123	 100.00	1332.52
    262	4007fa	     45	   12.0	43544.0	43045.7	 0.0123	 100.00	1332.68
    263	4007fa	     45	    8.0	43548.0	43047.6	 0.0122	 100.00	1332.79
    264	4007fa	     45	   10.0	43542.0	43049.5	 0.0122	 100.00	1332.94
    265	4007fa	     45	    6.0	43544.0	43051.3	 0.0121	 100.00	1333.01
    266	4007fa	     45	    8.0	43548.0	43053.2	 0.0121	 100.00	1333.14
    267	4007fa	     45	   14.0	43542.0	43055.0	 0.0121	 100.00	1333.24
    268	4007fa	     45	   12.0	43542.0	43056.8	 0.0120	 100.00	1333.38
    269	4007fa	     45	    8.0	43542.0	43058.6	 0.0120	 100.00	1333.48
    270	4007fa	     45	    8.0	43546.0	43060.4	 0.0120	 100.00	1333.64
    271	4007fa	     45	    6.0	43548.0	43062.2	 0.0119	 100.00	1333.72
    272	4007fa	     45	   12.0	43540.0	43064.0	 0.0119	 100.00	1333.88
    273	4007fa	     45	    8.0	43544.0	43065.7	 0.0118	 100.00	1333.99
    274	4007fa	     45	   10.0	43542.0	43067.4	 0.0118	 100.00	1334.15
    275	4007fa	     45	    6.0	43548.0	43069.2	 0.0117	 100.00	1334.28
    276	4007fa	     45	   10.0	43546.0	43070.9	 0.0117	 100.00	1334.43
    277	4007fa	     45	   14.0	43544.0	43072.6	 0.0118	 100.00	1334.53
    278	4007fa	     45	    8.0	43544.0	43074.3	 0.0117	 100.00	1334.68
    279	4007fa	     45	    6.0	43550.0	43076.0	 0.0117	 100.00	1334.79
    280	4007fa	     45	   10.0	43544.0	43077.7	 0.0116	 100.00	1334.94
    281	4007fa	     45	    6.0	43546.0	43079.3	 0.0116	 100.00	1335.06
    282	4007fa	     45	   14.0	43544.0	43081.0	 0.0116	 100.00	1335.21
    283	4007fa	     45	    6.0	43546.0	43082.6	 0.0115	 100.00	1335.29
    284	4007fa	     45	   10.0	43548.0	43084.2	 0.0115	 100.00	1335.45
    285	4007fa	     45	    8.0	43548.0	43085.9	 0.0115	 100.00	1335.56
    286	4007fa	     45	   10.0	43550.0	43087.5	 0.0115	 100.00	1335.71
    287	4007fa	     45	   16.0	43542.0	43089.0	 0.0116	 100.00	1335.82
    288	4007fa	     45	    8.0	43538.0	43090.6	 0.0116	 100.00	1335.96
    289	4007fa	     45	    6.0	43544.0	43092.2	 0.0115	 100.00	1336.04
    290	4007fa	     45	   10.0	43542.0	43093.7	 0.0115	 100.00	1336.17
    291	4007fa	     45	    8.0	43546.0	43095.3	 0.0114	 100.00	1336.29
    292	4007fa	     45	   14.0	43540.0	43096.8	 0.0114	 100.00	1336.44
    293	4007fa	     45	    6.0	43546.0	43098.3	 0.0114	 100.00	1336.54
    294	4007fa	     45	    8.0	43546.0	43099.8	 0.0113	 100.00	1336.68
    295	4007fa	     45	   10.0	43548.0	43101.3	 0.0113	 100.00	1336.75
    296	4007fa	     45	    8.0	43544.0	43102.8	 0.0113	 100.00	1336.88
    297	4007fa	     45	   12.0	43540.0	43104.3	 0.0114	 100.00	1336.98
    298	4007fa	     45	    8.0	43544.0	43105.8	 0.0113	 100.00	1337.12
    299	4007fa	     45	    6.0	43546.0	43107.2	 0.0113	 100.00	1337.20
    300	4007fa	     45	   14.0	43544.0	43108.7	 0.0112	 100.00	1337.30
    301	4007fa	     45	    6.0	43546.0	43110.1	 0.0112	 100.00	1337.37
    302	4007fa	     45	    8.0	43550.0	43111.6	 0.0112	 100.00	1337.50
    303	4007fa	     45	   10.0	43548.0	43113.0	 0.0113	 100.00	1337.62
    304	4007fa	     45	    8.0	43544.0	43114.4	 0.0112	 100.00	1337.76
    305	4007fa	     45	   10.0	43546.0	43115.8	 0.0112	 100.00	1337.85
    306	4007fa	     45	    8.0	43546.0	43117.2	 0.0112	 100.00	1337.97
    307	4007fa	     45	    6.0	43552.0	43118.7	 0.0111	 100.00	1338.04
    308	4007fa	     45	   18.0	43542.0	43120.0	 0.0112	 100.00	1338.17
    309	4007fa	     45	    8.0	43546.0	43121.4	 0.0112	 100.00	1338.24
    310	4007fa	     45	   10.0	43544.0	43122.8	 0.0112	 100.00	1338.36
    311	4007fa	     45	    6.0	43550.0	43124.1	 0.0112	 100.00	1338.46
    312	4007fa	     45	    8.0	43546.0	43125.5	 0.0111	 100.00	1338.58
    313	4007fa	     45	   10.0	43544.0	43126.8	 0.0111	 100.00	1338.59
    314	4007fa	     45	   10.0	43546.0	43128.1	 0.0111	 100.00	1338.70
    315	4007fa	     45	    8.0	43546.0	43129.5	 0.0111	 100.00	1338.76
    316	4007fa	     45	   10.0	43548.0	43130.8	 0.0110	 100.00	1338.81
    317	4007fa	     45	    6.0	43550.0	43132.1	 0.0111	 100.00	1338.91
    318	4007fa	     45	   16.0	43546.0	43133.4	 0.0110	 100.00	1338.94
    319	4007fa	     45	    6.0	43548.0	43134.7	 0.0110	 100.00	1339.01
    320	4007fa	     45	   10.0	43542.0	43136.0	 0.0111	 100.00	1339.09
    321	4007fa	     45	    6.0	43548.0	43137.2	 0.0111	 100.00	1339.20
    322	4007fa	     45	    8.0	43548.0	43138.5	 0.0111	 100.00	1339.28
    323	4007fa	     45	   12.0	43548.0	43139.8	 0.0110	 100.00	1339.37
    324	4007fa	     45	   10.0	43546.0	43141.0	 0.0110	 100.00	1339.42
    325	4007fa	     45	    6.0	43552.0	43142.3	 0.0110	 100.00	1339.53
    326	4007fa	     45	   10.0	43550.0	43143.5	 0.0109	 100.00	1339.61
    327	4007fa	     45	    8.0	43554.0	43144.8	 0.0110	 100.00	1339.71
    328	4007fa	     45	   24.0	43534.0	43146.0	 0.0116	 100.00	1339.77
    329	4007fa	     45	    6.0	43536.0	43147.2	 0.0116	 100.00	1339.89
    330	4007fa	     45	    8.0	43540.0	43148.3	 0.0116	 100.00	1339.94
    331	4007fa	     45	    8.0	43540.0	43149.5	 0.0115	 100.00	1340.02
    332	4007fa	     45	   12.0	43540.0	43150.7	 0.0116	 100.00	1340.06
    333	4007fa	     45	   10.0	43538.0	43151.9	 0.0116	 100.00	1340.15
    334	4007fa	     45	    8.0	43542.0	43153.0	 0.0117	 100.00	1340.18
    335	4007fa	     45	    6.0	43544.0	43154.2	 0.0118	 100.00	1340.29
    336	4007fa	     45	   10.0	43538.0	43155.3	 0.0119	 100.00	1340.29
    337	4007fa	     45	    8.0	43542.0	43156.5	 0.0119	 100.00	1340.40
    338	4007fa	     45	   14.0	43536.0	43157.6	 0.0119	 100.00	1340.34
    339	4007fa	     45	    6.0	43542.0	43158.7	 0.0119	 100.00	1340.44
    340	4007fa	     45	   10.0	43540.0	43159.8	 0.0119	 100.00	1340.52
    341	4007fa	     45	   10.0	43542.0	43160.9	 0.0118	 100.00	1340.61
    342	4007fa	     45	    8.0	43542.0	43162.1	 0.0118	 100.00	1340.69
    343	4007fa	     45	    6.0	43548.0	43163.2	 0.0118	 100.00	1340.78
    344	4007fa	     45	   12.0	43540.0	43164.3	 0.0118	 100.00	1340.82
    345	4007fa	     45	    6.0	43542.0	43165.4	 0.0117	 100.00	1340.91
    346	4007fa	     45	   12.0	43542.0	43166.4	 0.0118	 100.00	1340.96
    347	4007fa	     45	    6.0	43544.0	43167.5	 0.0117	 100.00	1341.06
    348	4007fa	     45	   10.0	43546.0	43168.6	 0.0117	 100.00	1341.10
    349	4007fa	     45	   14.0	43540.0	43169.7	 0.0118	 100.00	1341.21
    350	4007fa	     45	   10.0	43542.0	43170.7	 0.0117	 100.00	1341.28
    351	4007fa	     45	    8.0	43542.0	43171.8	 0.0117	 100.00	1341.38
    352	4007fa	     45	    8.0	43538.0	43172.8	 0.0117	 100.00	1341.45
    353	4007fa	     45	    6.0	43544.0	43173.9	 0.0117	 100.00	1341.55
    354	4007fa	     45	   12.0	43540.0	43174.9	 0.0118	 100.00	1341.54
    355	4007fa	     45	    8.0	43544.0	43175.9	 0.0117	 100.00	1341.65
    356	4007fa	     45	   12.0	43540.0	43177.0	 0.0117	 100.00	1341.71
    357	4007fa	     45	    6.0	43546.0	43178.0	 0.0117	 100.00	1341.81
    358	4007fa	     45	    8.0	43546.0	43179.0	 0.0117	 100.00	1341.84
    359	4007fa	     45	   14.0	43544.0	43180.0	 0.0118	 100.00	1341.92
    360	4007fa	     45	    8.0	43540.0	43181.0	 0.0118	 100.00	1341.94
    361	4007fa	     45	    8.0	43540.0	43182.0	 0.0119	 100.00	1342.02
    362	4007fa	     45	    8.0	43544.0	43183.0	 0.0119	 100.00	1342.09
    363	4007fa	     45	    6.0	43546.0	43184.0	 0.0118	 100.00	1342.16
    364	4007fa	     45	   16.0	43542.0	43185.0	 0.0118	 100.00	1342.23
    365	4007fa	     45	    6.0	43544.0	43186.0	 0.0120	 100.00	1342.29
    366	4007fa	     45	    8.0	43548.0	43187.0	 0.0121	 100.00	1342.31
    367	4007fa	     45	    8.0	43548.0	43188.0	 0.0120	 100.00	1342.40
    368	4007fa	     45	    8.0	43544.0	43188.9	 0.0120	 100.00	1342.43
    369	4007fa	     45	   18.0	43538.0	43189.9	 0.0124	 100.00	1342.53
    370	4007fa	     45	    8.0	43538.0	43190.8	 0.0124	 100.00	1342.58
    371	4007fa	     45	    6.0	43544.0	43191.7	 0.0124	 100.00	1342.65
    372	4007fa	     45	   12.0	43540.0	43192.7	 0.0123	 100.00	1342.66
    373	4007fa	     45	    8.0	43544.0	43193.6	 0.0123	 100.00	1342.74
    374	4007fa	     45	   12.0	43540.0	43194.5	 0.0123	 100.00	1342.79
    375	4007fa	     45	    6.0	43546.0	43195.5	 0.0122	 100.00	1342.86
    376	4007fa	     45	    8.0	43542.0	43196.4	 0.0122	 100.00	1342.90
    377	4007fa	     45	    8.0	43542.0	43197.3	 0.0122	 100.00	1342.96
    378	4007fa	     45	   10.0	43544.0	43198.2	 0.0121	 100.00	1342.98
    379	4007fa	     45	   12.0	43540.0	43199.1	 0.0121	 100.00	1343.05
    380	4007fa	     45	   10.0	43542.0	43200.0	 0.0121	 100.00	1343.10
    381	4007fa	     45	    6.0	43544.0	43200.9	 0.0120	 100.00	1343.17
    382	4007fa	     45	   12.0	43544.0	43201.8	 0.0120	 100.00	1343.20
    383	4007fa	     45	    6.0	43546.0	43202.7	 0.0120	 100.00	1343.27
    384	4007fa	     45	   12.0	43538.0	43203.6	 0.0122	 100.00	1343.28
    385	4007fa	     45	    6.0	43544.0	43204.5	 0.0122	 100.00	1343.36
    386	4007fa	     45	    8.0	43544.0	43205.3	 0.0122	 100.00	1343.38
    387	4007fa	     45	   10.0	43546.0	43206.2	 0.0121	 100.00	1343.44
    388	4007fa	     45	   10.0	43544.0	43207.1	 0.0121	 100.00	1343.49
    389	4007fa	     45	    6.0	43550.0	43208.0	 0.0122	 100.00	1343.55
    390	4007fa	     45	   16.0	43542.0	43208.8	 0.0123	 100.00	1343.57
    391	4007fa	     45	    8.0	43546.0	43209.7	 0.0122	 100.00	1343.65
    392	4007fa	     45	   10.0	43540.0	43210.5	 0.0122	 100.00	1343.67
    393	4007fa	     45	    6.0	43542.0	43211.4	 0.0122	 100.00	1343.72
    394	4007fa	     45	    8.0	43546.0	43212.2	 0.0122	 100.00	1343.78
    395	4007fa	     45	   10.0	43544.0	43213.1	 0.0121	 100.00	1343.79
    396	4007fa	     45	   12.0	43544.0	43213.9	 0.0121	 100.00	1343.85
    397	4007fa	     45	    8.0	43544.0	43214.7	 0.0121	 100.00	1343.91
    398	4007fa	     45	    8.0	43548.0	43215.6	 0.0121	 100.00	1343.96
    399	4007fa	     45	    6.0	43550.0	43216.4	 0.0121	 100.00	1344.02
    400	4007fa	     45	   14.0	43540.0	43217.2	 0.0121	 100.00	1344.07
    401	4007fa	     45	    8.0	43544.0	43218.0	 0.0121	 100.00	1344.08
    402	4007fa	     45	   10.0	43542.0	43218.8	 0.0120	 100.00	1344.11
    403	4007fa	     45	    6.0	43548.0	43219.6	 0.0120	 100.00	1344.16
    404	4007fa	     45	   10.0	43546.0	43220.4	 0.0120	 100.00	1344.17
    405	4007fa	     45	   12.0	43546.0	43221.2	 0.0120	 100.00	1344.20
    406	4007fa	     45	    8.0	43546.0	43222.0	 0.0120	 100.00	1344.25
    407	4007fa	     45	    6.0	43552.0	43222.8	 0.0120	 100.00	1344.25
    408	4007fa	     45	   10.0	43546.0	43223.6	 0.0119	 100.00	1344.31
    409	4007fa	     45	    6.0	43548.0	43224.4	 0.0119	 100.00	1344.33
    410	4007fa	     45	   22.0	43538.0	43225.2	 0.0121	 100.00	1344.40
    411	4007fa	     45	    6.0	43540.0	43226.0	 0.0121	 100.00	1344.42
    412	4007fa	     45	   10.0	43542.0	43226.7	 0.0122	 100.00	1344.50
    413	4007fa	     45	    8.0	43542.0	43227.5	 0.0121	 100.00	1344.50
    414	4007fa	     45	   10.0	43544.0	43228.2	 0.0121	 100.00	1344.56
    415	4007fa	     45	   10.0	43542.0	43229.0	 0.0121	 100.00	1344.62
    416	4007fa	     45	    8.0	43538.0	43229.7	 0.0120	 100.00	1344.68
    417	4007fa	     45	    6.0	43544.0	43230.5	 0.0121	 100.00	1344.71
    418	4007fa	     45	   10.0	43542.0	43231.2	 0.0121	 100.00	1344.77
    419	4007fa	     45	    8.0	43546.0	43232.0	 0.0120	 100.00	1344.77
    420	4007fa	     45	   16.0	43538.0	43232.7	 0.0121	 100.00	1344.85
    421	4007fa	     45	    6.0	43544.0	43233.4	 0.0121	 100.00	1344.88
    422	4007fa	     45	    8.0	43544.0	43234.2	 0.0120	 100.00	1344.94
    423	4007fa	     45	   10.0	43546.0	43234.9	 0.0121	 100.00	1344.98
    424	4007fa	     45	    8.0	43542.0	43235.6	 0.0120	 100.00	1345.05
    425	4007fa	     45	   10.0	43540.0	43236.4	 0.0120	 100.00	1345.07
    426	4007fa	     45	    8.0	43544.0	43237.1	 0.0120	 100.00	1345.15
    427	4007fa	     45	    6.0	43546.0	43237.8	 0.0119	 100.00	1345.20
    428	4007fa	     45	   14.0	43544.0	43238.5	 0.0119	 100.00	1345.28
    429	4007fa	     45	    6.0	43546.0	43239.2	 0.0119	 100.00	1345.32
    430	4007fa	     45	    8.0	43550.0	43239.9	 0.0119	 100.00	1345.40
    431	4007fa	     45	   14.0	43544.0	43240.6	 0.0118	 100.00	1345.44
    432	4007fa	     45	    8.0	43540.0	43241.3	 0.0118	 100.00	1345.51
    433	4007fa	     45	   10.0	43542.0	43242.0	 0.0118	 100.00	1345.55
    434	4007fa	     45	    8.0	43542.0	43242.7	 0.0118	 100.00	1345.63
    435	4007fa	     45	    6.0	43548.0	43243.4	 0.0118	 100.00	1345.67
    436	4007fa	     45	   14.0	43542.0	43244.1	 0.0118	 100.00	1345.75
    437	4007fa	     45	    8.0	43546.0	43244.8	 0.0118	 100.00	1345.77
    438	4007fa	     45	   10.0	43544.0	43245.5	 0.0118	 100.00	1345.84
    439	4007fa	     45	    6.0	43550.0	43246.2	 0.0118	 100.00	1345.88
    440	4007fa	     45	    8.0	43546.0	43246.8	 0.0119	 100.00	1345.96
    441	4007fa	     45	   12.0	43542.0	43247.5	 0.0118	 100.00	1346.00
    442	4007fa	     45	   10.0	43544.0	43248.2	 0.0118	 100.00	1346.07
    443	4007fa	     45	    8.0	43544.0	43248.9	 0.0118	 100.00	1346.08
    444	4007fa	     45	   10.0	43546.0	43249.5	 0.0118	 100.00	1346.14
    445	4007fa	     45	    6.0	43548.0	43250.2	 0.0117	 100.00	1346.17
    446	4007fa	     45	   14.0	43546.0	43250.9	 0.0117	 100.00	1346.23
    447	4007fa	     45	    6.0	43548.0	43251.5	 0.0117	 100.00	1346.27
    448	4007fa	     45	   10.0	43542.0	43252.2	 0.0119	 100.00	1346.31
    449	4007fa	     45	    6.0	43548.0	43252.8	 0.0119	 100.00	1346.31
    450	4007fa	     45	    8.0	43548.0	43253.5	 0.0119	 100.00	1346.37
    451	4007fa	     45	   18.0	43542.0	43254.1	 0.0120	 100.00	1346.41
    452	4007fa	     45	   10.0	43540.0	43254.7	 0.0119	 100.00	1346.46
    453	4007fa	     45	    6.0	43546.0	43255.4	 0.0119	 100.00	1346.48
    454	4007fa	     45	   10.0	43544.0	43256.0	 0.0119	 100.00	1346.54
    455	4007fa	     45	    8.0	43548.0	43256.7	 0.0119	 100.00	1346.55
    456	4007fa	     45	   12.0	43540.0	43257.3	 0.0119	 100.00	1346.60
    457	4007fa	     45	    6.0	43542.0	43257.9	 0.0119	 100.00	1346.64
    458	4007fa	     45	    8.0	43546.0	43258.5	 0.0119	 100.00	1346.70
    459	4007fa	     45	    8.0	43546.0	43259.2	 0.0119	 100.00	1346.74
    460	4007fa	     45	   12.0	43546.0	43259.8	 0.0118	 100.00	1346.80
    461	4007fa	     45	   12.0	43542.0	43260.4	 0.0119	 100.00	1346.81
    462	4007fa	     45	    8.0	43546.0	43261.0	 0.0118	 100.00	1346.86
    463	4007fa	     45	    6.0	43548.0	43261.6	 0.0118	 100.00	1346.89
    464	4007fa	     45	   10.0	43542.0	43262.2	 0.0118	 100.00	1346.91
    465	4007fa	     45	    8.0	43546.0	43262.8	 0.0118	 100.00	1346.94
    466	4007fa	     45	   12.0	43542.0	43263.4	 0.0118	 100.00	1347.00
    467	4007fa	     45	    6.0	43548.0	43264.0	 0.0117	 100.00	1347.01
    468	4007fa	     45	   10.0	43546.0	43264.6	 0.0117	 100.00	1347.08
    469	4007fa	     45	   10.0	43548.0	43265.2	 0.0117	 100.00	1347.09
    470	4007fa	     45	    8.0	43548.0	43265.8	 0.0117	 100.00	1347.18
    471	4007fa	     45	    6.0	43554.0	43266.5	 0.0117	 100.00	1347.19
    472	4007fa	     45	   16.0	43542.0	43267.0	 0.0119	 100.00	1347.27
    473	4007fa	     45	    6.0	43544.0	43267.6	 0.0119	 100.00	1347.25
    474	4007fa	     45	   12.0	43544.0	43268.2	 0.0118	 100.00	1347.29
    475	4007fa	     45	    6.0	43546.0	43268.8	 0.0118	 100.00	1347.33
    476	4007fa	     45	   10.0	43548.0	43269.4	 0.0120	 100.00	1347.36
    477	4007fa	     45	   10.0	43546.0	43269.9	 0.0120	 100.00	1347.40
    478	4007fa	     45	   10.0	43548.0	43270.5	 0.0120	 100.00	1347.42
    479	4007fa	     45	    8.0	43548.0	43271.1	 0.0120	 100.00	1347.47
    480	4007fa	     45	    8.0	43544.0	43271.7	 0.0120	 100.00	1347.52
    481	4007fa	     45	    6.0	43550.0	43272.3	 0.0120	 100.00	1347.57
    482	4007fa	     45	   14.0	43544.0	43272.8	 0.0121	 100.00	1347.61
    483	4007fa	     45	    8.0	43548.0	43273.4	 0.0121	 100.00	1347.67
    484	4007fa	     45	   12.0	43544.0	43273.9	 0.0122	 100.00	1347.69
    485	4007fa	     45	    6.0	43550.0	43274.5	 0.0121	 100.00	1347.75
    486	4007fa	     45	    8.0	43550.0	43275.1	 0.0121	 100.00	1347.81
    487	4007fa	     45	   12.0	43550.0	43275.6	 0.0122	 100.00	1347.86
    488	4007fa	     45	    8.0	43546.0	43276.2	 0.0122	 100.00	1347.92
    489	4007fa	     45	    8.0	43546.0	43276.7	 0.0123	 100.00	1347.97
    490	4007fa	     45	    8.0	43550.0	43277.3	 0.0123	 100.00	1348.00
    491	4007fa	     45	    6.0	43552.0	43277.9	 0.0124	 100.00	1348.05
    492	4007fa	     45	   26.0	43538.0	43278.4	 0.0126	 100.00	1348.07
    493	4007fa	     45	    6.0	43540.0	43278.9	 0.0126	 100.00	1348.14
    494	4007fa	     45	    8.0	 1288.0	43194.1	 0.0126	 100.00	1348.29
    495	4007fa	     45	    8.0	 1288.0	43109.6	 0.0126	 100.00	1348.33
    496	4007fa	     45	    8.0	   12.0	43022.9	 0.0126	 100.00	1348.44
    497	4007fa	     45	   12.0	    8.0	42936.5	 0.0125	 100.00	1348.49
    498	4007fa	     45	    8.0	    8.0	42850.5	 0.0125	 100.00	1348.62
    499	4007fa	     45	    6.0	    6.0	42764.8	 0.0125	 100.00	1348.66
    500	4007fa	     45	   12.0	   12.0	42679.5	 0.0125	 100.00	1348.79
    501	4007fa	     45	    8.0	    8.0	42594.5	 0.0125	 100.00	1348.83
    502	4007fa	     45	   14.0	   14.0	42509.8	 0.0125	 100.00	1348.93
    503	4007fa	     45	    6.0	   14.0	42425.5	 0.0124	 100.00	1348.96
    504	4007fa	     45	    8.0	    8.0	42341.5	 0.0124	 100.00	1349.12
    505	4007fa	     45	    8.0	    8.0	42257.8	 0.0124	 100.00	1349.17
    506	4007fa	     45	   10.0	   10.0	42174.5	 0.0124	 100.00	1349.35
    507	4007fa	     45	   10.0	    8.0	42091.5	 0.0124	 100.00	1349.40
    508	4007fa	     45	   10.0	   10.0	42008.8	 0.0124	 100.00	1349.62
    509	4007fa	     45	    6.0	    8.0	41926.5	 0.0123	 100.00	1349.59
    510	4007fa	     45	   12.0	   11.0	41844.4	 0.0123	 100.00	1349.76
    511	4007fa	     45	    6.0	    5.0	41762.7	 0.0123	 100.00	1349.76
    512	4007fa	     45	   16.0	   17.0	41681.3	 0.0128	 100.00	1349.88
    513	4007fa	     45	    6.0	   19.0	41600.3	 0.0127	 100.00	1349.90
    514	4007fa	     45	    8.0	   13.0	41519.5	 0.0127	 100.00	1350.09
    515	4007fa	     45	   10.0	    9.0	41439.1	 0.0127	 100.00	1350.04
    516	4007fa	     45	   10.0	   10.0	41359.0	 0.0127	 100.00	1350.21
    517	4007fa	     45	    6.0	    8.0	41279.1	 0.0126	 100.00	1350.23
    518	4007fa	     45	   12.0	   12.0	41199.6	 0.0126	 100.00	1350.40
    519	4007fa	     45	    8.0	    8.0	41120.4	 0.0126	 100.00	1350.43
    520	4007fa	     45	   10.0	   10.0	41041.5	 0.0126	 100.00	1350.60
    521	4007fa	     45	    6.0	    8.0	40962.9	 0.0126	 100.00	1350.61
    522	4007fa	     45	    8.0	    7.0	40884.6	 0.0126	 100.00	1350.74
    523	4007fa	     45	   12.0	    9.0	40806.6	 0.0126	 100.00	1350.76
    524	4007fa	     45	   12.0	   18.0	40728.9	 0.0126	 100.00	1350.89
    525	4007fa	     45	    8.0	   14.0	40651.5	 0.0126	 100.00	1350.90
    526	4007fa	     45	    8.0	    8.0	40574.3	 0.0126	 100.00	1351.04
    527	4007fa	     45	    6.0	    6.0	40497.5	 0.0126	 100.00	1351.02
    528	4007fa	     45	   12.0	   13.0	40421.0	 0.0126	 100.00	1351.18
    529	4007fa	     45	    8.0	   11.0	40344.7	 0.0126	 100.00	1351.20
    530	4007fa	     45	   10.0	   10.0	40268.8	 0.0126	 100.00	1351.35
    531	4007fa	     45	    6.0	    6.0	40193.1	 0.0126	 100.00	1351.37
    532	4007fa	     45	   10.0	   12.0	40117.7	 0.0128	 100.00	1351.53
    533	4007fa	     45	   18.0	   14.0	40042.6	 0.0129	 100.00	1351.53
    534	4007fa	     45	    8.0	   15.0	39967.8	 0.0129	 100.00	1351.69
    535	4007fa	     45	    6.0	   13.0	39893.2	 0.0129	 100.00	1351.70
    536	4007fa	     45	   10.0	    9.0	39819.0	 0.0129	 100.00	1351.86
    537	4007fa	     45	    6.0	    9.0	39745.0	 0.0129	 100.00	1351.89
    538	4007fa	     45	   14.0	   12.0	39671.3	 0.0129	 100.00	1352.04
    539	4007fa	     45	    6.0	    6.0	39597.8	 0.0128	 100.00	1352.06
    540	4007fa	     45	   10.0	   10.0	39524.6	 0.0129	 100.00	1352.20
    541	4007fa	     45	    8.0	   10.0	39451.7	 0.0129	 100.00	1352.22
    542	4007fa	     45	   10.0	    8.0	39379.1	 0.0128	 100.00	1352.38
    543	4007fa	     45	   12.0	    8.0	39306.7	 0.0128	 100.00	1352.41
    544	4007fa	     45	    8.0	    8.0	39234.6	 0.0129	 100.00	1352.54
    545	4007fa	     45	    6.0	   10.0	39162.8	 0.0129	 100.00	1352.55
    546	4007fa	     45	   10.0	    9.0	39091.2	 0.0128	 100.00	1352.70
    547	4007fa	     45	    8.0	    3.0	39019.9	 0.0128	 100.00	1352.72
    548	4007fa	     45	   14.0	   14.0	38948.8	 0.0128	 100.00	1352.88
    549	4007fa	     45	    6.0	   12.0	38878.0	 0.0128	 100.00	1352.90
    550	4007fa	     45	    8.0	    8.0	38807.5	 0.0128	 100.00	1353.05
    551	4007fa	     45	   10.0	    6.0	38737.2	 0.0129	 100.00	1353.06
    552	4007fa	     45	    8.0	   15.0	38667.2	 0.0128	 100.00	1353.21
    553	4007fa	     45	   14.0	    7.0	38597.4	 0.0131	 100.00	1353.23
    554	4007fa	     45	    8.0	   13.0	38527.9	 0.0130	 100.00	1353.38
    555	4007fa	     45	    6.0	   11.0	38458.6	 0.0130	 100.00	1353.42
    556	4007fa	     45	   14.0	   14.0	38389.6	 0.0130	 100.00	1353.55
    557	4007fa	     45	    6.0	    8.0	38320.8	 0.0130	 100.00	1353.56
    558	4007fa	     45	    8.0	    6.0	38252.2	 0.0130	 100.00	1353.71
    559	4007fa	     45	   10.0	    8.0	38183.9	 0.0130	 100.00	1353.74
    560	4007fa	     45	    8.0	    8.0	38115.9	 0.0129	 100.00	1353.89
    561	4007fa	     45	   10.0	   10.0	38048.1	 0.0129	 100.00	1353.89
    562	4007fa	     45	    8.0	    8.0	37980.5	 0.0129	 100.00	1354.04
    563	4007fa	     45	    6.0	    6.0	37913.2	 0.0129	 100.00	1354.06
    564	4007fa	     45	   16.0	   16.0	37846.1	 0.0129	 100.00	1354.20
    565	4007fa	     45	    8.0	   12.0	37779.3	 0.0129	 100.00	1354.23
    566	4007fa	     45	   10.0	   12.0	37712.7	 0.0129	 100.00	1354.38
    567	4007fa	     45	    6.0	   10.0	37646.3	 0.0129	 100.00	1354.43
    568	4007fa	     45	    8.0	    8.0	37580.1	 0.0128	 100.00	1354.58
    569	4007fa	     45	   10.0	   10.0	37514.2	 0.0128	 100.00	1354.40
    570	4007fa	     45	   10.0	   10.0	37448.5	 0.0128	 100.00	1354.55
    571	4007fa	     45	    8.0	    6.0	37383.1	 0.0128	 100.00	1354.56
    572	4007fa	     45	   10.0	   10.0	37317.9	 0.0127	 100.00	1354.69
    573	4007fa	     45	    6.0	    8.0	37252.9	 0.0127	 100.00	1354.72
    574	4007fa	     45	   22.0	   22.0	37188.1	 0.0129	 100.00	1354.85
    575	4007fa	     45	    6.0	   16.0	37123.6	 0.0129	 100.00	1354.83
    576	4007fa	     45	   10.0	   16.0	37059.3	 0.0129	 100.00	1354.95
    577	4007fa	     45	    6.0	   18.0	36995.2	 0.0128	 100.00	1354.95
    578	4007fa	     45	    8.0	    9.0	36931.3	 0.0129	 100.00	1355.07
    579	4007fa	     45	   12.0	    7.0	36867.6	 0.0129	 100.00	1355.08
    580	4007fa	     45	   10.0	   14.0	36804.2	 0.0129	 100.00	1355.19
    581	4007fa	     45	    6.0	    8.0	36741.0	 0.0129	 100.00	1355.16
    582	4007fa	     45	   10.0	   10.0	36678.0	 0.0129	 100.00	1355.29
    583	4007fa	     45	    8.0	    6.0	36615.2	 0.0129	 100.00	1355.28
    584	4007fa	     45	   14.0	   14.0	36552.6	 0.0129	 100.00	1355.43
    585	4007fa	     45	    6.0	   12.0	36490.3	 0.0129	 100.00	1355.43
    586	4007fa	     45	    8.0	    8.0	36428.1	 0.0129	 100.00	1355.58
    587	4007fa	     45	    8.0	    8.0	36366.2	 0.0129	 100.00	1355.44
    588	4007fa	     45	   12.0	   13.0	36304.4	 0.0129	 100.00	1355.58
    589	4007fa	     45	   10.0	    7.0	36242.9	 0.0129	 100.00	1355.57
    590	4007fa	     45	    8.0	    9.0	36181.6	 0.0128	 100.00	1355.69
    591	4007fa	     45	    6.0	    7.0	36120.5	 0.0128	 100.00	1355.69
    592	4007fa	     45	   10.0	   10.0	36059.6	 0.0128	 100.00	1355.80
    593	4007fa	     45	    8.0	   10.0	35998.9	 0.0128	 100.00	1355.77
    594	4007fa	     45	   16.0	   14.0	35938.4	 0.0129	 100.00	1355.90
    595	4007fa	     45	    6.0	   12.0	35878.2	 0.0129	 100.00	1355.89
    596	4007fa	     45	   10.0	   13.0	35818.1	 0.0129	 100.00	1356.00
    597	4007fa	     45	   10.0	    9.0	35758.2	 0.0128	 100.00	1355.99
    598	4007fa	     45	    8.0	    8.0	35698.5	 0.0128	 100.00	1356.11
    599	4007fa	     45	    6.0	    6.0	35639.0	 0.0128	 100.00	1356.07
    600	4007fa	     45	   12.0	   12.0	35579.8	 0.0128	 100.00	1356.20
    601	4007fa	     45	    6.0	   10.0	35520.7	 0.0128	 100.00	1356.21
    602	4007fa	     45	   12.0	   13.0	35461.8	 0.0128	 100.00	1356.34
    603	4007fa	     45	    6.0	    7.0	35403.1	 0.0127	 100.00	1356.36
    604	4007fa	     45	   10.0	   10.0	35344.6	 0.0128	 100.00	1356.49
    605	4007fa	     45	   12.0	   14.0	35286.3	 0.0128	 100.00	1356.49
    606	4007fa	     45	   10.0	   15.0	35228.2	 0.0128	 100.00	1356.61
    607	4007fa	     45	    8.0	   11.0	35170.3	 0.0128	 100.00	1356.61
    608	4007fa	     45	    8.0	    9.0	35112.5	 0.0127	 100.00	1356.75
    609	4007fa	     45	    6.0	    9.0	35055.0	 0.0127	 100.00	1356.75
    610	4007fa	     45	   12.0	   12.0	34997.6	 0.0127	 100.00	1356.86
    611	4007fa	     45	    8.0	    8.0	34940.4	 0.0127	 100.00	1356.83
    612	4007fa	     45	   12.0	   12.0	34883.5	 0.0127	 100.00	1356.96
    613	4007fa	     45	    6.0	   10.0	34826.7	 0.0126	 100.00	1356.97
    614	4007fa	     45	    8.0	    8.0	34770.1	 0.0126	 100.00	1357.10
    615	4007fa	     45	   18.0	   14.0	34713.6	 0.0127	 100.00	1357.13
    616	4007fa	     45	    8.0	   16.0	34657.4	 0.0127	 100.00	1357.26
    617	4007fa	     45	    8.0	   14.0	34601.3	 0.0127	 100.00	1357.28
    618	4007fa	     45	    8.0	   10.0	34545.5	 0.0127	 100.00	1357.39
    619	4007fa	     45	    6.0	    8.0	34489.8	 0.0127	 100.00	1357.39
    620	4007fa	     45	   16.0	   16.0	34434.2	 0.0127	 100.00	1357.49
    621	4007fa	     45	    6.0	   10.0	34378.9	 0.0127	 100.00	1357.51
    622	4007fa	     45	    8.0	    8.0	34323.7	 0.0126	 100.00	1357.62
    623	4007fa	     45	    8.0	    8.0	34268.7	 0.0126	 100.00	1357.65
    624	4007fa	     45	    8.0	    8.0	34213.9	 0.0126	 100.00	1357.71
    625	4007fa	     45	   14.0	   14.0	34159.3	 0.0126	 100.00	1357.75
    626	4007fa	     45	    8.0	    8.0	34104.8	 0.0126	 100.00	1357.85
    627	4007fa	     45	    6.0	    6.0	34050.5	 0.0125	 100.00	1357.88
    628	4007fa	     45	   12.0	   12.0	33996.4	 0.0125	 100.00	1358.00
    629	4007fa	     45	    8.0	    8.0	33942.5	 0.0125	 100.00	1358.02
    630	4007fa	     45	   12.0	   12.0	33888.7	 0.0125	 100.00	1358.11
    631	4007fa	     45	    6.0	   10.0	33835.1	 0.0125	 100.00	1358.11
    632	4007fa	     45	    8.0	    8.0	33781.6	 0.0125	 100.00	1358.20
    633	4007fa	     45	    8.0	    8.0	33728.4	 0.0124	 100.00	1358.21
    634	4007fa	     45	   10.0	   10.0	33675.3	 0.0124	 100.00	1358.29
    635	4007fa	     45	   14.0	   12.0	33622.3	 0.0125	 100.00	1358.30
    636	4007fa	     45	   10.0	   12.0	33569.6	 0.0124	 100.00	1358.37
    637	4007fa	     45	    6.0	   10.0	33517.0	 0.0124	 100.00	1358.40
    638	4007fa	     45	   12.0	   12.0	33464.5	 0.0124	 100.00	1358.52
    639	4007fa	     45	    6.0	    6.0	33412.3	 0.0124	 100.00	1358.55
    640	4007fa	     45	   12.0	   12.0	33360.1	 0.0125	 100.00	1358.65
    641	4007fa	     45	    6.0	   14.0	33308.2	 0.0125	 100.00	1358.69
    642	4007fa	     45	    8.0	   12.0	33256.4	 0.0125	 100.00	1358.77
    643	4007fa	     45	   10.0	    6.0	33204.8	 0.0125	 100.00	1358.79
    644	4007fa	     45	   10.0	   12.0	33153.3	 0.0125	 100.00	1358.87
    645	4007fa	     45	    6.0	   10.0	33102.0	 0.0125	 100.00	1358.89
    646	4007fa	     45	   14.0	   13.0	33050.9	 0.0125	 100.00	1358.98
    647	4007fa	     45	    8.0	    9.0	32999.9	 0.0124	 100.00	1358.98
    648	4007fa	     45	   10.0	   11.0	32949.1	 0.0124	 100.00	1359.06
    649	4007fa	     45	    6.0	    9.0	32898.4	 0.0124	 100.00	1359.07
    650	4007fa	     45	    8.0	    8.0	32847.9	 0.0124	 100.00	1359.17
    651	4007fa	     45	   10.0	   10.0	32797.5	 0.0124	 100.00	1359.20
    652	4007fa	     45	   12.0	   15.0	32747.3	 0.0124	 100.00	1359.30
    653	4007fa	     45	    8.0	   11.0	32697.2	 0.0124	 100.00	1359.33
    654	4007fa	     45	    8.0	    8.0	32647.3	 0.0124	 100.00	1359.42
    655	4007fa	     45	    6.0	    6.0	32597.6	 0.0124	 100.00	1359.43
    656	4007fa	     45	   26.0	   26.0	32548.0	 0.0127	 100.00	1359.51
    657	4007fa	     45	    8.0	   26.0	32498.6	 0.0127	 100.00	1359.52
    658	4007fa	     45	   10.0	   21.0	32449.3	 0.0127	 100.00	1359.61
    659	4007fa	     45	    6.0	   19.0	32400.2	 0.0126	 100.00	1359.62
    660	4007fa	     45	   10.0	   10.0	32351.2	 0.0126	 100.00	1359.70
    661	4007fa	     45	   12.0	   10.0	32302.3	 0.0126	 100.00	1359.73
    662	4007fa	     45	    8.0	    8.0	32253.6	 0.0126	 100.00	1359.83
    663	4007fa	     45	    6.0	    6.0	32205.0	 0.0126	 100.00	1359.86
    664	4007fa	     45	   10.0	   10.0	32156.6	 0.0125	 100.00	1359.95
    665	4007fa	     45	    6.0	    8.0	32108.3	 0.0125	 100.00	1359.96
    666	4007fa	     45	   16.0	   16.0	32060.2	 0.0126	 100.00	1360.04
    667	4007fa	     45	    6.0	   10.0	32012.2	 0.0126	 100.00	1360.05
    668	4007fa	     45	   10.0	   13.0	31964.4	 0.0126	 100.00	1360.14
    669	4007fa	     45	    8.0	   13.0	31916.7	 0.0126	 100.00	1360.15
    670	4007fa	     45	   10.0	   10.0	31869.2	 0.0126	 100.00	1360.23
    671	4007fa	     45	   10.0	    8.0	31821.8	 0.0125	 100.00	1360.24
    672	4007fa	     45	    8.0	    8.0	31774.5	 0.0125	 100.00	1360.32
    673	4007fa	     45	    6.0	   10.0	31727.4	 0.0125	 100.00	1360.32
    674	4007fa	     45	   10.0	   10.0	31680.4	 0.0125	 100.00	1360.40
    675	4007fa	     45	    8.0	    6.0	31633.5	 0.0125	 100.00	1360.41
    676	4007fa	     45	   18.0	   17.0	31586.8	 0.0125	 100.00	1360.49
    677	4007fa	     45	    6.0	   15.0	31540.3	 0.0125	 100.00	1360.50
    678	4007fa	     45	    8.0	   10.0	31493.8	 0.0125	 100.00	1360.56
    679	4007fa	     45	   10.0	    8.0	31447.5	 0.0124	 100.00	1360.59
    680	4007fa	     45	    8.0	    8.0	31401.3	 0.0124	 100.00	1360.70
    681	4007fa	     45	   10.0	   10.0	31355.3	 0.0124	 100.00	1360.72
    682	4007fa	     45	    8.0	    8.0	31309.4	 0.0124	 100.00	1360.82
    683	4007fa	     45	    6.0	    6.0	31263.7	 0.0124	 100.00	1360.84
    684	4007fa	     45	   14.0	   14.0	31218.0	 0.0124	 100.00	1360.93
    685	4007fa	     45	    6.0	    8.0	31172.5	 0.0123	 100.00	1360.95
    686	4007fa	     45	    8.0	    8.0	31127.2	 0.0124	 100.00	1361.04
    687	4007fa	     45	   12.0	   12.0	31082.0	 0.0124	 100.00	1361.07
    688	4007fa	     45	    8.0	   13.0	31036.9	 0.0124	 100.00	1361.17
    689	4007fa	     45	   10.0	   15.0	30991.9	 0.0124	 100.00	1361.20
    690	4007fa	     45	    8.0	    8.0	30947.1	 0.0123	 100.00	1361.27
    691	4007fa	     45	    6.0	    6.0	30902.3	 0.0123	 100.00	1361.28
    692	4007fa	     45	   14.0	   14.0	30857.8	 0.0123	 100.00	1361.36
    693	4007fa	     45	    8.0	   10.0	30813.3	 0.0123	 100.00	1361.38
    694	4007fa	     45	   10.0	   10.0	30769.0	 0.0123	 100.00	1361.46
    695	4007fa	     45	    6.0	    8.0	30724.8	 0.0123	 100.00	1361.48
    696	4007fa	     45	    8.0	    8.0	30680.7	 0.0123	 100.00	1361.53
    697	4007fa	     45	   16.0	   16.0	30636.8	 0.0123	 100.00	1361.60
    698	4007fa	     45	   10.0	   13.0	30593.0	 0.0123	 100.00	1361.57
    699	4007fa	     45	    8.0	    0.0	30549.3	 0.0123	 +99.86	1362.94
    700	4007fa	     45	   10.0	   10.0	30505.7	 0.0123	  99.86	1362.63
    701	4007fa	     45	    6.0	    5.0	30462.3	 0.0123	  99.86	1362.50
    702	4007fa	     45	   14.0	    9.0	30419.0	 0.0123	  99.86	1362.60
    703	4007fa	     45	    6.0	    6.0	30375.8	 0.0122	  99.86	1362.58
    704	4007fa	     45	   10.0	    1.0	30332.7	 0.0122	  99.86	1362.50
    705	4007fa	     45	    6.0	    7.0	30289.7	 0.0122	  99.86	1362.58
    706	4007fa	     45	    8.0	    9.0	30246.9	 0.0122	  99.86	1362.62
    707	4007fa	     45	   14.0	    1.0	30204.2	 0.0122	  99.86	1362.62
    708	4007fa	     45	   10.0	    1.0	30161.6	 0.0122	  99.86	1362.37
    709	4007fa	     45	    6.0	    7.0	30119.1	 0.0122	  99.86	1362.42
    710	4007fa	     45	   10.0	   10.0	30076.7	 0.0122	  99.86	1362.46
    711	4007fa	     45	    8.0	    0.0	30034.5	 0.0122	 +99.72	1363.99
    712	4007fa	     45	   12.0	   12.0	29992.4	 0.0121	  99.72	1363.70
    713	4007fa	     45	    6.0	    6.0	29950.4	 0.0121	  99.72	1363.61
    714	4007fa	     45	    8.0	    6.0	29908.5	 0.0121	  99.72	1363.70
    715	4007fa	     45	    8.0	    8.0	29866.8	 0.0121	  99.72	1363.67
    716	4007fa	     45	   12.0	    0.0	29825.1	 0.0121	 +99.58	1365.23
    717	4007fa	     45	   14.0	   14.0	29783.6	 0.0121	  99.58	1364.94
    718	4007fa	     45	    8.0	   12.0	29742.2	 0.0121	  99.58	1364.86
    719	4007fa	     45	    6.0	   10.0	29700.9	 0.0121	  99.58	1364.95
    720	4007fa	     45	   10.0	   10.0	29659.7	 0.0121	  99.58	1364.97
    721	4007fa	     45	    8.0	    0.0	29618.6	 0.0121	 +99.45	1366.50
    722	4007fa	     45	   12.0	   12.0	29577.7	 0.0121	  99.45	1366.15
    723	4007fa	     45	    6.0	    6.0	29536.8	 0.0120	  99.45	1365.97
    724	4007fa	     45	   10.0	    0.0	29496.1	 0.0120	 +99.31	1367.11
    725	4007fa	     45	   10.0	   10.0	29455.5	 0.0120	  99.31	1366.74
    726	4007fa	     45	    8.0	    8.0	29415.0	 0.0120	  99.31	1366.53
    727	4007fa	     45	    6.0	    1.0	29374.6	 0.0120	  99.31	1366.33
    728	4007fa	     45	   14.0	    5.0	29334.3	 0.0120	  99.31	1365.82
    729	4007fa	     45	    6.0	    2.0	29294.1	 0.0120	  99.32	1365.33
    730	4007fa	     45	   12.0	    0.0	29254.0	 0.0120	 +99.18	1366.33
    731	4007fa	     45	    6.0	    6.0	29214.1	 0.0120	  99.18	1365.96
    732	4007fa	     45	   10.0	   10.0	29174.2	 0.0120	  99.18	1365.73
    733	4007fa	     45	   10.0	    4.0	29134.5	 0.0121	  99.18	1365.50
    734	4007fa	     45	   10.0	    4.0	29094.9	 0.0121	  99.18	1365.04
    735	4007fa	     45	    8.0	    0.0	29055.3	 0.0120	 +99.05	1366.04
    736	4007fa	     45	    8.0	    8.0	29015.9	 0.0120	  99.05	1365.67
    737	4007fa	     45	    6.0	    7.0	28976.6	 0.0120	  99.05	1365.45
    738	4007fa	     45	   20.0	    4.0	28937.4	 0.0121	  99.05	1365.20
    739	4007fa	     45	    8.0	    4.0	28898.3	 0.0121	  99.05	1364.79
    740	4007fa	     45	   12.0	   16.0	28859.3	 0.0121	  99.06	1364.66
    741	4007fa	     45	    6.0	    6.0	28820.4	 0.0121	  99.06	1364.44
    742	4007fa	     45	    8.0	    0.0	28781.6	 0.0121	 +98.92	1365.75
    743	4007fa	     45	   12.0	   12.0	28743.0	 0.0120	  98.92	1365.40
    744	4007fa	     45	    8.0	    8.0	28704.4	 0.0120	  98.93	1365.17
    745	4007fa	     45	    8.0	    0.0	28665.9	 0.0120	 +98.79	1366.32
    746	4007fa	     45	    8.0	    8.0	28627.6	 0.0120	  98.80	1365.96
    747	4007fa	     45	    6.0	    6.0	28589.3	 0.0120	  98.80	1365.75
    748	4007fa	     45	   18.0	    0.0	28551.1	 0.0120	 +98.66	1366.65
    749	4007fa	     45	    6.0	    6.0	28513.1	 0.0120	  98.67	1366.29
    750	4007fa	     45	    8.0	    8.0	28475.1	 0.0119	  98.67	1366.04
    751	4007fa	     45	    8.0	    0.0	28437.2	 0.0119	 +98.54	1367.00
    752	4007fa	     45	    8.0	    8.0	28399.5	 0.0119	  98.54	1366.61
    753	4007fa	     45	   12.0	   12.0	28361.8	 0.0119	  98.54	1366.43
    754	4007fa	     45	    8.0	    0.0	28324.3	 0.0119	 +98.41	1367.64
    755	4007fa	     45	    6.0	    6.0	28286.8	 0.0119	  98.41	1367.03
