./asc:main.c:294: warning: auxv random bytes were not cleared
  Round	    PC	Excited	Hamming	   Loss	 Regret	    MSE	  Error	   MIPS
      0	400144	    105	42315.0	42315.0	42315.0	 0.1132	 100.00	  22.30
      1	4007ed	    105	 1159.0	43472.0	21736.0	 0.1343	 100.00	  93.91
      2	4007ed	    105	   16.0	43472.0	14490.7	 0.0895	 100.00	 161.60
      3	4007ed	    105	   20.0	43476.0	10869.0	 0.0748	 100.00	 219.11
      4	4007ed	    105	   20.0	43472.0	17389.6	 0.0620	 100.00	 275.41
      5	4007ed	    105	   12.0	43484.0	21738.7	 0.0580	 100.00	 325.39
      6	4007ed	    105	   24.0	43476.0	24844.0	 0.0528	 100.00	 372.62
      7	4007ed	    105	   16.0	43484.0	27174.0	 0.0518	 100.00	 416.08
      8	4007ed	    105	   20.0	43472.0	28984.9	 0.0471	 100.00	 463.14
      9	4007ed	    105	   12.0	43476.0	30434.0	 0.0424	 100.00	 499.70
     10	4007ed	    105	   16.0	43484.0	31620.4	 0.0412	 100.00	 534.62
     11	4007ed	    105	   24.0	43476.0	32608.3	 0.0412	 100.00	 565.71
     12	4007ed	    105	   24.0	43476.0	33444.3	 0.0388	 100.00	 595.76
     13	4007ed	    105	   16.0	43476.0	34160.9	 0.0380	 100.00	 623.66
     14	4007ed	    105	   16.0	43484.0	34782.4	 0.0355	 100.00	 650.04
     15	4007ed	    105	   12.0	43488.0	35326.5	 0.0386	 100.00	 674.65
     16	4007ed	    105	   24.0	43472.0	35805.6	 0.0409	 100.00	 698.59
     17	4007ed	    105	   16.0	43480.0	36232.0	 0.0405	 100.00	 720.86
     18	4007ed	    105	   20.0	43476.0	36613.3	 0.0391	 100.00	 741.76
     19	4007ed	    105	   12.0	43488.0	36957.0	 0.0377	 100.00	 763.01
     20	4007ed	    105	   20.0	43484.0	37267.8	 0.0382	 100.00	 781.53
     21	4007ed	    105	   32.0	43476.0	37550.0	 0.0412	 100.00	 799.27
     22	4007ed	    105	   16.0	43476.0	37807.7	 0.0394	 100.00	 816.56
     23	4007ed	    105	   12.0	43488.0	38044.3	 0.0388	 100.00	 833.02
     24	4007ed	    105	   20.0	43476.0	38261.6	 0.0383	 100.00	 848.17
     25	4007ed	    105	   12.0	43480.0	38462.3	 0.0370	 100.00	 863.10
     26	4007ed	    105	   28.0	43476.0	38648.0	 0.0361	 100.00	 877.00
     27	4007ed	    105	   12.0	43480.0	38820.6	 0.0348	 100.00	 890.55
     28	4007ed	    105	   20.0	43484.0	38981.4	 0.0336	 100.00	 903.23
     29	4007ed	    105	   16.0	43484.0	39131.5	 0.0335	 100.00	 915.59
     30	4007ed	    105	   20.0	43488.0	39272.0	 0.0324	 100.00	 927.28
     31	4007ed	    105	   24.0	43480.0	39403.5	 0.0323	 100.00	 939.46
     32	4007ed	    105	   16.0	43472.0	39526.8	 0.0323	 100.00	 950.33
     33	4007ed	    105	   12.0	43484.0	39643.2	 0.0314	 100.00	 960.90
     34	4007ed	    105	   20.0	43480.0	39752.8	 0.0307	 100.00	 971.32
     35	4007ed	    105	   16.0	43488.0	39856.6	 0.0301	 100.00	 981.60
     36	4007ed	    105	   28.0	43476.0	39954.4	 0.0299	 100.00	 991.46
     37	4007ed	    105	   12.0	43488.0	40047.4	 0.0292	 100.00	1000.31
     38	4007ed	    105	   16.0	43488.0	40135.6	 0.0291	 100.00	1009.44
     39	4007ed	    105	   20.0	43492.0	40219.5	 0.0287	 100.00	1017.81
     40	4007ed	    105	   16.0	43484.0	40299.1	 0.0286	 100.00	1026.46
     41	4007ed	    105	   32.0	43468.0	40374.6	 0.0303	 100.00	1034.52
     42	4007ed	    105	   16.0	43476.0	40446.7	 0.0296	 100.00	1042.69
     43	4007ed	    105	   12.0	43480.0	40515.6	 0.0289	 100.00	1049.93
     44	4007ed	    105	   28.0	43476.0	40581.4	 0.0286	 100.00	1057.43
     45	4007ed	    105	   12.0	43480.0	40644.4	 0.0280	 100.00	1064.94
     46	4007ed	    105	   16.0	43488.0	40704.9	 0.0278	 100.00	1072.15
     47	4007ed	    105	   20.0	43484.0	40762.8	 0.0279	 100.00	1078.62
     48	4007ed	    105	   16.0	43476.0	40818.2	 0.0279	 100.00	1085.28
     49	4007ed	    105	   20.0	43480.0	40871.4	 0.0274	 100.00	1091.77
     50	4007ed	    105	   16.0	43480.0	40922.6	 0.0268	 100.00	1097.50
     51	4007ed	    105	   12.0	43492.0	40972.0	 0.0268	 100.00	1103.78
     52	4007ed	    105	   32.0	43476.0	41019.2	 0.0267	 100.00	1109.46
     53	4007ed	    105	   16.0	43484.0	41064.9	 0.0265	 100.00	1115.44
     54	4007ed	    105	   20.0	43480.0	41108.8	 0.0260	 100.00	1120.66
     55	4007ed	    105	   12.0	43492.0	41151.4	 0.0259	 100.00	1126.15
     56	4007ed	    105	   16.0	43484.0	41192.3	 0.0256	 100.00	1131.86
     57	4007ed	    105	   20.0	43480.0	41231.7	 0.0254	 100.00	1136.58
     58	4007ed	    105	   20.0	43484.0	41269.9	 0.0252	 100.00	1141.27
     59	4007ed	    105	   16.0	43484.0	41306.8	 0.0250	 100.00	1145.88
     60	4007ed	    105	   20.0	43488.0	41342.6	 0.0251	 100.00	1150.40
     61	4007ed	    105	   12.0	43492.0	41377.2	 0.0249	 100.00	1154.64
     62	4007ed	    105	   36.0	43480.0	41410.6	 0.0256	 100.00	1158.89
     63	4007ed	    105	   12.0	43484.0	41443.0	 0.0252	 100.00	1162.84
     64	4007ed	    105	   20.0	43472.0	41474.2	 0.0261	 100.00	1167.32
     65	4007ed	    105	   12.0	43484.0	41504.7	 0.0257	 100.00	1171.63
     66	4007ed	    105	   16.0	43484.0	41534.2	 0.0254	 100.00	1176.03
     67	4007ed	    105	   24.0	43484.0	41562.9	 0.0255	 100.00	1179.84
     68	4007ed	    105	   20.0	43480.0	41590.7	 0.0251	 100.00	1183.91
     69	4007ed	    105	   12.0	43492.0	41617.8	 0.0248	 100.00	1187.62
     70	4007ed	    105	   20.0	43488.0	41644.2	 0.0253	 100.00	1191.37
     71	4007ed	    105	   16.0	43496.0	41669.9	 0.0249	 100.00	1194.88
     72	4007ed	    105	   28.0	43476.0	41694.6	 0.0248	 100.00	1198.23
     73	4007ed	    105	   12.0	43480.0	41718.8	 0.0244	 100.00	1202.12
     74	4007ed	    105	   16.0	43488.0	41742.3	 0.0241	 100.00	1204.94
     75	4007ed	    105	   16.0	43488.0	41765.3	 0.0238	 100.00	1208.20
     76	4007ed	    105	   24.0	43488.0	41787.7	 0.0239	 100.00	1211.46
     77	4007ed	    105	   20.0	43484.0	41809.4	 0.0239	 100.00	1214.80
     78	4007ed	    105	   16.0	43492.0	41830.7	 0.0242	 100.00	1218.06
     79	4007ed	    105	   12.0	43496.0	41851.6	 0.0239	 100.00	1221.42
     80	4007ed	    105	   20.0	43484.0	41871.7	 0.0241	 100.00	1224.23
     81	4007ed	    105	   16.0	43492.0	41891.5	 0.0239	 100.00	1227.35
     82	4007ed	    105	   40.0	43468.0	41910.5	 0.0247	 100.00	1230.41
     83	4007ed	    105	   12.0	43480.0	41929.1	 0.0245	 100.00	1232.93
     84	4007ed	    105	   20.0	43476.0	41947.3	 0.0242	 100.00	1235.86
     85	4007ed	    105	   20.0	43480.0	41965.2	 0.0240	 100.00	1238.76
     86	4007ed	    105	   16.0	43480.0	41982.6	 0.0237	 100.00	1241.52
     87	4007ed	    105	   12.0	43492.0	41999.7	 0.0243	 100.00	1243.97
     88	4007ed	    105	   24.0	43476.0	42016.3	 0.0245	 100.00	1246.71
     89	4007ed	    105	   12.0	43480.0	42032.6	 0.0243	 100.00	1249.56
     90	4007ed	    105	   24.0	43480.0	42048.5	 0.0243	 100.00	1252.08
     91	4007ed	    105	   12.0	43484.0	42064.1	 0.0240	 100.00	1254.43
     92	4007ed	    105	   20.0	43488.0	42079.4	 0.0250	 100.00	1256.61
     93	4007ed	    105	   24.0	43480.0	42094.3	 0.0255	 100.00	1259.17
     94	4007ed	    105	   20.0	43484.0	42108.9	 0.0253	 100.00	1261.34
     95	4007ed	    105	   16.0	43484.0	42123.2	 0.0252	 100.00	1263.96
     96	4007ed	    105	   16.0	43476.0	42137.2	 0.0256	 100.00	1266.22
     97	4007ed	    105	   12.0	43488.0	42151.0	 0.0260	 100.00	1268.71
     98	4007ed	    105	   24.0	43480.0	42164.4	 0.0257	 100.00	1270.91
     99	4007ed	    105	   16.0	43488.0	42177.6	 0.0255	 100.00	1273.33
    100	4007ed	    105	   24.0	43480.0	42190.5	 0.0255	 100.00	1275.75
    101	4007ed	    105	   12.0	43492.0	42203.3	 0.0252	 100.00	1277.69
    102	4007ed	    105	   16.0	43492.0	42215.8	 0.0250	 100.00	1279.93
    103	4007ed	    105	   32.0	43484.0	42228.0	 0.0253	 100.00	1281.72
    104	4007ed	    105	   16.0	43476.0	42239.9	 0.0253	 100.00	1283.86
    105	4007ed	    105	   16.0	43476.0	42251.5	 0.0250	 100.00	1285.90
    106	4007ed	    105	   16.0	43484.0	42263.1	 0.0248	 100.00	1287.92
    107	4007ed	    105	   12.0	43488.0	42274.4	 0.0246	 100.00	1290.10
    108	4007ed	    105	   32.0	43480.0	42285.5	 0.0250	 100.00	1292.14
    109	4007ed	    105	   12.0	43484.0	42296.4	 0.0248	 100.00	1294.29
    110	4007ed	    105	   16.0	43492.0	42307.1	 0.0249	 100.00	1296.13
    111	4007ed	    105	   16.0	43492.0	42317.7	 0.0249	 100.00	1297.86
    112	4007ed	    105	   16.0	43484.0	42328.0	 0.0248	 100.00	1299.33
    113	4007ed	    105	   28.0	43480.0	42338.1	 0.0251	 100.00	1301.33
    114	4007ed	    105	   16.0	43480.0	42348.1	 0.0249	 100.00	1303.33
    115	4007ed	    105	   12.0	43492.0	42357.9	 0.0247	 100.00	1304.97
    116	4007ed	    105	   24.0	43484.0	42367.6	 0.0245	 100.00	1306.85
    117	4007ed	    105	   16.0	43492.0	42377.1	 0.0243	 100.00	1308.51
    118	4007ed	    105	   24.0	43484.0	42386.4	 0.0243	 100.00	1310.40
    119	4007ed	    105	   12.0	43496.0	42395.6	 0.0241	 100.00	1312.14
    120	4007ed	    105	   16.0	43488.0	42404.7	 0.0240	 100.00	1313.86
    121	4007ed	    105	   16.0	43488.0	42413.5	 0.0239	 100.00	1315.21
    122	4007ed	    105	   20.0	43492.0	42422.3	 0.0237	 100.00	1316.88
    123	4007ed	    105	   32.0	43476.0	42430.8	 0.0239	 100.00	1318.44
    124	4007ed	    105	   20.0	43480.0	42439.2	 0.0238	 100.00	1320.06
    125	4007ed	    105	   12.0	43484.0	42447.5	 0.0236	 100.00	1321.54
    126	4007ed	    105	   24.0	43484.0	42455.7	 0.0234	 100.00	1322.75
    127	4007ed	    105	   12.0	43488.0	42463.7	 0.0232	 100.00	1324.12
    128	4007ed	    105	   24.0	43472.0	42471.5	 0.0238	 100.00	1325.63
    129	4007ed	    105	   12.0	43484.0	42479.3	 0.0236	 100.00	1326.72
    130	4007ed	    105	   16.0	43484.0	42487.0	 0.0235	 100.00	1327.98
    131	4007ed	    105	   20.0	43488.0	42494.6	 0.0234	 100.00	1329.11
    132	4007ed	    105	   20.0	43484.0	42502.0	 0.0232	 100.00	1330.15
    133	4007ed	    105	   12.0	43496.0	42509.4	 0.0232	 100.00	1331.24
    134	4007ed	    105	   28.0	43484.0	42516.7	 0.0232	 100.00	1332.28
    135	4007ed	    105	   16.0	43492.0	42523.8	 0.0230	 100.00	1333.34
    136	4007ed	    105	   20.0	43480.0	42530.8	 0.0228	 100.00	1334.28
    137	4007ed	    105	   12.0	43484.0	42537.7	 0.0227	 100.00	1335.58
    138	4007ed	    105	   16.0	43492.0	42544.6	 0.0225	 100.00	1336.47
    139	4007ed	    105	   20.0	43488.0	42551.3	 0.0224	 100.00	1337.79
    140	4007ed	    105	   24.0	43488.0	42558.0	 0.0223	 100.00	1338.78
    141	4007ed	    105	   16.0	43488.0	42564.5	 0.0222	 100.00	1339.98
    142	4007ed	    105	   16.0	43496.0	42571.0	 0.0220	 100.00	1340.91
    143	4007ed	    105	   12.0	43500.0	42577.5	 0.0222	 100.00	1342.05
    144	4007ed	    105	   32.0	43476.0	42583.7	 0.0226	 100.00	1342.99
    145	4007ed	    105	   16.0	43484.0	42589.8	 0.0224	 100.00	1343.89
    146	4007ed	    105	   20.0	43480.0	42595.9	 0.0223	 100.00	1344.82
    147	4007ed	    105	   12.0	43492.0	42601.9	 0.0221	 100.00	1345.73
    148	4007ed	    105	   20.0	43488.0	42607.9	 0.0220	 100.00	1346.65
    149	4007ed	    105	   24.0	43488.0	42613.8	 0.0222	 100.00	1347.69
    150	4007ed	    105	   16.0	43488.0	42619.5	 0.0221	 100.00	1348.78
    151	4007ed	    105	   12.0	43500.0	42625.3	 0.0222	 100.00	1349.56
    152	4007ed	    105	   20.0	43488.0	42631.0	 0.0221	 100.00	1350.60
    153	4007ed	    105	   12.0	43492.0	42636.6	 0.0221	 100.00	1351.47
    154	4007ed	    105	   32.0	43484.0	42642.0	 0.0222	 100.00	1352.48
    155	4007ed	    105	   12.0	43488.0	42647.5	 0.0220	 100.00	1353.31
    156	4007ed	    105	   20.0	43492.0	42652.8	 0.0220	 100.00	1354.24
    157	4007ed	    105	   16.0	43492.0	42658.2	 0.0221	 100.00	1355.36
    158	4007ed	    105	   20.0	43496.0	42663.4	 0.0221	 100.00	1356.11
    159	4007ed	    105	   20.0	43492.0	42668.6	 0.0222	 100.00	1357.16
    160	4007ed	    105	   16.0	43484.0	42673.7	 0.0224	 100.00	1358.28
    161	4007ed	    105	   12.0	43496.0	42678.7	 0.0222	 100.00	1359.26
    162	4007ed	    105	   20.0	43492.0	42683.7	 0.0222	 100.00	1359.92
    163	4007ed	    105	   16.0	43500.0	42688.7	 0.0220	 100.00	1360.87
    164	4007ed	    105	   48.0	43468.0	42693.4	 0.0231	 100.00	1361.61
    165	4007ed	    105	   12.0	43480.0	42698.2	 0.0231	 100.00	1362.56
    166	4007ed	    105	   16.0	43480.0	42702.9	 0.0231	 100.00	1363.31
    167	4007ed	    105	   20.0	43484.0	42707.5	 0.0231	 100.00	1363.99
    168	4007ed	    105	   16.0	43476.0	42712.0	 0.0230	 100.00	1364.71
    169	4007ed	    105	   20.0	43472.0	42716.5	 0.0229	 100.00	1365.33
    170	4007ed	    105	   16.0	43480.0	42721.0	 0.0228	 100.00	1366.32
    171	4007ed	    105	   12.0	43484.0	42725.4	 0.0229	 100.00	1366.89
    172	4007ed	    105	   28.0	43480.0	42729.8	 0.0228	 100.00	1367.77
    173	4007ed	    105	   12.0	43484.0	42734.1	 0.0227	 100.00	1368.37
    174	4007ed	    105	   16.0	43492.0	42738.4	 0.0231	 100.00	1369.18
    175	4007ed	    105	   24.0	43484.0	42742.7	 0.0231	 100.00	1369.74
    176	4007ed	    105	   16.0	43476.0	42746.8	 0.0230	 100.00	1370.57
    177	4007ed	    105	   20.0	43480.0	42750.9	 0.0229	 100.00	1371.24
    178	4007ed	    105	   16.0	43480.0	42755.0	 0.0227	 100.00	1371.83
    179	4007ed	    105	   12.0	43492.0	42759.1	 0.0228	 100.00	1372.46
    180	4007ed	    105	   28.0	43480.0	42763.1	 0.0228	 100.00	1373.05
    181	4007ed	    105	   16.0	43488.0	42767.1	 0.0227	 100.00	1373.65
    182	4007ed	    105	   20.0	43484.0	42771.0	 0.0228	 100.00	1374.18
    183	4007ed	    105	   12.0	43496.0	42774.9	 0.0228	 100.00	1374.80
    184	4007ed	    105	   16.0	43488.0	42778.8	 0.0229	 100.00	1375.25
    185	4007ed	    105	   28.0	43476.0	42782.5	 0.0235	 100.00	1376.07
    186	4007ed	    105	   20.0	43480.0	42786.3	 0.0235	 100.00	1376.54
    187	4007ed	    105	   16.0	43480.0	42790.0	 0.0235	 100.00	1377.33
    188	4007ed	    105	   20.0	43484.0	42793.6	 0.0235	 100.00	1378.22
    189	4007ed	    105	   12.0	43488.0	42797.3	 0.0234	 100.00	1378.84
    190	4007ed	    105	   28.0	43484.0	42800.9	 0.0235	 100.00	1379.43
    191	4007ed	    105	   12.0	43488.0	42804.5	 0.0234	 100.00	1379.96
    192	4007ed	    105	   20.0	43476.0	42807.9	 0.0236	 100.00	1380.79
    193	4007ed	    105	   12.0	43488.0	42811.4	 0.0235	 100.00	1381.34
    194	4007ed	    105	   16.0	43488.0	42814.9	 0.0235	 100.00	1382.25
    195	4007ed	    105	   28.0	43484.0	42818.3	 0.0235	 100.00	1382.73
    196	4007ed	    105	   20.0	43480.0	42821.7	 0.0234	 100.00	1383.46
    197	4007ed	    105	   12.0	43492.0	42825.1	 0.0235	 100.00	1383.92
    198	4007ed	    105	   20.0	43488.0	42828.4	 0.0236	 100.00	1384.67
    199	4007ed	    105	   16.0	43496.0	42831.7	 0.0235	 100.00	1385.18
    200	4007ed	    105	   24.0	43480.0	42835.0	 0.0234	 100.00	1385.90
    201	4007ed	    105	   12.0	43484.0	42838.2	 0.0233	 100.00	1386.67
    202	4007ed	    105	   16.0	43492.0	42841.4	 0.0233	 100.00	1387.08
    203	4007ed	    105	   16.0	43492.0	42844.6	 0.0233	 100.00	1387.80
    204	4007ed	    105	   24.0	43492.0	42847.7	 0.0234	 100.00	1388.50
    205	4007ed	    105	   32.0	43476.0	42850.8	 0.0239	 100.00	1389.26
    206	4007ed	    105	   16.0	43484.0	42853.9	 0.0239	 100.00	1390.01
    207	4007ed	    105	   12.0	43488.0	42856.9	 0.0239	 100.00	1390.70
    208	4007ed	    105	   20.0	43476.0	42859.9	 0.0238	 100.00	1391.07
    209	4007ed	    105	   16.0	43484.0	42862.8	 0.0239	 100.00	1391.71
    210	4007ed	    105	   24.0	43476.0	42865.7	 0.0239	 100.00	1392.21
    211	4007ed	    105	   12.0	43488.0	42868.7	 0.0238	 100.00	1392.90
    212	4007ed	    105	   20.0	43484.0	42871.6	 0.0238	 100.00	1393.37
    213	4007ed	    105	   20.0	43488.0	42874.4	 0.0237	 100.00	1393.81
    214	4007ed	    105	   16.0	43488.0	42877.3	 0.0236	 100.00	1394.49
    215	4007ed	    105	   12.0	43500.0	42880.2	 0.0236	 100.00	1394.96
    216	4007ed	    105	   28.0	43480.0	42882.9	 0.0236	 100.00	1395.40
    217	4007ed	    105	   12.0	43484.0	42885.7	 0.0236	 100.00	1395.77
    218	4007ed	    105	   24.0	43484.0	42888.4	 0.0236	 100.00	1396.39
    219	4007ed	    105	   12.0	43488.0	42891.2	 0.0235	 100.00	1397.04
    220	4007ed	    105	   20.0	43492.0	42893.9	 0.0238	 100.00	1397.68
    221	4007ed	    105	   20.0	43488.0	42896.6	 0.0239	 100.00	1398.10
    222	4007ed	    105	   20.0	43492.0	42899.2	 0.0238	 100.00	1398.61
    223	4007ed	    105	   16.0	43492.0	42901.9	 0.0238	 100.00	1399.06
    224	4007ed	    105	   16.0	43484.0	42904.5	 0.0239	 100.00	1399.42
    225	4007ed	    105	   12.0	43496.0	42907.1	 0.0238	 100.00	1399.80
    226	4007ed	    105	   32.0	43480.0	42909.6	 0.0239	 100.00	1400.16
    227	4007ed	    105	   16.0	43488.0	42912.1	 0.0238	 100.00	1400.56
    228	4007ed	    105	   24.0	43480.0	42914.6	 0.0238	 100.00	1400.73
    229	4007ed	    105	   12.0	43492.0	42917.1	 0.0237	 100.00	1401.30
    230	4007ed	    105	   16.0	43492.0	42919.6	 0.0236	 100.00	1401.58
    231	4007ed	    105	   24.0	43492.0	42922.1	 0.0238	 100.00	1402.09
    232	4007ed	    105	   16.0	43484.0	42924.5	 0.0237	 100.00	1402.44
    233	4007ed	    105	   16.0	43484.0	42926.9	 0.0236	 100.00	1402.97
    234	4007ed	    105	   16.0	43492.0	42929.3	 0.0235	 100.00	1403.53
    235	4007ed	    105	   12.0	43496.0	42931.7	 0.0235	 100.00	1404.03
    236	4007ed	    105	   36.0	43484.0	42934.0	 0.0237	 100.00	1404.41
    237	4007ed	    105	   12.0	43488.0	42936.4	 0.0236	 100.00	1404.74
    238	4007ed	    105	   16.0	43496.0	42938.7	 0.0239	 100.00	1405.31
    239	4007ed	    105	   16.0	43496.0	42941.0	 0.0239	 100.00	1405.67
    240	4007ed	    105	   16.0	43488.0	42943.3	 0.0238	 100.00	1406.01
    241	4007ed	    105	   24.0	43488.0	42945.5	 0.0239	 100.00	1406.39
    242	4007ed	    105	   16.0	43488.0	42947.8	 0.0238	 100.00	1406.75
    243	4007ed	    105	   12.0	43500.0	42950.0	 0.0239	 100.00	1407.09
    244	4007ed	    105	   24.0	43492.0	42952.2	 0.0239	 100.00	1407.58
    245	4007ed	    105	   16.0	43500.0	42954.5	 0.0238	 100.00	1407.96
    246	4007ed	    105	   40.0	43476.0	42956.6	 0.0243	 100.00	1408.39
    247	4007ed	    105	   12.0	43488.0	42958.7	 0.0243	 100.00	1408.69
    248	4007ed	    105	   16.0	43480.0	42960.8	 0.0242	 100.00	1409.13
    249	4007ed	    105	   16.0	43480.0	42962.9	 0.0241	 100.00	1409.68
    250	4007ed	    105	   20.0	43484.0	42965.0	 0.0241	 100.00	1409.96
    251	4007ed	    105	   20.0	43480.0	42967.0	 0.0241	 100.00	1410.40
    252	4007ed	    105	   20.0	43484.0	42969.1	 0.0241	 100.00	1410.70
    253	4007ed	    105	   12.0	43488.0	42971.1	 0.0241	 100.00	1411.01
    254	4007ed	    105	   24.0	43488.0	42973.1	 0.0241	 100.00	1411.41
    255	4007ed	    105	   12.0	43492.0	42975.2	 0.0240	 100.00	1411.89
    256	4007ed	    105	   28.0	43472.0	42977.1	 0.0244	 100.00	1412.21
    257	4007ed	    105	   12.0	43484.0	42979.1	 0.0243	 100.00	1412.60
    258	4007ed	    105	   16.0	43484.0	42981.0	 0.0242	 100.00	1413.07
    259	4007ed	    105	   20.0	43488.0	42983.0	 0.0242	 100.00	1413.32
    260	4007ed	    105	   20.0	43484.0	42984.9	 0.0241	 100.00	1413.77
    261	4007ed	    105	   12.0	43496.0	42986.8	 0.0242	 100.00	1413.99
    262	4007ed	    105	   24.0	43488.0	42988.7	 0.0241	 100.00	1414.43
    263	4007ed	    105	   16.0	43496.0	42990.7	 0.0241	 100.00	1414.59
    264	4007ed	    105	   20.0	43484.0	42992.5	 0.0240	 100.00	1415.00
    265	4007ed	    105	   12.0	43488.0	42994.4	 0.0239	 100.00	1415.25
    266	4007ed	    105	   16.0	43496.0	42996.3	 0.0240	 100.00	1415.68
    267	4007ed	    105	   28.0	43484.0	42998.1	 0.0240	 100.00	1415.88
    268	4007ed	    105	   24.0	43484.0	42999.9	 0.0239	 100.00	1416.30
    269	4007ed	    105	   16.0	43484.0	43001.7	 0.0240	 100.00	1416.58
    270	4007ed	    105	   16.0	43492.0	43003.5	 0.0239	 100.00	1416.82
    271	4007ed	    105	   12.0	43496.0	43005.3	 0.0238	 100.00	1417.07
    272	4007ed	    105	   24.0	43480.0	43007.0	 0.0240	 100.00	1417.31
    273	4007ed	    105	   16.0	43488.0	43008.8	 0.0239	 100.00	1417.56
    274	4007ed	    105	   20.0	43484.0	43010.5	 0.0242	 100.00	1417.75
    275	4007ed	    105	   12.0	43496.0	43012.3	 0.0241	 100.00	1418.01
    276	4007ed	    105	   20.0	43492.0	43014.0	 0.0240	 100.00	1418.10
    277	4007ed	    105	   28.0	43488.0	43015.7	 0.0242	 100.00	1418.45
    278	4007ed	    105	   16.0	43488.0	43017.4	 0.0242	 100.00	1418.66
    279	4007ed	    105	   12.0	43500.0	43019.1	 0.0244	 100.00	1419.06
    280	4007ed	    105	   20.0	43488.0	43020.8	 0.0244	 100.00	1419.38
    281	4007ed	    105	   12.0	43492.0	43022.5	 0.0244	 100.00	1419.62
    282	4007ed	    105	   28.0	43488.0	43024.1	 0.0245	 100.00	1419.87
    283	4007ed	    105	   12.0	43492.0	43025.8	 0.0244	 100.00	1420.09
    284	4007ed	    105	   20.0	43496.0	43027.4	 0.0245	 100.00	1420.34
    285	4007ed	    105	   16.0	43496.0	43029.0	 0.0245	 100.00	1420.56
    286	4007ed	    105	   20.0	43500.0	43030.7	 0.0245	 100.00	1421.00
    287	4007ed	    105	   32.0	43484.0	43032.3	 0.0248	 100.00	1421.21
    288	4007ed	    105	   16.0	43476.0	43033.8	 0.0248	 100.00	1421.60
    289	4007ed	    105	   12.0	43488.0	43035.4	 0.0247	 100.00	1421.75
    290	4007ed	    105	   20.0	43484.0	43036.9	 0.0246	 100.00	1422.07
    291	4007ed	    105	   16.0	43492.0	43038.5	 0.0245	 100.00	1422.28
    292	4007ed	    105	   28.0	43480.0	43040.0	 0.0246	 100.00	1422.63
    293	4007ed	    105	   12.0	43492.0	43041.5	 0.0245	 100.00	1422.80
    294	4007ed	    105	   16.0	43492.0	43043.0	 0.0246	 100.00	1423.16
    295	4007ed	    105	   20.0	43496.0	43044.6	 0.0247	 100.00	1423.59
    296	4007ed	    105	   16.0	43488.0	43046.1	 0.0246	 100.00	1423.78
    297	4007ed	    105	   24.0	43480.0	43047.5	 0.0246	 100.00	1424.16
    298	4007ed	    105	   16.0	43488.0	43049.0	 0.0246	 100.00	1424.37
    299	4007ed	    105	   12.0	43492.0	43050.5	 0.0247	 100.00	1424.83
    300	4007ed	    105	   28.0	43488.0	43051.9	 0.0247	 100.00	1425.10
    301	4007ed	    105	   12.0	43492.0	43053.4	 0.0246	 100.00	1425.51
    302	4007ed	    105	   16.0	43500.0	43054.9	 0.0248	 100.00	1425.90
    303	4007ed	    105	   20.0	43496.0	43056.3	 0.0247	 100.00	1426.36
    304	4007ed	    105	   16.0	43488.0	43057.7	 0.0246	 100.00	1426.74
    305	4007ed	    105	   20.0	43492.0	43059.1	 0.0246	 100.00	1427.11
    306	4007ed	    105	   16.0	43492.0	43060.5	 0.0245	 100.00	1427.31
    307	4007ed	    105	   12.0	43504.0	43062.0	 0.0246	 100.00	1427.61
    308	4007ed	    105	   36.0	43484.0	43063.4	 0.0249	 100.00	1427.98
    309	4007ed	    105	   16.0	43492.0	43064.7	 0.0249	 100.00	1428.16
    310	4007ed	    105	   20.0	43488.0	43066.1	 0.0248	 100.00	1428.47
    311	4007ed	    105	   12.0	43500.0	43067.5	 0.0247	 100.00	1428.59
    312	4007ed	    105	   16.0	43492.0	43068.8	 0.0248	 100.00	1428.94
    313	4007ed	    105	   20.0	43488.0	43070.2	 0.0248	 100.00	1429.07
    314	4007ed	    105	   20.0	43492.0	43071.5	 0.0249	 100.00	1429.42
    315	4007ed	    105	   16.0	43492.0	43072.8	 0.0248	 100.00	1429.64
    316	4007ed	    105	   20.0	43496.0	43074.2	 0.0248	 100.00	1430.01
    317	4007ed	    105	   12.0	43500.0	43075.5	 0.0247	 100.00	1430.21
    318	4007ed	    105	   32.0	43492.0	43076.8	 0.0248	 100.00	1430.39
    319	4007ed	    105	   12.0	43496.0	43078.1	 0.0247	 100.00	1430.59
    320	4007ed	    105	   20.0	43484.0	43079.4	 0.0248	 100.00	1430.73
    321	4007ed	    105	   12.0	43496.0	43080.7	 0.0247	 100.00	1430.92
    322	4007ed	    105	   16.0	43496.0	43082.0	 0.0248	 100.00	1431.00
    323	4007ed	    105	   24.0	43496.0	43083.3	 0.0248	 100.00	1431.34
    324	4007ed	    105	   20.0	43492.0	43084.5	 0.0247	 100.00	1431.61
    325	4007ed	    105	   12.0	43504.0	43085.8	 0.0248	 100.00	1431.95
    326	4007ed	    105	   20.0	43500.0	43087.1	 0.0248	 100.00	1432.04
    327	4007ed	    105	   16.0	43508.0	43088.4	 0.0248	 100.00	1432.37
    328	4007ed	    105	   48.0	43468.0	43089.5	 0.0253	 100.00	1432.56
    329	4007ed	    105	   12.0	43472.0	43090.7	 0.0253	 100.00	1432.72
    330	4007ed	    105	   16.0	43480.0	43091.8	 0.0253	 100.00	1432.89
    331	4007ed	    105	   16.0	43480.0	43093.0	 0.0253	 100.00	1433.08
    332	4007ed	    105	   24.0	43480.0	43094.2	 0.0252	 100.00	1433.42
    333	4007ed	    105	   20.0	43476.0	43095.3	 0.0253	 100.00	1433.64
    334	4007ed	    105	   16.0	43484.0	43096.5	 0.0252	 100.00	1433.99
    335	4007ed	    105	   12.0	43488.0	43097.6	 0.0252	 100.00	1434.27
    336	4007ed	    105	   20.0	43476.0	43098.8	 0.0253	 100.00	1434.59
    337	4007ed	    105	   16.0	43484.0	43099.9	 0.0252	 100.00	1434.95
    338	4007ed	    105	   28.0	43472.0	43101.0	 0.0253	 100.00	1435.31
    339	4007ed	    105	   12.0	43484.0	43102.1	 0.0253	 100.00	1435.65
    340	4007ed	    105	   20.0	43480.0	43103.2	 0.0253	 100.00	1435.76
    341	4007ed	    105	   20.0	43484.0	43104.4	 0.0252	 100.00	1436.08
    342	4007ed	    105	   16.0	43484.0	43105.5	 0.0251	 100.00	1436.21
    343	4007ed	    105	   12.0	43496.0	43106.6	 0.0252	 100.00	1436.52
    344	4007ed	    105	   24.0	43480.0	43107.7	 0.0253	 100.00	1436.58
    345	4007ed	    105	   12.0	43484.0	43108.8	 0.0252	 100.00	1436.87
    346	4007ed	    105	   24.0	43484.0	43109.8	 0.0251	 100.00	1437.10
    347	4007ed	    105	   12.0	43488.0	43110.9	 0.0251	 100.00	1437.26
    348	4007ed	    105	   20.0	43492.0	43112.0	 0.0254	 100.00	1437.64
    349	4007ed	    105	   28.0	43480.0	43113.1	 0.0255	 100.00	1437.77
    350	4007ed	    105	   20.0	43484.0	43114.1	 0.0255	 100.00	1437.93
    351	4007ed	    105	   16.0	43484.0	43115.2	 0.0254	 100.00	1438.10
    352	4007ed	    105	   16.0	43476.0	43116.2	 0.0254	 100.00	1438.44
    353	4007ed	    105	   12.0	43488.0	43117.3	 0.0254	 100.00	1438.60
    354	4007ed	    105	   24.0	43480.0	43118.3	 0.0253	 100.00	1438.94
    355	4007ed	    105	   16.0	43488.0	43119.3	 0.0253	 100.00	1439.08
    356	4007ed	    105	   24.0	43480.0	43120.3	 0.0252	 100.00	1439.37
    357	4007ed	    105	   12.0	43492.0	43121.4	 0.0251	 100.00	1439.69
    358	4007ed	    105	   16.0	43492.0	43122.4	 0.0251	 100.00	1439.97
    359	4007ed	    105	   28.0	43488.0	43123.4	 0.0252	 100.00	1440.19
    360	4007ed	    105	   16.0	43480.0	43124.4	 0.0251	 100.00	1440.36
    361	4007ed	    105	   16.0	43480.0	43125.4	 0.0251	 100.00	1440.53
    362	4007ed	    105	   16.0	43488.0	43126.4	 0.0250	 100.00	1440.66
    363	4007ed	    105	   12.0	43492.0	43127.4	 0.0250	 100.00	1440.81
    364	4007ed	    105	   32.0	43484.0	43128.4	 0.0250	 100.00	1440.94
    365	4007ed	    105	   12.0	43488.0	43129.3	 0.0250	 100.00	1441.26
    366	4007ed	    105	   16.0	43496.0	43130.3	 0.0250	 100.00	1441.35
    367	4007ed	    105	   16.0	43496.0	43131.3	 0.0250	 100.00	1441.61
    368	4007ed	    105	   16.0	43488.0	43132.3	 0.0250	 100.00	1441.82
    369	4007ed	    105	   36.0	43476.0	43133.2	 0.0251	 100.00	1442.14
    370	4007ed	    105	   16.0	43476.0	43134.2	 0.0250	 100.00	1442.30
    371	4007ed	    105	   12.0	43488.0	43135.1	 0.0250	 100.00	1442.51
    372	4007ed	    105	   24.0	43480.0	43136.0	 0.0250	 100.00	1442.81
    373	4007ed	    105	   16.0	43488.0	43137.0	 0.0249	 100.00	1442.91
    374	4007ed	    105	   24.0	43480.0	43137.9	 0.0249	 100.00	1443.17
    375	4007ed	    105	   12.0	43492.0	43138.8	 0.0249	 100.00	1443.46
    376	4007ed	    105	   16.0	43484.0	43139.7	 0.0248	 100.00	1443.76
    377	4007ed	    105	   16.0	43484.0	43140.7	 0.0248	 100.00	1444.09
    378	4007ed	    105	   20.0	43488.0	43141.6	 0.0248	 100.00	1444.35
    379	4007ed	    105	   24.0	43480.0	43142.5	 0.0249	 100.00	1444.63
    380	4007ed	    105	   20.0	43484.0	43143.4	 0.0248	 100.00	1444.91
    381	4007ed	    105	   12.0	43488.0	43144.3	 0.0248	 100.00	1445.09
    382	4007ed	    105	   24.0	43488.0	43145.2	 0.0247	 100.00	1445.23
    383	4007ed	    105	   12.0	43492.0	43146.1	 0.0246	 100.00	1445.54
    384	4007ed	    105	   24.0	43476.0	43146.9	 0.0247	 100.00	1445.70
    385	4007ed	    105	   12.0	43488.0	43147.8	 0.0246	 100.00	1445.99
    386	4007ed	    105	   16.0	43488.0	43148.7	 0.0246	 100.00	1446.09
    387	4007ed	    105	   20.0	43492.0	43149.6	 0.0245	 100.00	1446.35
    388	4007ed	    105	   20.0	43488.0	43150.4	 0.0245	 100.00	1446.54
    389	4007ed	    105	   12.0	43500.0	43151.3	 0.0247	 100.00	1446.83
    390	4007ed	    105	   32.0	43484.0	43152.2	 0.0248	 100.00	1447.11
    391	4007ed	    105	   16.0	43492.0	43153.1	 0.0247	 100.00	1447.39
    392	4007ed	    105	   20.0	43480.0	43153.9	 0.0247	 100.00	1447.67
    393	4007ed	    105	   12.0	43484.0	43154.7	 0.0247	 100.00	1447.78
    394	4007ed	    105	   16.0	43492.0	43155.6	 0.0248	 100.00	1448.05
    395	4007ed	    105	   20.0	43488.0	43156.4	 0.0248	 100.00	1448.25
    396	4007ed	    105	   24.0	43488.0	43157.2	 0.0248	 100.00	1448.50
    397	4007ed	    105	   16.0	43488.0	43158.1	 0.0248	 100.00	1448.78
    398	4007ed	    105	   16.0	43496.0	43158.9	 0.0248	 100.00	1449.01
    399	4007ed	    105	   12.0	43500.0	43159.8	 0.0247	 100.00	1449.31
    400	4007ed	    105	   28.0	43480.0	43160.6	 0.0249	 100.00	1449.51
    401	4007ed	    105	   16.0	43488.0	43161.4	 0.0249	 100.00	1449.64
    402	4007ed	    105	   20.0	43484.0	43162.2	 0.0248	 100.00	1449.87
    403	4007ed	    105	   12.0	43496.0	43163.0	 0.0247	 100.00	1450.00
    404	4007ed	    105	   20.0	43492.0	43163.8	 0.0247	 100.00	1450.11
    405	4007ed	    105	   24.0	43492.0	43164.6	 0.0247	 100.00	1450.40
    406	4007ed	    105	   16.0	43492.0	43165.4	 0.0247	 100.00	1450.56
    407	4007ed	    105	   12.0	43504.0	43166.3	 0.0247	 100.00	1450.81
    408	4007ed	    105	   20.0	43492.0	43167.1	 0.0248	 100.00	1451.00
    409	4007ed	    105	   12.0	43496.0	43167.9	 0.0247	 100.00	1451.24
    410	4007ed	    105	   44.0	43476.0	43168.6	 0.0250	 100.00	1451.51
    411	4007ed	    105	   12.0	43480.0	43169.4	 0.0249	 100.00	1451.61
    412	4007ed	    105	   20.0	43484.0	43170.1	 0.0249	 100.00	1451.82
    413	4007ed	    105	   16.0	43484.0	43170.9	 0.0249	 100.00	1451.87
    414	4007ed	    105	   20.0	43488.0	43171.7	 0.0248	 100.00	1452.09
    415	4007ed	    105	   20.0	43484.0	43172.4	 0.0248	 100.00	1452.12
    416	4007ed	    105	   16.0	43476.0	43173.1	 0.0249	 100.00	1452.33
    417	4007ed	    105	   12.0	43488.0	43173.9	 0.0249	 100.00	1452.38
    418	4007ed	    105	   20.0	43484.0	43174.6	 0.0249	 100.00	1452.57
    419	4007ed	    105	   16.0	43492.0	43175.4	 0.0248	 100.00	1452.61
    420	4007ed	    105	   32.0	43476.0	43176.1	 0.0250	 100.00	1452.81
    421	4007ed	    105	   12.0	43488.0	43176.8	 0.0249	 100.00	1452.93
    422	4007ed	    105	   16.0	43488.0	43177.6	 0.0249	 100.00	1453.15
    423	4007ed	    105	   20.0	43492.0	43178.3	 0.0249	 100.00	1453.23
    424	4007ed	    105	   16.0	43484.0	43179.0	 0.0248	 100.00	1453.31
    425	4007ed	    105	   20.0	43480.0	43179.7	 0.0249	 100.00	1453.41
    426	4007ed	    105	   16.0	43488.0	43180.5	 0.0248	 100.00	1453.47
    427	4007ed	    105	   12.0	43492.0	43181.2	 0.0248	 100.00	1453.57
    428	4007ed	    105	   28.0	43488.0	43181.9	 0.0248	 100.00	1453.60
    429	4007ed	    105	   12.0	43492.0	43182.6	 0.0248	 100.00	1453.80
    430	4007ed	    105	   16.0	43500.0	43183.4	 0.0248	 100.00	1453.97
    431	4007ed	    105	   28.0	43488.0	43184.1	 0.0249	 100.00	1454.21
    432	4007ed	    105	   16.0	43480.0	43184.8	 0.0249	 100.00	1454.34
    433	4007ed	    105	   20.0	43484.0	43185.4	 0.0249	 100.00	1454.43
    434	4007ed	    105	   16.0	43484.0	43186.1	 0.0248	 100.00	1454.53
    435	4007ed	    105	   12.0	43496.0	43186.8	 0.0248	 100.00	1454.60
    436	4007ed	    105	   28.0	43484.0	43187.5	 0.0248	 100.00	1454.68
    437	4007ed	    105	   16.0	43492.0	43188.2	 0.0248	 100.00	1454.76
    438	4007ed	    105	   20.0	43488.0	43188.9	 0.0248	 100.00	1454.97
    439	4007ed	    105	   12.0	43500.0	43189.6	 0.0248	 100.00	1454.99
    440	4007ed	    105	   16.0	43492.0	43190.3	 0.0248	 100.00	1455.17
    441	4007ed	    105	   24.0	43484.0	43191.0	 0.0248	 100.00	1455.21
    442	4007ed	    105	   20.0	43488.0	43191.6	 0.0247	 100.00	1455.40
    443	4007ed	    105	   16.0	43488.0	43192.3	 0.0247	 100.00	1455.46
    444	4007ed	    105	   20.0	43492.0	43193.0	 0.0247	 100.00	1455.62
    445	4007ed	    105	   12.0	43496.0	43193.7	 0.0246	 100.00	1455.69
    446	4007ed	    105	   28.0	43492.0	43194.3	 0.0247	 100.00	1455.83
    447	4007ed	    105	   12.0	43496.0	43195.0	 0.0246	 100.00	1455.92
    448	4007ed	    105	   20.0	43484.0	43195.6	 0.0247	 100.00	1455.97
    449	4007ed	    105	   12.0	43496.0	43196.3	 0.0247	 100.00	1456.05
    450	4007ed	    105	   16.0	43496.0	43197.0	 0.0246	 100.00	1456.13
    451	4007ed	    105	   36.0	43484.0	43197.6	 0.0248	 100.00	1456.37
    452	4007ed	    105	   20.0	43480.0	43198.2	 0.0248	 100.00	1456.40
    453	4007ed	    105	   12.0	43492.0	43198.9	 0.0247	 100.00	1456.63
    454	4007ed	    105	   20.0	43488.0	43199.5	 0.0247	 100.00	1456.80
    455	4007ed	    105	   16.0	43496.0	43200.2	 0.0246	 100.00	1456.92
    456	4007ed	    105	   24.0	43480.0	43200.8	 0.0246	 100.00	1457.12
    457	4007ed	    105	   12.0	43484.0	43201.4	 0.0246	 100.00	1457.31
    458	4007ed	    105	   16.0	43492.0	43202.0	 0.0245	 100.00	1457.52
    459	4007ed	    105	   16.0	43492.0	43202.7	 0.0245	 100.00	1457.58
    460	4007ed	    105	   24.0	43492.0	43203.3	 0.0245	 100.00	1457.80
    461	4007ed	    105	   24.0	43484.0	43203.9	 0.0245	 100.00	1458.01
    462	4007ed	    105	   16.0	43492.0	43204.5	 0.0245	 100.00	1458.24
    463	4007ed	    105	   12.0	43496.0	43205.1	 0.0244	 100.00	1458.43
    464	4007ed	    105	   20.0	43484.0	43205.7	 0.0245	 100.00	1458.63
    465	4007ed	    105	   16.0	43492.0	43206.4	 0.0245	 100.00	1458.89
    466	4007ed	    105	   24.0	43484.0	43206.9	 0.0245	 100.00	1459.03
    467	4007ed	    105	   12.0	43496.0	43207.6	 0.0244	 100.00	1459.14
    468	4007ed	    105	   20.0	43492.0	43208.2	 0.0244	 100.00	1459.23
    469	4007ed	    105	   20.0	43496.0	43208.8	 0.0244	 100.00	1459.46
    470	4007ed	    105	   16.0	43496.0	43209.4	 0.0243	 100.00	1459.55
    471	4007ed	    105	   12.0	43508.0	43210.0	 0.0244	 100.00	1459.78
    472	4007ed	    105	   32.0	43484.0	43210.6	 0.0244	 100.00	1459.89
    473	4007ed	    105	   12.0	43488.0	43211.2	 0.0244	 100.00	1460.07
    474	4007ed	    105	   24.0	43488.0	43211.8	 0.0244	 100.00	1460.28
    475	4007ed	    105	   12.0	43492.0	43212.4	 0.0243	 100.00	1460.47
    476	4007ed	    105	   20.0	43496.0	43213.0	 0.0245	 100.00	1460.67
    477	4007ed	    105	   20.0	43492.0	43213.5	 0.0245	 100.00	1460.76
    478	4007ed	    105	   20.0	43496.0	43214.1	 0.0245	 100.00	1460.91
    479	4007ed	    105	   16.0	43496.0	43214.7	 0.0245	 100.00	1460.97
    480	4007ed	    105	   16.0	43488.0	43215.3	 0.0246	 100.00	1461.12
    481	4007ed	    105	   12.0	43500.0	43215.9	 0.0246	 100.00	1461.26
    482	4007ed	    105	   28.0	43488.0	43216.4	 0.0246	 100.00	1461.45
    483	4007ed	    105	   16.0	43496.0	43217.0	 0.0245	 100.00	1461.65
    484	4007ed	    105	   24.0	43488.0	43217.6	 0.0245	 100.00	1461.82
    485	4007ed	    105	   12.0	43500.0	43218.2	 0.0245	 100.00	1461.95
    486	4007ed	    105	   16.0	43500.0	43218.7	 0.0244	 100.00	1462.00
    487	4007ed	    105	   24.0	43500.0	43219.3	 0.0245	 100.00	1462.09
    488	4007ed	    105	   16.0	43492.0	43219.9	 0.0244	 100.00	1462.13
    489	4007ed	    105	   16.0	43492.0	43220.4	 0.0244	 100.00	1462.21
    490	4007ed	    105	   16.0	43500.0	43221.0	 0.0243	 100.00	1462.39
    491	4007ed	    105	   12.0	43504.0	43221.6	 0.0243	 100.00	1462.46
    492	4007ed	    105	   52.0	43476.0	43222.1	 0.0247	 100.00	1462.46
    493	4007ed	    105	   12.0	43480.0	43222.6	 0.0246	 100.00	1462.62
    494	4007ed	    105	   16.0	43488.0	43223.1	 0.0246	 100.00	1462.65
    495	4007ed	    105	   16.0	43488.0	43223.7	 0.0246	 100.00	1462.77
    496	4007ed	    105	   16.0	43480.0	43224.2	 0.0246	 100.00	1462.82
    497	4007ed	    105	   24.0	43480.0	43224.7	 0.0246	 100.00	1462.96
    498	4007ed	    105	   16.0	43480.0	43225.2	 0.0245	 100.00	1463.11
    499	4007ed	    105	   12.0	43492.0	43225.8	 0.0245	 100.00	1463.13
    500	4007ed	    105	   24.0	43484.0	43226.3	 0.0245	 100.00	1463.29
    501	4007ed	    105	   16.0	43492.0	43226.8	 0.0244	 100.00	1463.33
    502	4007ed	    105	   28.0	43480.0	43227.3	 0.0244	 100.00	1463.48
    503	4007ed	    105	   12.0	43492.0	43227.8	 0.0244	 100.00	1463.48
    504	4007ed	    105	   16.0	43484.0	43228.3	 0.0243	 100.00	1463.64
    505	4007ed	    105	   16.0	43484.0	43228.8	 0.0243	 100.00	1463.67
    506	4007ed	    105	   20.0	43488.0	43229.3	 0.0243	 100.00	1463.80
    507	4007ed	    105	   20.0	43484.0	43229.9	 0.0242	 100.00	1463.85
    508	4007ed	    105	   20.0	43488.0	43230.4	 0.0242	 100.00	1464.00
    509	4007ed	    105	   12.0	43492.0	43230.9	 0.0241	 100.00	1464.05
    510	4007ed	    105	   24.0	43492.0	43231.4	 0.0242	 100.00	1464.18
    511	4007ed	    105	   12.0	43496.0	43231.9	 0.0241	 100.00	1464.23
    512	4007ed	    105	   32.0	43472.0	43232.4	 0.0244	 100.00	1464.33
    513	4007ed	    105	   12.0	43484.0	43232.9	 0.0244	 100.00	1464.49
    514	4007ed	    105	   16.0	43484.0	43233.3	 0.0243	 100.00	1464.54
    515	4007ed	    105	   20.0	43488.0	43233.8	 0.0243	 100.00	1464.72
    516	4007ed	    105	   20.0	43484.0	43234.3	 0.0242	 100.00	1464.90
    517	4007ed	    105	   12.0	43496.0	43234.8	 0.0243	 100.00	1465.06
    518	4007ed	    105	   24.0	43488.0	43235.3	 0.0243	 100.00	1465.18
    519	4007ed	    105	   16.0	43496.0	43235.8	 0.0243	 100.00	1465.31
    520	4007ed	    105	   20.0	43484.0	43236.3	 0.0242	 100.00	1465.38
    521	4007ed	    105	   12.0	43488.0	43236.8	 0.0242	 100.00	1465.42
    522	4007ed	    105	   16.0	43496.0	43237.3	 0.0242	 100.00	1465.60
    523	4007ed	    105	   24.0	43488.0	43237.7	 0.0242	 100.00	1465.65
    524	4007ed	    105	   24.0	43488.0	43238.2	 0.0241	 100.00	1465.80
    525	4007ed	    105	   16.0	43488.0	43238.7	 0.0241	 100.00	1465.79
    526	4007ed	    105	   16.0	43496.0	43239.2	 0.0240	 100.00	1465.93
    527	4007ed	    105	   12.0	43500.0	43239.7	 0.0240	 100.00	1465.94
    528	4007ed	    105	   24.0	43484.0	43240.1	 0.0240	 100.00	1466.09
    529	4007ed	    105	   16.0	43492.0	43240.6	 0.0239	 100.00	1466.12
    530	4007ed	    105	   20.0	43488.0	43241.1	 0.0239	 100.00	1466.26
    531	4007ed	    105	   12.0	43500.0	43241.6	 0.0239	 100.00	1466.31
    532	4007ed	    105	   20.0	43496.0	43242.0	 0.0238	 100.00	1466.42
    533	4007ed	    105	   36.0	43484.0	43242.5	 0.0239	 100.00	1466.49
    534	4007ed	    105	   16.0	43484.0	43243.0	 0.0239	 100.00	1466.52
    535	4007ed	    105	   12.0	43496.0	43243.4	 0.0239	 100.00	1466.58
    536	4007ed	    105	   20.0	43484.0	43243.9	 0.0239	 100.00	1466.62
    537	4007ed	    105	   12.0	43488.0	43244.3	 0.0238	 100.00	1466.66
    538	4007ed	    105	   28.0	43484.0	43244.8	 0.0238	 100.00	1466.65
    539	4007ed	    105	   12.0	43488.0	43245.2	 0.0237	 100.00	1466.79
    540	4007ed	    105	   20.0	43492.0	43245.7	 0.0237	 100.00	1466.90
    541	4007ed	    105	   16.0	43492.0	43246.1	 0.0237	 100.00	1466.95
    542	4007ed	    105	   20.0	43496.0	43246.6	 0.0236	 100.00	1467.08
    543	4007ed	    105	   24.0	43488.0	43247.0	 0.0236	 100.00	1467.21
    544	4007ed	    105	   16.0	43480.0	43247.5	 0.0236	 100.00	1467.26
    545	4007ed	    105	   12.0	43492.0	43247.9	 0.0236	 100.00	1467.36
    546	4007ed	    105	   20.0	43488.0	43248.4	 0.0236	 100.00	1467.41
    547	4007ed	    105	   16.0	43496.0	43248.8	 0.0235	 100.00	1467.45
    548	4007ed	    105	   28.0	43484.0	43249.2	 0.0235	 100.00	1467.50
    549	4007ed	    105	   12.0	 1243.0	43172.9	 0.0235	 100.00	1466.73
    550	4007ed	    105	   16.0	 1243.0	43096.8	 0.0234	 100.00	1466.57
    551	4007ed	    105	   20.0	   20.0	43018.7	 0.0234	 100.00	1466.30
    552	4007ed	    105	   16.0	   20.0	42941.0	 0.0234	 100.00	1465.85
    553	4007ed	    105	   28.0	   28.0	42863.5	 0.0235	 100.00	1465.54
    554	4007ed	    105	   16.0	   24.0	42786.3	 0.0235	 100.00	1465.11
    555	4007ed	    105	   12.0	   16.0	42709.4	 0.0235	 100.00	1464.80
    556	4007ed	    105	   28.0	   22.0	42632.8	 0.0234	 100.00	1464.34
    557	4007ed	    105	   12.0	   13.0	42556.4	 0.0234	 100.00	1464.30
    558	4007ed	    105	   16.0	   11.0	42480.3	 0.0234	 100.00	1464.11
    559	4007ed	    105	   20.0	   21.0	42404.4	 0.0234	 100.00	1463.98
    560	4007ed	    105	   16.0	   21.0	42328.9	 0.0234	 100.00	1463.79
    561	4007ed	    105	   20.0	   22.0	42253.6	 0.0233	 100.00	1463.66
    562	4007ed	    105	   16.0	   14.0	42178.6	 0.0233	 100.00	1463.43
    563	4007ed	    105	   12.0	   15.0	42103.8	 0.0234	 100.00	1463.41
    564	4007ed	    105	   32.0	   25.0	42029.4	 0.0234	 100.00	1463.27
    565	4007ed	    105	   16.0	   21.0	41955.1	 0.0233	 100.00	1463.28
    566	4007ed	    105	   20.0	   19.0	41881.2	 0.0235	 100.00	1463.14
    567	4007ed	    105	   12.0	   13.0	41807.5	 0.0234	 100.00	1463.12
    568	4007ed	    105	   16.0	   15.0	41734.0	 0.0234	 100.00	1462.99
    569	4007ed	    105	   20.0	   19.0	41660.8	 0.0234	 100.00	1462.96
    570	4007ed	    105	   20.0	   17.0	41587.9	 0.0233	 100.00	1462.83
    571	4007ed	    105	   16.0	   18.0	41515.2	 0.0233	 100.00	1462.83
    572	4007ed	    105	   20.0	   22.0	41442.8	 0.0233	 100.00	1462.70
    573	4007ed	    105	   12.0	   12.0	41370.6	 0.0233	 100.00	1462.70
    574	4007ed	    105	   44.0	   32.0	41298.7	 0.0236	 100.00	1462.57
    575	4007ed	    105	   12.0	   31.0	41227.1	 0.0235	 100.00	1462.54
    576	4007ed	    105	   20.0	   29.0	41155.7	 0.0237	 100.00	1462.38
    577	4007ed	    105	   12.0	   17.0	41084.5	 0.0237	 100.00	1462.24
    578	4007ed	    105	   16.0	    9.0	41013.6	 0.0236	 100.00	1462.07
    579	4007ed	    105	   24.0	   25.0	40942.9	 0.0236	 100.00	1461.94
    580	4007ed	    105	   20.0	   19.0	40872.5	 0.0236	 100.00	1461.78
    581	4007ed	    105	   12.0	   15.0	40802.3	 0.0236	 100.00	1461.72
    582	4007ed	    105	   20.0	   17.0	40732.3	 0.0236	 100.00	1461.59
    583	4007ed	    105	   16.0	   27.0	40662.6	 0.0236	 100.00	1461.59
    584	4007ed	    105	   28.0	   17.0	40593.1	 0.0237	 100.00	1461.47
    585	4007ed	    105	   12.0	   15.0	40523.9	 0.0236	 100.00	1461.46
    586	4007ed	    105	   16.0	   17.0	40454.9	 0.0236	 100.00	1461.34
    587	4007ed	    105	   16.0	   16.0	40386.1	 0.0236	 100.00	1461.32
    588	4007ed	    105	   24.0	   16.0	40317.6	 0.0235	 100.00	1461.19
    589	4007ed	    105	   20.0	   18.0	40249.3	 0.0235	 100.00	1461.19
    590	4007ed	    105	   16.0	   20.0	40181.2	 0.0235	 100.00	1461.07
    591	4007ed	    105	   12.0	   18.0	40113.3	 0.0235	 100.00	1461.07
    592	4007ed	    105	   20.0	   16.0	40045.7	 0.0234	 100.00	1460.95
    593	4007ed	    105	   16.0	   15.0	39978.3	 0.0234	 100.00	1460.91
    594	4007ed	    105	   32.0	   23.0	39911.2	 0.0234	 100.00	1460.75
    595	4007ed	    105	   12.0	   15.0	39844.2	 0.0234	 100.00	1460.63
    596	4007ed	    105	   20.0	   17.0	39777.5	 0.0233	 100.00	1460.48
    597	4007ed	    105	   20.0	   18.0	39711.0	 0.0233	 100.00	1460.36
    598	4007ed	    105	   16.0	   14.0	39644.8	 0.0233	 100.00	1460.20
    599	4007ed	    105	   12.0	   12.0	39578.7	 0.0233	 100.00	1460.05
    600	4007ed	    105	   24.0	   28.0	39512.9	 0.0233	 100.00	1459.94
    601	4007ed	    105	   12.0	   17.0	39447.3	 0.0232	 100.00	1459.93
    602	4007ed	    105	   24.0	   23.0	39381.9	 0.0232	 100.00	1459.81
    603	4007ed	    105	   12.0	   14.0	39316.7	 0.0232	 100.00	1459.79
    604	4007ed	    105	   20.0	   12.0	39251.8	 0.0232	 100.00	1459.68
    605	4007ed	    105	   24.0	   24.0	39187.0	 0.0233	 100.00	1459.69
    606	4007ed	    105	   20.0	   24.0	39122.5	 0.0233	 100.00	1459.54
    607	4007ed	    105	   16.0	   23.0	39058.2	 0.0232	 100.00	1459.44
    608	4007ed	    105	   16.0	   17.0	38994.1	 0.0233	 100.00	1459.29
    609	4007ed	    105	   12.0	   14.0	38930.2	 0.0233	 100.00	1459.20
    610	4007ed	    105	   24.0	   18.0	38866.5	 0.0233	 100.00	1459.03
    611	4007ed	    105	   16.0	   22.0	38803.0	 0.0233	 100.00	1458.90
    612	4007ed	    105	   24.0	   18.0	38739.8	 0.0233	 100.00	1458.78
    613	4007ed	    105	   12.0	   11.0	38676.7	 0.0232	 100.00	1458.78
    614	4007ed	    105	   16.0	   13.0	38613.8	 0.0232	 100.00	1458.66
    615	4007ed	    105	   36.0	   37.0	38551.2	 0.0234	 100.00	1458.68
    616	4007ed	    105	   16.0	   35.0	38488.8	 0.0234	 100.00	1458.56
    617	4007ed	    105	   16.0	   26.0	38426.5	 0.0234	 100.00	1458.58
    618	4007ed	    105	   16.0	   28.0	38364.5	 0.0234	 100.00	1458.44
    619	4007ed	    105	   12.0	   14.0	38302.7	 0.0234	 100.00	1458.45
    620	4007ed	    105	   32.0	   18.0	38241.0	 0.0235	 100.00	1458.33
    621	4007ed	    105	   12.0	   25.0	38179.6	 0.0234	 100.00	1458.35
    622	4007ed	    105	   16.0	   19.0	38118.3	 0.0234	 100.00	1458.22
    623	4007ed	    105	   16.0	   22.0	38057.3	 0.0234	 100.00	1458.24
    624	4007ed	    105	   16.0	   16.0	37996.4	 0.0235	 100.00	1458.09
    625	4007ed	    105	   28.0	   22.0	37935.7	 0.0236	 100.00	1458.10
    626	4007ed	    105	   16.0	   18.0	37875.3	 0.0235	 100.00	1457.98
    627	4007ed	    105	   12.0	   22.0	37815.0	 0.0235	 100.00	1457.99
    628	4007ed	    105	   24.0	   22.0	37754.9	 0.0235	 100.00	1457.87
    629	4007ed	    105	   16.0	   18.0	37695.0	 0.0235	 100.00	1457.89
    630	4007ed	    105	   24.0	   16.0	37635.3	 0.0234	 100.00	1457.75
    631	4007ed	    105	   12.0	   14.0	37575.8	 0.0234	 100.00	1457.77
    632	4007ed	    105	   16.0	   20.0	37516.4	 0.0234	 100.00	1457.65
    633	4007ed	    105	   16.0	   14.0	37457.3	 0.0234	 100.00	1457.66
    634	4007ed	    105	   20.0	   14.0	37398.3	 0.0233	 100.00	1457.54
    635	4007ed	    105	   28.0	   28.0	37339.6	 0.0234	 100.00	1457.56
    636	4007ed	    105	   20.0	   32.0	37281.0	 0.0235	 100.00	1457.44
    637	4007ed	    105	   12.0	   17.0	37222.6	 0.0234	 100.00	1457.48
    638	4007ed	    105	   24.0	   21.0	37164.4	 0.0234	 100.00	1457.35
    639	4007ed	    105	   12.0	   14.0	37106.3	 0.0234	 100.00	1457.26
    640	4007ed	    105	   24.0	   22.0	37048.5	 0.0234	 100.00	1457.12
    641	4007ed	    105	   12.0	   16.0	36990.8	 0.0234	 100.00	1457.04
    642	4007ed	    105	   16.0	   16.0	36933.3	 0.0233	 100.00	1456.87
    643	4007ed	    105	   20.0	   20.0	36876.0	 0.0234	 100.00	1456.92
    644	4007ed	    105	   20.0	   16.0	36818.8	 0.0233	 100.00	1456.82
    645	4007ed	    105	   12.0	   16.0	36761.8	 0.0234	 100.00	1456.86
    646	4007ed	    105	   28.0	   20.0	36705.0	 0.0235	 100.00	1456.74
    647	4007ed	    105	   16.0	   23.0	36648.4	 0.0234	 100.00	1456.75
    648	4007ed	    105	   20.0	   21.0	36592.0	 0.0234	 100.00	1456.63
    649	4007ed	    105	   12.0	   11.0	36535.7	 0.0234	 100.00	1456.64
    650	4007ed	    105	   16.0	   13.0	36479.6	 0.0233	 100.00	1456.53
    651	4007ed	    105	   20.0	   20.0	36423.7	 0.0233	 100.00	1456.55
    652	4007ed	    105	   24.0	   20.0	36368.0	 0.0233	 100.00	1456.44
    653	4007ed	    105	   16.0	   17.0	36312.4	 0.0233	 100.00	1456.45
    654	4007ed	    105	   16.0	   15.0	36257.0	 0.0233	 100.00	1456.36
    655	4007ed	    105	   12.0	   10.0	36201.7	 0.0234	 100.00	1456.31
    656	4007ed	    105	   52.0	   50.0	36146.7	 0.0239	 100.00	1456.19
    657	4007ed	    105	   16.0	   46.0	36091.8	 0.0238	 100.00	1456.07
    658	4007ed	    105	   20.0	   40.0	36037.1	 0.0238	 100.00	1455.95
    659	4007ed	    105	   12.0	   20.0	35982.5	 0.0238	 100.00	1455.85
    660	4007ed	    105	   20.0	   16.0	35928.1	 0.0239	 100.00	1455.74
    661	4007ed	    105	   24.0	   20.0	35873.9	 0.0239	 100.00	1455.68
    662	4007ed	    105	   16.0	   18.0	35819.8	 0.0239	 100.00	1455.58
    663	4007ed	    105	   12.0	   17.0	35765.9	 0.0240	 100.00	1455.59
    664	4007ed	    105	   20.0	   23.0	35712.1	 0.0241	 100.00	1455.48
    665	4007ed	    105	   12.0	   17.0	35658.5	 0.0241	 100.00	1455.48
    666	4007ed	    105	   32.0	   15.0	35605.1	 0.0241	 100.00	1455.39
    667	4007ed	    105	   12.0	   18.0	35551.8	 0.0241	 100.00	1455.38
    668	4007ed	    105	   20.0	   20.0	35498.7	 0.0241	 100.00	1455.29
    669	4007ed	    105	   16.0	   12.0	35445.7	 0.0242	 100.00	1455.31
    670	4007ed	    105	   20.0	   16.0	35392.9	 0.0242	 100.00	1455.21
    671	4007ed	    105	   20.0	   27.0	35340.3	 0.0243	 100.00	1455.22
    672	4007ed	    105	   16.0	   15.0	35287.8	 0.0243	 100.00	1455.12
    673	4007ed	    105	   12.0	   14.0	35235.5	 0.0243	 100.00	1455.10
    674	4007ed	    105	   20.0	   18.0	35183.3	 0.0243	 100.00	1454.94
    675	4007ed	    105	   16.0	   16.0	35131.3	 0.0242	 100.00	1454.86
    676	4007ed	    105	   36.0	   28.0	35079.4	 0.0242	 100.00	1454.73
    677	4007ed	    105	   12.0	   16.0	35027.7	 0.0242	 100.00	1454.63
    678	4007ed	    105	   16.0	   16.0	34976.2	 0.0242	 100.00	1454.51
    679	4007ed	    105	   20.0	   19.0	34924.8	 0.0242	 100.00	1454.42
    680	4007ed	    105	   16.0	   21.0	34873.5	 0.0241	 100.00	1454.33
    681	4007ed	    105	   20.0	   19.0	34822.4	 0.0241	 100.00	1454.34
    682	4007ed	    105	   16.0	   23.0	34771.4	 0.0241	 100.00	1454.24
    683	4007ed	    105	   12.0	   10.0	34720.6	 0.0241	 100.00	1454.24
    684	4007ed	    105	   28.0	   20.0	34670.0	 0.0241	 100.00	1454.14
    685	4007ed	    105	   12.0	   14.0	34619.4	 0.0240	 100.00	1454.16
    686	4007ed	    105	   16.0	   14.0	34569.1	 0.0241	 100.00	1454.06
    687	4007ed	    105	   24.0	   23.0	34518.9	 0.0242	 100.00	1454.04
    688	4007ed	    105	   16.0	   21.0	34468.8	 0.0242	 100.00	1453.91
    689	4007ed	    105	   20.0	   21.0	34418.9	 0.0242	 100.00	1453.82
    690	4007ed	    105	   16.0	   21.0	34369.1	 0.0241	 100.00	1453.69
    691	4007ed	    105	   12.0	   12.0	34319.4	 0.0242	 100.00	1453.53
    692	4007ed	    105	   28.0	   24.0	34270.0	 0.0241	 100.00	1453.44
    693	4007ed	    105	   16.0	   24.0	34220.6	 0.0241	 100.00	1453.44
    694	4007ed	    105	   20.0	   20.0	34171.4	 0.0241	 100.00	1453.34
    695	4007ed	    105	   12.0	   14.0	34122.3	 0.0241	 100.00	1453.33
    696	4007ed	    105	   16.0	   20.0	34073.4	 0.0241	 100.00	1453.24
    697	4007ed	    105	   32.0	   19.0	34024.6	 0.0242	 100.00	1453.26
    698	4007ed	    105	   20.0	   25.0	33976.0	 0.0242	 100.00	1453.13
    699	4007ed	    105	   16.0	   25.0	33927.5	 0.0241	 100.00	1453.06
    700	4007ed	    105	   20.0	   23.0	33879.1	 0.0241	 100.00	1452.93
    701	4007ed	    105	   12.0	   12.0	33830.9	 0.0241	 100.00	1452.85
    702	4007ed	    105	   28.0	   16.0	33782.8	 0.0240	 100.00	1452.72
    703	4007ed	    105	   12.0	   13.0	33734.8	 0.0240	 100.00	1452.63
    704	4007ed	    105	   20.0	   17.0	33687.0	 0.0241	 100.00	1452.53
    705	4007ed	    105	   12.0	   13.0	33639.3	 0.0241	 100.00	1452.54
    706	4007ed	    105	   16.0	   15.0	33591.7	 0.0241	 100.00	1452.44
    707	4007ed	    105	   28.0	   28.0	33544.3	 0.0241	 100.00	1452.46
    708	4007ed	    105	   20.0	   22.0	33497.0	 0.0241	 100.00	1452.35
    709	4007ed	    105	   12.0	   16.0	33449.9	 0.0241	 100.00	1452.38
    710	4007ed	    105	   20.0	   20.0	33402.8	 0.0240	 100.00	1452.24
    711	4007ed	    105	   16.0	   17.0	33355.9	 0.0240	 100.00	1452.26
    712	4007ed	    105	   24.0	   23.0	33309.2	 0.0240	 100.00	1452.16
    713	4007ed	    105	   12.0	   13.0	33262.6	 0.0239	 100.00	1452.18
    714	4007ed	    105	   16.0	   13.0	33216.1	 0.0239	 100.00	1452.08
    715	4007ed	    105	   16.0	   16.0	33169.7	 0.0239	 100.00	1452.09
    716	4007ed	    105	   24.0	   16.0	33123.5	 0.0239	 100.00	1451.98
    717	4007ed	    105	   28.0	   30.0	33077.4	 0.0239	 100.00	1452.00
    718	4007ed	    105	   16.0	   26.0	33031.4	 0.0240	 100.00	1451.90
    719	4007ed	    105	   12.0	   16.0	32985.5	 0.0239	 100.00	1451.92
    720	4007ed	    105	   20.0	   28.0	32939.8	 0.0240	 100.00	1451.82
    721	4007ed	    105	   16.0	   12.0	32894.2	 0.0240	 100.00	1451.84
    722	4007ed	    105	   24.0	   12.0	32848.7	 0.0239	 100.00	1451.73
    723	4007ed	    105	   12.0	   16.0	32803.4	 0.0239	 100.00	1451.75
    724	4007ed	    105	   20.0	   18.0	32758.2	 0.0239	 100.00	1451.66
    725	4007ed	    105	   20.0	   20.0	32713.1	 0.0239	 100.00	1451.68
    726	4007ed	    105	   16.0	   12.0	32668.1	 0.0238	 100.00	1451.58
    727	4007ed	    105	   12.0	   14.0	32623.2	 0.0238	 100.00	1451.60
    728	4007ed	    105	   28.0	   30.0	32578.5	 0.0239	 100.00	1451.51
    729	4007ed	    105	   12.0	   14.0	32533.9	 0.0238	 100.00	1451.51
    730	4007ed	    105	   24.0	   20.0	32489.4	 0.0238	 100.00	1451.43
    731	4007ed	    105	   12.0	    9.0	32445.1	 0.0238	 100.00	1451.47
    732	4007ed	    105	   20.0	   13.0	32400.8	 0.0239	 100.00	1451.36
    733	4007ed	    105	   20.0	   17.0	32356.7	 0.0239	 100.00	1451.28
    734	4007ed	    105	   20.0	   25.0	32312.7	 0.0239	 100.00	1451.11
    735	4007ed	    105	   16.0	   20.0	32268.8	 0.0239	 100.00	1451.18
    736	4007ed	    105	   16.0	   18.0	32225.1	 0.0240	 100.00	1451.24
    737	4007ed	    105	   12.0	   10.0	32181.4	 0.0240	 100.00	1451.29
    738	4007ed	    105	   40.0	   38.0	32137.9	 0.0241	 100.00	1451.37
    739	4007ed	    105	   16.0	   36.0	32094.6	 0.0241	 100.00	1451.45
    740	4007ed	    105	   24.0	   36.0	32051.3	 0.0241	 100.00	1451.53
    741	4007ed	    105	   12.0	   13.0	32008.1	 0.0241	 100.00	1451.59
    742	4007ed	    105	   16.0	   13.0	31965.0	 0.0240	 100.00	1451.67
    743	4007ed	    105	   24.0	   26.0	31922.1	 0.0241	 100.00	1451.74
    744	4007ed	    105	   16.0	   11.0	31879.3	 0.0241	 100.00	1451.21
    745	4007ed	    105	   16.0	   19.0	31836.6	 0.0240	 100.00	1451.28
    746	4007ed	    105	   16.0	   18.0	31794.0	 0.0240	 100.00	1451.35
    747	4007ed	    105	   12.0	   14.0	31751.5	 0.0240	 100.00	1451.39
    748	4007ed	    105	   36.0	   33.0	31709.1	 0.0241	 100.00	1451.45
    749	4007ed	    105	   12.0	   21.0	31666.9	 0.0240	 100.00	1451.51
    750	4007ed	    105	   16.0	   19.0	31624.8	 0.0240	 100.00	1451.57
    751	4007ed	    105	   16.0	   17.0	31582.7	 0.0240	 100.00	1451.61
    752	4007ed	    105	   16.0	   15.0	31540.8	 0.0240	 100.00	1451.68
    753	4007ed	    105	   24.0	    5.0	31499.0	 0.0240	 100.00	1451.71
    754	4007ed	    105	   16.0	    2.0	31457.3	 0.0240	 100.00	1451.02
    755	4007ed	    105	   12.0	   24.0	31415.7	 0.0239	 100.00	1450.14
