./asc:main.c:294: warning: auxv random bytes were not cleared
  Round	    PC	Excited	Hamming	   Loss	 Regret	    MSE	  Error	   MIPS
      0	400144	     45	42314.0	42314.0	42314.0	 0.1286	 100.00	  26.72
      1	4007f6	     45	 1219.0	43531.0	21765.5	 0.1219	 100.00	 223.94
      2	4007f6	     45	    8.0	43531.0	14510.3	 0.0813	 100.00	 357.58
      3	4007f6	     45	   10.0	43533.0	10883.2	 0.0666	 100.00	 466.36
      4	4007f6	     45	   10.0	43531.0	17412.8	 0.0536	 100.00	 559.94
      5	4007f6	     45	    6.0	43537.0	21766.8	 0.0491	 100.00	 645.85
      6	4007f6	     45	   12.0	43533.0	24876.3	 0.0437	 100.00	 709.65
      7	4007f6	     45	    8.0	43537.0	27208.9	 0.0383	 100.00	 764.35
      8	4007f6	     45	   10.0	43531.0	29022.4	 0.0341	 100.00	 811.73
      9	4007f6	     45	    6.0	43533.0	30473.5	 0.0307	 100.00	 853.97
     10	4007f6	     45	    8.0	43537.0	31661.1	 0.0282	 100.00	 883.72
     11	4007f6	     45	   12.0	43533.0	32650.4	 0.0294	 100.00	 912.63
     12	4007f6	     45	   12.0	43533.0	33487.5	 0.0274	 100.00	 937.21
     13	4007f6	     45	    8.0	43533.0	34205.1	 0.0255	 100.00	 960.30
     14	4007f6	     45	    8.0	43537.0	34827.2	 0.0238	 100.00	 979.92
     15	4007f6	     45	    6.0	43539.0	35371.7	 0.0223	 100.00	 997.80
     16	4007f6	     45	   12.0	43531.0	35851.6	 0.0212	 100.00	1014.47
     17	4007f6	     45	    8.0	43535.0	36278.5	 0.0201	 100.00	1029.81
     18	4007f6	     45	   10.0	43533.0	36660.3	 0.0190	 100.00	1043.57
     19	4007f6	     45	    6.0	43539.0	37004.2	 0.0184	 100.00	1056.71
     20	4007f6	     45	   10.0	43537.0	37315.3	 0.0175	 100.00	1068.40
     21	4007f6	     45	   16.0	43533.0	37598.0	 0.0182	 100.00	1078.98
     22	4007f6	     45	    8.0	43533.0	37856.0	 0.0174	 100.00	1089.20
     23	4007f6	     45	    6.0	43539.0	38092.8	 0.0169	 100.00	1098.55
     24	4007f6	     45	   10.0	43533.0	38310.4	 0.0169	 100.00	1107.44
     25	4007f6	     45	    6.0	43535.0	38511.3	 0.0163	 100.00	1115.69
     26	4007f6	     45	   14.0	43533.0	38697.3	 0.0158	 100.00	1123.50
     27	4007f6	     45	    6.0	43535.0	38870.1	 0.0152	 100.00	1129.99
     28	4007f6	     45	   10.0	43537.0	39031.0	 0.0147	 100.00	1137.04
     29	4007f6	     45	    8.0	43537.0	39181.2	 0.0142	 100.00	1143.14
     30	4007f6	     45	   10.0	43539.0	39321.8	 0.0138	 100.00	1149.44
     31	4007f6	     45	   12.0	43535.0	39453.5	 0.0151	 100.00	1154.89
     32	4007f6	     45	    8.0	43531.0	39577.0	 0.0147	 100.00	1160.55
     33	4007f6	     45	    6.0	43537.0	39693.5	 0.0142	 100.00	1165.17
     34	4007f6	     45	   10.0	43535.0	39803.3	 0.0149	 100.00	1170.25
     35	4007f6	     45	    8.0	43539.0	39907.0	 0.0145	 100.00	1175.15
     36	4007f6	     45	   14.0	43533.0	40005.0	 0.0152	 100.00	1179.69
     37	4007f6	     45	    6.0	43539.0	40098.0	 0.0148	 100.00	1183.80
     38	4007f6	     45	    8.0	43539.0	40186.3	 0.0144	 100.00	1188.00
     39	4007f6	     45	   10.0	43541.0	40270.1	 0.0141	 100.00	1191.53
     40	4007f6	     45	    8.0	43537.0	40349.8	 0.0137	 100.00	1195.36
     41	4007f6	     45	   16.0	43529.0	40425.5	 0.0151	 100.00	1198.63
     42	4007f6	     45	    8.0	43533.0	40497.8	 0.0148	 100.00	1202.10
     43	4007f6	     45	    6.0	43535.0	40566.8	 0.0144	 100.00	1205.18
     44	4007f6	     45	   14.0	43533.0	40632.7	 0.0141	 100.00	1208.38
     45	4007f6	     45	    6.0	43535.0	40695.8	 0.0138	 100.00	1211.25
     46	4007f6	     45	    8.0	43539.0	40756.3	 0.0135	 100.00	1214.20
     47	4007f6	     45	   10.0	43537.0	40814.2	 0.0132	 100.00	1216.82
     48	4007f6	     45	    8.0	43533.0	40869.7	 0.0130	 100.00	1219.56
     49	4007f6	     45	   10.0	43535.0	40923.0	 0.0127	 100.00	1221.90
     50	4007f6	     45	    8.0	43535.0	40974.2	 0.0125	 100.00	1224.43
     51	4007f6	     45	    6.0	43541.0	41023.6	 0.0123	 100.00	1226.55
     52	4007f6	     45	   16.0	43533.0	41070.9	 0.0134	 100.00	1228.92
     53	4007f6	     45	    8.0	43537.0	41116.6	 0.0131	 100.00	1230.99
     54	4007f6	     45	   10.0	43535.0	41160.6	 0.0129	 100.00	1233.32
     55	4007f6	     45	    6.0	43541.0	41203.1	 0.0127	 100.00	1235.32
     56	4007f6	     45	    8.0	43537.0	41244.0	 0.0125	 100.00	1237.41
     57	4007f6	     45	   10.0	43535.0	41283.5	 0.0125	 100.00	1239.15
     58	4007f6	     45	   10.0	43537.0	41321.7	 0.0123	 100.00	1241.13
     59	4007f6	     45	    8.0	43537.0	41358.7	 0.0121	 100.00	1242.83
     60	4007f6	     45	   10.0	43539.0	41394.4	 0.0119	 100.00	1244.69
     61	4007f6	     45	    6.0	43541.0	41429.0	 0.0117	 100.00	1246.32
     62	4007f6	     45	   18.0	43535.0	41462.4	 0.0122	 100.00	1248.13
     63	4007f6	     45	    6.0	43537.0	41494.9	 0.0120	 100.00	1249.51
     64	4007f6	     45	   10.0	43531.0	41526.2	 0.0119	 100.00	1251.20
     65	4007f6	     45	    6.0	43537.0	41556.7	 0.0117	 100.00	1252.54
     66	4007f6	     45	    8.0	43537.0	41586.2	 0.0115	 100.00	1254.17
     67	4007f6	     45	   12.0	43537.0	41614.9	 0.0117	 100.00	1255.62
     68	4007f6	     45	   10.0	43535.0	41642.7	 0.0115	 100.00	1256.98
     69	4007f6	     45	    6.0	43541.0	41669.8	 0.0113	 100.00	1258.24
     70	4007f6	     45	   10.0	43539.0	41696.2	 0.0113	 100.00	1259.86
     71	4007f6	     45	    8.0	43543.0	41721.8	 0.0111	 100.00	1260.94
     72	4007f6	     45	   14.0	43533.0	41746.6	 0.0114	 100.00	1262.03
     73	4007f6	     45	    6.0	43535.0	41770.8	 0.0113	 100.00	1263.27
     74	4007f6	     45	    8.0	43539.0	41794.4	 0.0111	 100.00	1264.36
     75	4007f6	     45	    8.0	43539.0	41817.3	 0.0110	 100.00	1265.54
     76	4007f6	     45	   12.0	43539.0	41839.7	 0.0109	 100.00	1266.74
     77	4007f6	     45	   10.0	43537.0	41861.4	 0.0114	 100.00	1267.87
     78	4007f6	     45	    8.0	43541.0	41882.7	 0.0112	 100.00	1268.99
     79	4007f6	     45	    6.0	43543.0	41903.5	 0.0111	 100.00	1270.11
     80	4007f6	     45	   10.0	43537.0	41923.6	 0.0112	 100.00	1271.03
     81	4007f6	     45	    8.0	43541.0	41943.4	 0.0111	 100.00	1272.04
     82	4007f6	     45	   20.0	43529.0	41962.5	 0.0127	 100.00	1272.90
     83	4007f6	     45	    6.0	43535.0	41981.2	 0.0126	 100.00	1273.91
     84	4007f6	     45	   10.0	43533.0	41999.4	 0.0124	 100.00	1274.76
     85	4007f6	     45	   10.0	43535.0	42017.3	 0.0123	 100.00	1275.70
     86	4007f6	     45	    8.0	43535.0	42034.7	 0.0121	 100.00	1276.38
     87	4007f6	     45	    6.0	43541.0	42051.9	 0.0125	 100.00	1277.33
     88	4007f6	     45	   12.0	43533.0	42068.5	 0.0126	 100.00	1278.10
     89	4007f6	     45	    6.0	43535.0	42084.8	 0.0125	 100.00	1279.02
     90	4007f6	     45	   12.0	43535.0	42100.7	 0.0123	 100.00	1279.88
     91	4007f6	     45	    6.0	43537.0	42116.3	 0.0122	 100.00	1280.71
     92	4007f6	     45	   10.0	43539.0	42131.6	 0.0122	 100.00	1281.39
     93	4007f6	     45	   12.0	43535.0	42146.6	 0.0122	 100.00	1282.24
     94	4007f6	     45	   10.0	43537.0	42161.2	 0.0120	 100.00	1282.95
     95	4007f6	     45	    8.0	43537.0	42175.5	 0.0119	 100.00	1283.73
     96	4007f6	     45	    8.0	43533.0	42189.5	 0.0118	 100.00	1284.48
     97	4007f6	     45	    6.0	43539.0	42203.3	 0.0117	 100.00	1285.36
     98	4007f6	     45	   12.0	43535.0	42216.7	 0.0115	 100.00	1286.09
     99	4007f6	     45	    8.0	43539.0	42230.0	 0.0114	 100.00	1286.96
    100	4007f6	     45	   12.0	43535.0	42242.9	 0.0113	 100.00	1287.66
    101	4007f6	     45	    6.0	43541.0	42255.6	 0.0112	 100.00	1288.49
    102	4007f6	     45	    8.0	43541.0	42268.1	 0.0111	 100.00	1289.22
    103	4007f6	     45	   16.0	43537.0	42280.3	 0.0112	 100.00	1290.03
    104	4007f6	     45	    8.0	43533.0	42292.2	 0.0111	 100.00	1290.60
    105	4007f6	     45	    8.0	43533.0	42303.9	 0.0110	 100.00	1291.37
    106	4007f6	     45	    8.0	43537.0	42315.5	 0.0109	 100.00	1292.13
    107	4007f6	     45	    6.0	43539.0	42326.8	 0.0108	 100.00	1292.88
    108	4007f6	     45	   16.0	43535.0	42337.9	 0.0110	 100.00	1293.54
    109	4007f6	     45	    6.0	43537.0	42348.8	 0.0109	 100.00	1294.29
    110	4007f6	     45	    8.0	43541.0	42359.5	 0.0108	 100.00	1294.86
    111	4007f6	     45	    8.0	43541.0	42370.1	 0.0107	 100.00	1295.56
    112	4007f6	     45	    8.0	43537.0	42380.4	 0.0106	 100.00	1296.17
    113	4007f6	     45	   14.0	43535.0	42390.5	 0.0105	 100.00	1296.75
    114	4007f6	     45	    8.0	43535.0	42400.5	 0.0104	 100.00	1297.38
    115	4007f6	     45	    6.0	43541.0	42410.3	 0.0103	 100.00	1298.07
    116	4007f6	     45	   12.0	43537.0	42419.9	 0.0103	 100.00	1298.56
    117	4007f6	     45	    8.0	43541.0	42429.4	 0.0102	 100.00	1299.22
    118	4007f6	     45	   12.0	43537.0	42438.7	 0.0102	 100.00	1299.75
    119	4007f6	     45	    6.0	43543.0	42447.9	 0.0101	 100.00	1300.35
    120	4007f6	     45	    8.0	43539.0	42457.0	 0.0100	 100.00	1300.88
    121	4007f6	     45	    8.0	43539.0	42465.8	 0.0102	 100.00	1301.45
    122	4007f6	     45	   10.0	43541.0	42474.6	 0.0102	 100.00	1301.88
    123	4007f6	     45	   16.0	43533.0	42483.1	 0.0108	 100.00	1302.46
    124	4007f6	     45	   10.0	43535.0	42491.5	 0.0107	 100.00	1302.86
    125	4007f6	     45	    6.0	43537.0	42499.8	 0.0106	 100.00	1303.47
    126	4007f6	     45	   12.0	43537.0	42508.0	 0.0105	 100.00	1303.93
    127	4007f6	     45	    6.0	43539.0	42516.0	 0.0104	 100.00	1304.50
    128	4007f6	     45	   12.0	43531.0	42523.9	 0.0106	 100.00	1304.89
    129	4007f6	     45	    6.0	43537.0	42531.7	 0.0106	 100.00	1305.41
    130	4007f6	     45	    8.0	43537.0	42539.4	 0.0105	 100.00	1305.88
    131	4007f6	     45	   10.0	43539.0	42546.9	 0.0104	 100.00	1306.42
    132	4007f6	     45	   10.0	43537.0	42554.4	 0.0103	 100.00	1306.86
    133	4007f6	     45	    6.0	43543.0	42561.8	 0.0104	 100.00	1307.36
    134	4007f6	     45	   14.0	43537.0	42569.0	 0.0106	 100.00	1307.86
    135	4007f6	     45	    8.0	43541.0	42576.1	 0.0105	 100.00	1308.35
    136	4007f6	     45	   10.0	43535.0	42583.1	 0.0104	 100.00	1308.71
    137	4007f6	     45	    6.0	43537.0	42590.1	 0.0104	 100.00	1309.21
    138	4007f6	     45	    8.0	43541.0	42596.9	 0.0106	 100.00	1309.61
    139	4007f6	     45	   10.0	43539.0	42603.6	 0.0106	 100.00	1310.09
    140	4007f6	     45	   12.0	43539.0	42610.3	 0.0105	 100.00	1310.37
    141	4007f6	     45	    8.0	43539.0	42616.8	 0.0105	 100.00	1310.82
    142	4007f6	     45	    8.0	43543.0	42623.3	 0.0104	 100.00	1311.20
    143	4007f6	     45	    6.0	43545.0	42629.7	 0.0103	 100.00	1311.66
    144	4007f6	     45	   16.0	43533.0	42635.9	 0.0107	 100.00	1312.03
    145	4007f6	     45	    8.0	43537.0	42642.1	 0.0106	 100.00	1312.32
    146	4007f6	     45	   10.0	43535.0	42648.1	 0.0105	 100.00	1312.64
    147	4007f6	     45	    6.0	43541.0	42654.2	 0.0105	 100.00	1313.06
    148	4007f6	     45	   10.0	43539.0	42660.1	 0.0104	 100.00	1313.43
    149	4007f6	     45	   12.0	43539.0	42666.0	 0.0104	 100.00	1313.82
    150	4007f6	     45	    8.0	43539.0	42671.8	 0.0103	 100.00	1314.21
    151	4007f6	     45	    6.0	43545.0	42677.5	 0.0103	 100.00	1314.60
    152	4007f6	     45	   10.0	43539.0	42683.1	 0.0102	 100.00	1314.89
    153	4007f6	     45	    6.0	43541.0	42688.7	 0.0102	 100.00	1315.25
    154	4007f6	     45	   16.0	43537.0	42694.2	 0.0104	 100.00	1315.60
    155	4007f6	     45	    6.0	43539.0	42699.6	 0.0104	 100.00	1315.93
    156	4007f6	     45	   10.0	43541.0	42705.0	 0.0103	 100.00	1316.29
    157	4007f6	     45	    8.0	43541.0	42710.2	 0.0102	 100.00	1316.70
    158	4007f6	     45	   10.0	43543.0	42715.5	 0.0102	 100.00	1316.90
    159	4007f6	     45	   10.0	43541.0	42720.6	 0.0101	 100.00	1317.34
    160	4007f6	     45	    8.0	43537.0	42725.7	 0.0101	 100.00	1317.59
    161	4007f6	     45	    6.0	43543.0	42730.8	 0.0100	 100.00	1317.98
    162	4007f6	     45	   10.0	43541.0	42735.7	 0.0100	 100.00	1318.22
    163	4007f6	     45	    8.0	43545.0	42740.7	 0.0099	 100.00	1318.45
    164	4007f6	     45	   24.0	43529.0	42745.4	 0.0110	 100.00	1318.78
    165	4007f6	     45	    6.0	43535.0	42750.2	 0.0109	 100.00	1319.04
    166	4007f6	     45	    8.0	43535.0	42754.9	 0.0108	 100.00	1319.35
    167	4007f6	     45	   10.0	43537.0	42759.6	 0.0111	 100.00	1319.67
    168	4007f6	     45	    8.0	43533.0	42764.1	 0.0111	 100.00	1319.98
    169	4007f6	     45	   10.0	43531.0	42768.6	 0.0110	 100.00	1320.20
    170	4007f6	     45	    8.0	43535.0	42773.1	 0.0109	 100.00	1320.51
    171	4007f6	     45	    6.0	43537.0	42777.6	 0.0109	 100.00	1320.80
    172	4007f6	     45	   14.0	43535.0	42781.9	 0.0112	 100.00	1321.10
    173	4007f6	     45	    6.0	43537.0	42786.3	 0.0111	 100.00	1321.42
    174	4007f6	     45	    8.0	43541.0	42790.6	 0.0113	 100.00	1321.73
    175	4007f6	     45	   12.0	43537.0	42794.8	 0.0112	 100.00	1321.93
    176	4007f6	     45	    8.0	43533.0	42799.0	 0.0113	 100.00	1322.24
    177	4007f6	     45	   10.0	43535.0	42803.1	 0.0113	 100.00	1322.48
    178	4007f6	     45	    8.0	43535.0	42807.2	 0.0112	 100.00	1322.78
    179	4007f6	     45	    6.0	43541.0	42811.3	 0.0114	 100.00	1323.07
    180	4007f6	     45	   14.0	43535.0	42815.3	 0.0115	 100.00	1323.36
    181	4007f6	     45	    8.0	43539.0	42819.3	 0.0114	 100.00	1323.58
    182	4007f6	     45	   10.0	43537.0	42823.2	 0.0113	 100.00	1323.84
    183	4007f6	     45	    6.0	43543.0	42827.1	 0.0113	 100.00	1324.05
    184	4007f6	     45	    8.0	43539.0	42831.0	 0.0112	 100.00	1324.32
    185	4007f6	     45	   14.0	43533.0	42834.7	 0.0116	 100.00	1324.43
    186	4007f6	     45	   10.0	43535.0	42838.5	 0.0116	 100.00	1324.73
    187	4007f6	     45	    8.0	43535.0	42842.2	 0.0115	 100.00	1324.87
    188	4007f6	     45	   10.0	43537.0	42845.9	 0.0115	 100.00	1325.12
    189	4007f6	     45	    6.0	43539.0	42849.5	 0.0114	 100.00	1325.30
    190	4007f6	     45	   14.0	43537.0	42853.1	 0.0114	 100.00	1325.56
    191	4007f6	     45	    6.0	43539.0	42856.7	 0.0113	 100.00	1325.72
    192	4007f6	     45	   10.0	43533.0	42860.2	 0.0114	 100.00	1325.99
    193	4007f6	     45	    6.0	43539.0	42863.7	 0.0114	 100.00	1326.11
    194	4007f6	     45	    8.0	43539.0	42867.1	 0.0113	 100.00	1326.34
    195	4007f6	     45	   14.0	43537.0	42870.6	 0.0115	 100.00	1326.43
    196	4007f6	     45	   10.0	43535.0	42873.9	 0.0114	 100.00	1326.63
    197	4007f6	     45	    6.0	43541.0	42877.3	 0.0114	 100.00	1326.79
    198	4007f6	     45	   10.0	43539.0	42880.6	 0.0113	 100.00	1326.99
    199	4007f6	     45	    8.0	43543.0	42883.9	 0.0113	 100.00	1327.18
    200	4007f6	     45	   12.0	43535.0	42887.2	 0.0113	 100.00	1327.42
    201	4007f6	     45	    6.0	43537.0	42890.4	 0.0113	 100.00	1327.55
    202	4007f6	     45	    8.0	43541.0	42893.6	 0.0112	 100.00	1327.80
    203	4007f6	     45	    8.0	43541.0	42896.8	 0.0111	 100.00	1328.00
    204	4007f6	     45	   12.0	43541.0	42899.9	 0.0111	 100.00	1328.25
    205	4007f6	     45	   16.0	43533.0	42903.0	 0.0111	 100.00	1328.37
    206	4007f6	     45	    8.0	43537.0	42906.1	 0.0111	 100.00	1328.62
    207	4007f6	     45	    6.0	43539.0	42909.1	 0.0110	 100.00	1328.79
    208	4007f6	     45	   10.0	43533.0	42912.1	 0.0110	 100.00	1329.04
    209	4007f6	     45	    8.0	43537.0	42915.1	 0.0109	 100.00	1329.23
    210	4007f6	     45	   12.0	43533.0	42918.0	 0.0110	 100.00	1329.50
    211	4007f6	     45	    6.0	43539.0	42920.9	 0.0110	 100.00	1329.86
    212	4007f6	     45	   10.0	43537.0	42923.8	 0.0109	 100.00	1330.07
    213	4007f6	     45	   10.0	43539.0	42926.7	 0.0109	 100.00	1330.26
    214	4007f6	     45	    8.0	43539.0	42929.5	 0.0108	 100.00	1330.48
    215	4007f6	     45	    6.0	43545.0	42932.4	 0.0108	 100.00	1330.67
    216	4007f6	     45	   14.0	43535.0	42935.2	 0.0109	 100.00	1330.91
    217	4007f6	     45	    6.0	43537.0	42937.9	 0.0109	 100.00	1331.21
    218	4007f6	     45	   12.0	43537.0	42940.7	 0.0108	 100.00	1331.36
    219	4007f6	     45	    6.0	43539.0	42943.4	 0.0108	 100.00	1331.45
    220	4007f6	     45	   10.0	43541.0	42946.1	 0.0109	 100.00	1331.60
    221	4007f6	     45	   10.0	43539.0	42948.8	 0.0109	 100.00	1331.67
    222	4007f6	     45	   10.0	43541.0	42951.4	 0.0108	 100.00	1331.84
    223	4007f6	     45	    8.0	43541.0	42954.0	 0.0108	 100.00	1331.88
    224	4007f6	     45	    8.0	43537.0	42956.6	 0.0108	 100.00	1332.02
    225	4007f6	     45	    6.0	43543.0	42959.2	 0.0109	 100.00	1332.11
    226	4007f6	     45	   16.0	43535.0	42961.8	 0.0112	 100.00	1332.31
    227	4007f6	     45	    8.0	43539.0	42964.3	 0.0112	 100.00	1332.46
    228	4007f6	     45	   12.0	43535.0	42966.8	 0.0111	 100.00	1332.67
    229	4007f6	     45	    6.0	43541.0	42969.3	 0.0111	 100.00	1332.67
    230	4007f6	     45	    8.0	43541.0	42971.8	 0.0110	 100.00	1332.81
    231	4007f6	     45	   12.0	43541.0	42974.2	 0.0110	 100.00	1332.87
    232	4007f6	     45	    8.0	43537.0	42976.6	 0.0109	 100.00	1333.01
    233	4007f6	     45	    8.0	43537.0	42979.0	 0.0109	 100.00	1333.09
    234	4007f6	     45	    8.0	43541.0	42981.4	 0.0108	 100.00	1333.23
    235	4007f6	     45	    6.0	43543.0	42983.8	 0.0108	 100.00	1333.27
    236	4007f6	     45	   18.0	43537.0	42986.1	 0.0109	 100.00	1333.41
    237	4007f6	     45	    6.0	43539.0	42988.4	 0.0108	 100.00	1333.48
    238	4007f6	     45	    8.0	43543.0	42990.8	 0.0108	 100.00	1333.61
    239	4007f6	     45	    8.0	43543.0	42993.1	 0.0108	 100.00	1333.59
    240	4007f6	     45	    8.0	43539.0	42995.3	 0.0108	 100.00	1333.72
    241	4007f6	     45	   12.0	43539.0	42997.6	 0.0111	 100.00	1333.75
    242	4007f6	     45	    8.0	43539.0	42999.8	 0.0110	 100.00	1333.88
    243	4007f6	     45	    6.0	43545.0	43002.0	 0.0110	 100.00	1334.00
    244	4007f6	     45	   12.0	43541.0	43004.2	 0.0110	 100.00	1334.12
    245	4007f6	     45	    8.0	43545.0	43006.4	 0.0109	 100.00	1334.19
    246	4007f6	     45	   20.0	43533.0	43008.6	 0.0113	 100.00	1334.31
    247	4007f6	     45	    6.0	43539.0	43010.7	 0.0113	 100.00	1334.35
    248	4007f6	     45	    8.0	43535.0	43012.8	 0.0113	 100.00	1334.54
    249	4007f6	     45	    8.0	43535.0	43014.9	 0.0114	 100.00	1334.57
    250	4007f6	     45	   10.0	43537.0	43017.0	 0.0114	 100.00	1334.69
    251	4007f6	     45	   10.0	43535.0	43019.0	 0.0113	 100.00	1334.81
    252	4007f6	     45	   10.0	43537.0	43021.1	 0.0113	 100.00	1334.86
    253	4007f6	     45	    6.0	43539.0	43023.1	 0.0113	 100.00	1334.97
    254	4007f6	     45	   12.0	43539.0	43025.2	 0.0112	 100.00	1335.08
    255	4007f6	     45	    6.0	43541.0	43027.2	 0.0112	 100.00	1335.16
    256	4007f6	     45	   14.0	43531.0	43029.1	 0.0119	 100.00	1335.28
    257	4007f6	     45	    6.0	43537.0	43031.1	 0.0118	 100.00	1335.36
    258	4007f6	     45	    8.0	43537.0	43033.1	 0.0118	 100.00	1335.41
    259	4007f6	     45	   10.0	43539.0	43035.0	 0.0117	 100.00	1335.50
    260	4007f6	     45	   10.0	43537.0	43036.9	 0.0117	 100.00	1335.56
    261	4007f6	     45	    6.0	43543.0	43038.9	 0.0118	 100.00	1335.66
    262	4007f6	     45	   12.0	43539.0	43040.8	 0.0120	 100.00	1335.70
    263	4007f6	     45	    8.0	43543.0	43042.7	 0.0119	 100.00	1335.80
    264	4007f6	     45	   10.0	43537.0	43044.5	 0.0119	 100.00	1335.80
    265	4007f6	     45	    6.0	43539.0	43046.4	 0.0118	 100.00	1335.90
    266	4007f6	     45	    8.0	43543.0	43048.2	 0.0118	 100.00	1335.94
    267	4007f6	     45	   14.0	43537.0	43050.1	 0.0120	 100.00	1336.05
    268	4007f6	     45	   12.0	43537.0	43051.9	 0.0120	 100.00	1336.14
    269	4007f6	     45	    8.0	43537.0	43053.7	 0.0119	 100.00	1336.23
    270	4007f6	     45	    8.0	43541.0	43055.5	 0.0119	 100.00	1336.25
    271	4007f6	     45	    6.0	43543.0	43057.3	 0.0118	 100.00	1336.34
    272	4007f6	     45	   12.0	43535.0	43059.0	 0.0118	 100.00	1336.41
    273	4007f6	     45	    8.0	43539.0	43060.8	 0.0118	 100.00	1336.51
    274	4007f6	     45	   10.0	43537.0	43062.5	 0.0118	 100.00	1336.58
    275	4007f6	     45	    6.0	43543.0	43064.2	 0.0117	 100.00	1336.68
    276	4007f6	     45	   10.0	43541.0	43066.0	 0.0118	 100.00	1336.70
    277	4007f6	     45	   14.0	43539.0	43067.7	 0.0119	 100.00	1336.79
    278	4007f6	     45	    8.0	43539.0	43069.3	 0.0119	 100.00	1336.82
    279	4007f6	     45	    6.0	43545.0	43071.0	 0.0120	 100.00	1336.92
    280	4007f6	     45	   10.0	43539.0	43072.7	 0.0120	 100.00	1336.97
    281	4007f6	     45	    6.0	43541.0	43074.4	 0.0119	 100.00	1337.06
    282	4007f6	     45	   14.0	43539.0	43076.0	 0.0119	 100.00	1337.08
    283	4007f6	     45	    6.0	43541.0	43077.7	 0.0118	 100.00	1337.16
    284	4007f6	     45	   10.0	43543.0	43079.3	 0.0120	 100.00	1337.19
    285	4007f6	     45	    8.0	43543.0	43080.9	 0.0121	 100.00	1337.27
    286	4007f6	     45	   10.0	43545.0	43082.5	 0.0120	 100.00	1337.32
    287	4007f6	     45	   16.0	43537.0	43084.1	 0.0120	 100.00	1337.39
    288	4007f6	     45	    8.0	43533.0	43085.7	 0.0122	 100.00	1337.39
    289	4007f6	     45	    6.0	43539.0	43087.2	 0.0121	 100.00	1337.46
    290	4007f6	     45	   10.0	43537.0	43088.8	 0.0121	 100.00	1337.50
    291	4007f6	     45	    8.0	43541.0	43090.3	 0.0121	 100.00	1337.60
    292	4007f6	     45	   14.0	43535.0	43091.8	 0.0120	 100.00	1337.68
    293	4007f6	     45	    6.0	43541.0	43093.4	 0.0120	 100.00	1337.75
    294	4007f6	     45	    8.0	43541.0	43094.9	 0.0119	 100.00	1337.78
    295	4007f6	     45	   10.0	43543.0	43096.4	 0.0119	 100.00	1337.86
    296	4007f6	     45	    8.0	43539.0	43097.9	 0.0119	 100.00	1337.91
    297	4007f6	     45	   12.0	43535.0	43099.3	 0.0120	 100.00	1337.98
    298	4007f6	     45	    8.0	43539.0	43100.8	 0.0119	 100.00	1338.06
    299	4007f6	     45	    6.0	43541.0	43102.3	 0.0119	 100.00	1338.16
    300	4007f6	     45	   14.0	43539.0	43103.7	 0.0119	 100.00	1338.15
    301	4007f6	     45	    6.0	43541.0	43105.2	 0.0118	 100.00	1338.18
    302	4007f6	     45	    8.0	43545.0	43106.6	 0.0118	 100.00	1338.26
    303	4007f6	     45	   10.0	43543.0	43108.1	 0.0118	 100.00	1338.30
    304	4007f6	     45	    8.0	43539.0	43109.5	 0.0117	 100.00	1338.38
    305	4007f6	     45	   10.0	43541.0	43110.9	 0.0118	 100.00	1338.41
    306	4007f6	     45	    8.0	43541.0	43112.3	 0.0118	 100.00	1338.48
    307	4007f6	     45	    6.0	43547.0	43113.7	 0.0117	 100.00	1338.54
    308	4007f6	     45	   18.0	43537.0	43115.1	 0.0118	 100.00	1338.61
    309	4007f6	     45	    8.0	43541.0	43116.4	 0.0118	 100.00	1338.68
    310	4007f6	     45	   10.0	43539.0	43117.8	 0.0117	 100.00	1338.75
    311	4007f6	     45	    6.0	43545.0	43119.2	 0.0117	 100.00	1338.74
    312	4007f6	     45	    8.0	43541.0	43120.5	 0.0118	 100.00	1338.82
    313	4007f6	     45	   10.0	43539.0	43121.9	 0.0117	 100.00	1338.84
    314	4007f6	     45	   10.0	43541.0	43123.2	 0.0117	 100.00	1338.91
    315	4007f6	     45	    8.0	43541.0	43124.5	 0.0117	 100.00	1338.93
    316	4007f6	     45	   10.0	43543.0	43125.8	 0.0117	 100.00	1339.00
    317	4007f6	     45	    6.0	43545.0	43127.1	 0.0118	 100.00	1338.98
    318	4007f6	     45	   16.0	43541.0	43128.4	 0.0119	 100.00	1339.06
    319	4007f6	     45	    6.0	43543.0	43129.7	 0.0118	 100.00	1339.06
    320	4007f6	     45	   10.0	43537.0	43131.0	 0.0123	 100.00	1339.15
    321	4007f6	     45	    6.0	43543.0	43132.3	 0.0122	 100.00	1339.17
    322	4007f6	     45	    8.0	43543.0	43133.6	 0.0122	 100.00	1339.25
    323	4007f6	     45	   12.0	43543.0	43134.8	 0.0122	 100.00	1339.24
    324	4007f6	     45	   10.0	43541.0	43136.1	 0.0121	 100.00	1339.33
    325	4007f6	     45	    6.0	43547.0	43137.3	 0.0121	 100.00	1339.38
    326	4007f6	     45	   10.0	43545.0	43138.6	 0.0121	 100.00	1339.50
    327	4007f6	     45	    8.0	43549.0	43139.8	 0.0120	 100.00	1339.57
    328	4007f6	     45	   24.0	43529.0	43141.0	 0.0126	 100.00	1339.69
    329	4007f6	     45	    6.0	43531.0	43142.2	 0.0126	 100.00	1339.74
    330	4007f6	     45	    8.0	43535.0	43143.4	 0.0125	 100.00	1339.85
    331	4007f6	     45	    8.0	43535.0	43144.6	 0.0125	 100.00	1339.93
    332	4007f6	     45	   12.0	43535.0	43145.7	 0.0125	 100.00	1340.05
    333	4007f6	     45	   10.0	43533.0	43146.9	 0.0125	 100.00	1340.12
    334	4007f6	     45	    8.0	43537.0	43148.1	 0.0124	 100.00	1340.23
    335	4007f6	     45	    6.0	43539.0	43149.2	 0.0124	 100.00	1340.32
    336	4007f6	     45	   10.0	43533.0	43150.4	 0.0124	 100.00	1340.44
    337	4007f6	     45	    8.0	43537.0	43151.5	 0.0123	 100.00	1340.48
    338	4007f6	     45	   14.0	43531.0	43152.6	 0.0125	 100.00	1340.59
    339	4007f6	     45	    6.0	43537.0	43153.8	 0.0124	 100.00	1340.65
    340	4007f6	     45	   10.0	43535.0	43154.9	 0.0124	 100.00	1340.75
    341	4007f6	     45	   10.0	43537.0	43156.0	 0.0124	 100.00	1340.79
    342	4007f6	     45	    8.0	43537.0	43157.1	 0.0123	 100.00	1340.87
    343	4007f6	     45	    6.0	43543.0	43158.2	 0.0124	 100.00	1340.89
    344	4007f6	     45	   12.0	43535.0	43159.3	 0.0125	 100.00	1340.96
    345	4007f6	     45	    6.0	43537.0	43160.4	 0.0124	 100.00	1340.98
    346	4007f6	     45	   12.0	43537.0	43161.5	 0.0124	 100.00	1341.05
    347	4007f6	     45	    6.0	43539.0	43162.6	 0.0124	 100.00	1341.09
    348	4007f6	     45	   10.0	43541.0	43163.7	 0.0124	 100.00	1341.16
    349	4007f6	     45	   14.0	43535.0	43164.7	 0.0126	 100.00	1341.15
    350	4007f6	     45	   10.0	43537.0	43165.8	 0.0125	 100.00	1341.22
    351	4007f6	     45	    8.0	43537.0	43166.8	 0.0125	 100.00	1341.22
    352	4007f6	     45	    8.0	43533.0	43167.9	 0.0126	 100.00	1341.29
    353	4007f6	     45	    6.0	43539.0	43168.9	 0.0125	 100.00	1341.31
    354	4007f6	     45	   12.0	43535.0	43170.0	 0.0126	 100.00	1341.37
    355	4007f6	     45	    8.0	43539.0	43171.0	 0.0125	 100.00	1341.43
    356	4007f6	     45	   12.0	43535.0	43172.0	 0.0125	 100.00	1341.49
    357	4007f6	     45	    6.0	43541.0	43173.0	 0.0125	 100.00	1341.54
    358	4007f6	     45	    8.0	43541.0	43174.1	 0.0125	 100.00	1341.62
    359	4007f6	     45	   14.0	43539.0	43175.1	 0.0125	 100.00	1341.62
    360	4007f6	     45	    8.0	43535.0	43176.1	 0.0125	 100.00	1341.71
    361	4007f6	     45	    8.0	43535.0	43177.1	 0.0124	 100.00	1341.72
    362	4007f6	     45	    8.0	43539.0	43178.1	 0.0124	 100.00	1341.76
    363	4007f6	     45	    6.0	43541.0	43179.1	 0.0124	 100.00	1341.82
    364	4007f6	     45	   16.0	43537.0	43180.0	 0.0124	 100.00	1341.85
    365	4007f6	     45	    6.0	43539.0	43181.0	 0.0123	 100.00	1341.91
    366	4007f6	     45	    8.0	43543.0	43182.0	 0.0123	 100.00	1341.97
    367	4007f6	     45	    8.0	43543.0	43183.0	 0.0123	 100.00	1342.03
    368	4007f6	     45	    8.0	43539.0	43184.0	 0.0123	 100.00	1342.09
    369	4007f6	     45	   18.0	43533.0	43184.9	 0.0125	 100.00	1342.15
    370	4007f6	     45	    8.0	43533.0	43185.8	 0.0125	 100.00	1342.18
    371	4007f6	     45	    6.0	43539.0	43186.8	 0.0124	 100.00	1342.22
    372	4007f6	     45	   12.0	43535.0	43187.7	 0.0124	 100.00	1342.29
    373	4007f6	     45	    8.0	43539.0	43188.7	 0.0124	 100.00	1342.34
    374	4007f6	     45	   12.0	43535.0	43189.6	 0.0123	 100.00	1342.37
    375	4007f6	     45	    6.0	43541.0	43190.5	 0.0123	 100.00	1342.43
    376	4007f6	     45	    8.0	43537.0	43191.4	 0.0123	 100.00	1342.40
    377	4007f6	     45	    8.0	43537.0	43192.4	 0.0122	 100.00	1342.45
    378	4007f6	     45	   10.0	43539.0	43193.3	 0.0122	 100.00	1342.47
    379	4007f6	     45	   12.0	43535.0	43194.2	 0.0123	 100.00	1342.54
    380	4007f6	     45	   10.0	43537.0	43195.1	 0.0123	 100.00	1342.56
    381	4007f6	     45	    6.0	43539.0	43196.0	 0.0123	 100.00	1342.63
    382	4007f6	     45	   12.0	43539.0	43196.9	 0.0122	 100.00	1342.67
    383	4007f6	     45	    6.0	43541.0	43197.8	 0.0122	 100.00	1342.73
    384	4007f6	     45	   12.0	43533.0	43198.6	 0.0123	 100.00	1342.73
    385	4007f6	     45	    6.0	43539.0	43199.5	 0.0123	 100.00	1342.78
    386	4007f6	     45	    8.0	43539.0	43200.4	 0.0123	 100.00	1342.81
    387	4007f6	     45	   10.0	43541.0	43201.3	 0.0122	 100.00	1342.87
    388	4007f6	     45	   10.0	43539.0	43202.1	 0.0122	 100.00	1342.87
    389	4007f6	     45	    6.0	43545.0	43203.0	 0.0122	 100.00	1342.93
    390	4007f6	     45	   16.0	43537.0	43203.9	 0.0122	 100.00	1342.96
    391	4007f6	     45	    8.0	43541.0	43204.7	 0.0122	 100.00	1343.01
    392	4007f6	     45	   10.0	43535.0	43205.6	 0.0122	 100.00	1343.04
    393	4007f6	     45	    6.0	43537.0	43206.4	 0.0121	 100.00	1343.09
    394	4007f6	     45	    8.0	43541.0	43207.3	 0.0121	 100.00	1343.10
    395	4007f6	     45	   10.0	43539.0	43208.1	 0.0121	 100.00	1343.15
    396	4007f6	     45	   12.0	43539.0	43208.9	 0.0120	 100.00	1343.18
    397	4007f6	     45	    8.0	43539.0	43209.8	 0.0120	 100.00	1343.23
    398	4007f6	     45	    8.0	43543.0	43210.6	 0.0120	 100.00	1343.25
    399	4007f6	     45	    6.0	43545.0	43211.4	 0.0120	 100.00	1343.30
    400	4007f6	     45	   14.0	43535.0	43212.2	 0.0120	 100.00	1343.30
    401	4007f6	     45	    8.0	43539.0	43213.0	 0.0120	 100.00	1343.35
    402	4007f6	     45	   10.0	43537.0	43213.9	 0.0119	 100.00	1343.38
    403	4007f6	     45	    6.0	43543.0	43214.7	 0.0119	 100.00	1343.43
    404	4007f6	     45	   10.0	43541.0	43215.5	 0.0119	 100.00	1343.45
    405	4007f6	     45	   12.0	43541.0	43216.3	 0.0119	 100.00	1343.50
    406	4007f6	     45	    8.0	43541.0	43217.1	 0.0119	 100.00	1343.51
    407	4007f6	     45	    6.0	43547.0	43217.9	 0.0118	 100.00	1343.55
    408	4007f6	     45	   10.0	43541.0	43218.7	 0.0118	 100.00	1343.58
    409	4007f6	     45	    6.0	43543.0	43219.5	 0.0118	 100.00	1343.63
    410	4007f6	     45	   22.0	43533.0	43220.2	 0.0122	 100.00	1343.66
    411	4007f6	     45	    6.0	43535.0	43221.0	 0.0122	 100.00	1343.71
    412	4007f6	     45	   10.0	43537.0	43221.8	 0.0122	 100.00	1343.72
    413	4007f6	     45	    8.0	43537.0	43222.5	 0.0121	 100.00	1343.79
    414	4007f6	     45	   10.0	43539.0	43223.3	 0.0121	 100.00	1343.80
    415	4007f6	     45	   10.0	43537.0	43224.0	 0.0121	 100.00	1343.85
    416	4007f6	     45	    8.0	43533.0	43224.8	 0.0121	 100.00	1343.87
    417	4007f6	     45	    6.0	43539.0	43225.5	 0.0121	 100.00	1343.95
    418	4007f6	     45	   10.0	43537.0	43226.3	 0.0120	 100.00	1343.94
    419	4007f6	     45	    8.0	43541.0	43227.0	 0.0120	 100.00	1343.98
    420	4007f6	     45	   16.0	43533.0	43227.7	 0.0120	 100.00	1344.03
    421	4007f6	     45	    6.0	43539.0	43228.5	 0.0120	 100.00	1344.06
    422	4007f6	     45	    8.0	43539.0	43229.2	 0.0120	 100.00	1344.12
    423	4007f6	     45	   10.0	43541.0	43230.0	 0.0120	 100.00	1344.13
    424	4007f6	     45	    8.0	43537.0	43230.7	 0.0119	 100.00	1344.14
    425	4007f6	     45	   10.0	43535.0	43231.4	 0.0119	 100.00	1344.20
    426	4007f6	     45	    8.0	43539.0	43232.1	 0.0119	 100.00	1344.25
    427	4007f6	     45	    6.0	43541.0	43232.8	 0.0119	 100.00	1344.24
    428	4007f6	     45	   14.0	43539.0	43233.5	 0.0119	 100.00	1344.30
    429	4007f6	     45	    6.0	43541.0	43234.3	 0.0119	 100.00	1344.31
    430	4007f6	     45	    8.0	43545.0	43235.0	 0.0118	 100.00	1344.35
    431	4007f6	     45	   14.0	43539.0	43235.7	 0.0120	 100.00	1344.37
    432	4007f6	     45	    8.0	43535.0	43236.4	 0.0120	 100.00	1344.42
    433	4007f6	     45	   10.0	43537.0	43237.1	 0.0120	 100.00	1344.43
    434	4007f6	     45	    8.0	43537.0	43237.8	 0.0120	 100.00	1344.48
    435	4007f6	     45	    6.0	43543.0	43238.5	 0.0120	 100.00	1344.45
    436	4007f6	     45	   14.0	43537.0	43239.1	 0.0119	 100.00	1344.51
    437	4007f6	     45	    8.0	43541.0	43239.8	 0.0119	 100.00	1344.55
    438	4007f6	     45	   10.0	43539.0	43240.5	 0.0119	 100.00	1344.61
    439	4007f6	     45	    6.0	43545.0	43241.2	 0.0119	 100.00	1344.65
    440	4007f6	     45	    8.0	43541.0	43241.9	 0.0119	 100.00	1344.71
    441	4007f6	     45	   12.0	43537.0	43242.5	 0.0119	 100.00	1344.70
    442	4007f6	     45	   10.0	43539.0	43243.2	 0.0118	 100.00	1344.76
    443	4007f6	     45	    8.0	43539.0	43243.9	 0.0118	 100.00	1344.77
    444	4007f6	     45	   10.0	43541.0	43244.6	 0.0118	 100.00	1344.83
    445	4007f6	     45	    6.0	43543.0	43245.2	 0.0118	 100.00	1344.84
    446	4007f6	     45	   14.0	43541.0	43245.9	 0.0118	 100.00	1344.90
    447	4007f6	     45	    6.0	43543.0	43246.5	 0.0118	 100.00	1344.91
    448	4007f6	     45	   10.0	43537.0	43247.2	 0.0120	 100.00	1344.96
    449	4007f6	     45	    6.0	43543.0	43247.9	 0.0120	 100.00	1344.96
    450	4007f6	     45	    8.0	43543.0	43248.5	 0.0119	 100.00	1345.02
    451	4007f6	     45	   18.0	43537.0	43249.1	 0.0122	 100.00	1345.04
    452	4007f6	     45	   10.0	43535.0	43249.8	 0.0122	 100.00	1345.07
    453	4007f6	     45	    6.0	43541.0	43250.4	 0.0121	 100.00	1345.08
    454	4007f6	     45	   10.0	43539.0	43251.1	 0.0121	 100.00	1345.14
    455	4007f6	     45	    8.0	43543.0	43251.7	 0.0121	 100.00	1345.14
    456	4007f6	     45	   12.0	43535.0	43252.3	 0.0121	 100.00	1345.20
    457	4007f6	     45	    6.0	43537.0	43252.9	 0.0121	 100.00	1345.22
    458	4007f6	     45	    8.0	43541.0	43253.6	 0.0121	 100.00	1345.27
    459	4007f6	     45	    8.0	43541.0	43254.2	 0.0120	 100.00	1345.27
    460	4007f6	     45	   12.0	43541.0	43254.8	 0.0120	 100.00	1345.31
    461	4007f6	     45	   12.0	43537.0	43255.4	 0.0120	 100.00	1345.33
    462	4007f6	     45	    8.0	43541.0	43256.0	 0.0122	 100.00	1345.36
    463	4007f6	     45	    6.0	43543.0	43256.7	 0.0121	 100.00	1345.38
    464	4007f6	     45	   10.0	43537.0	43257.3	 0.0122	 100.00	1345.42
    465	4007f6	     45	    8.0	43541.0	43257.9	 0.0121	 100.00	1345.41
    466	4007f6	     45	   12.0	43537.0	43258.5	 0.0121	 100.00	1345.46
    467	4007f6	     45	    6.0	43543.0	43259.1	 0.0121	 100.00	1345.48
    468	4007f6	     45	   10.0	43541.0	43259.7	 0.0121	 100.00	1345.53
    469	4007f6	     45	   10.0	43543.0	43260.3	 0.0121	 100.00	1345.55
    470	4007f6	     45	    8.0	43543.0	43260.9	 0.0121	 100.00	1345.60
    471	4007f6	     45	    6.0	43549.0	43261.5	 0.0121	 100.00	1345.60
    472	4007f6	     45	   16.0	43537.0	43262.1	 0.0122	 100.00	1345.64
    473	4007f6	     45	    6.0	43539.0	43262.7	 0.0122	 100.00	1345.66
    474	4007f6	     45	   12.0	43539.0	43263.2	 0.0121	 100.00	1345.70
    475	4007f6	     45	    6.0	43541.0	43263.8	 0.0121	 100.00	1345.73
    476	4007f6	     45	   10.0	43543.0	43264.4	 0.0121	 100.00	1345.82
    477	4007f6	     45	   10.0	43541.0	43265.0	 0.0121	 100.00	1345.78
    478	4007f6	     45	   10.0	43543.0	43265.6	 0.0121	 100.00	1345.81
    479	4007f6	     45	    8.0	43543.0	43266.1	 0.0121	 100.00	1345.83
    480	4007f6	     45	    8.0	43539.0	43266.7	 0.0122	 100.00	1345.86
    481	4007f6	     45	    6.0	43545.0	43267.3	 0.0122	 100.00	1345.90
    482	4007f6	     45	   14.0	43539.0	43267.8	 0.0121	 100.00	1345.91
    483	4007f6	     45	    8.0	43543.0	43268.4	 0.0121	 100.00	1345.95
    484	4007f6	     45	   12.0	43539.0	43269.0	 0.0121	 100.00	1345.98
    485	4007f6	     45	    6.0	43545.0	43269.5	 0.0121	 100.00	1346.02
    486	4007f6	     45	    8.0	43545.0	43270.1	 0.0120	 100.00	1346.05
    487	4007f6	     45	   12.0	43545.0	43270.7	 0.0120	 100.00	1346.09
    488	4007f6	     45	    8.0	43541.0	43271.2	 0.0120	 100.00	1346.10
    489	4007f6	     45	    8.0	43541.0	43271.8	 0.0120	 100.00	1346.14
    490	4007f6	     45	    8.0	43545.0	43272.3	 0.0120	 100.00	1346.15
    491	4007f6	     45	    6.0	43547.0	43272.9	 0.0119	 100.00	1346.19
    492	4007f6	     45	   26.0	43533.0	43273.4	 0.0122	 100.00	1346.20
    493	4007f6	     45	    6.0	 1286.0	43188.4	 0.0122	 100.00	1344.90
    494	4007f6	     45	    8.0	    2.0	43101.2	 0.0122	 100.00	1344.13
    495	4007f6	     45	    8.0	    2.0	43014.3	 0.0122	 100.00	1342.94
    496	4007f6	     45	    8.0	    0.0	42927.7	 0.0122	 +99.80	1343.42
    497	4007f6	     45	   12.0	   12.0	42841.6	 0.0122	  99.80	1342.63
    498	4007f6	     45	    8.0	    8.0	42755.7	 0.0121	  99.80	1341.97
    499	4007f6	     45	    6.0	    0.0	42670.2	 0.0121	 +99.60	1343.78
    500	4007f6	     45	   12.0	   12.0	42585.1	 0.0121	  99.60	1343.13
    501	4007f6	     45	    8.0	    7.0	42500.2	 0.0121	  99.60	1343.04
    502	4007f6	     45	   14.0	    0.0	42415.8	 0.0121	 +99.40	1344.12
    503	4007f6	     45	    6.0	    6.0	42331.6	 0.0121	  99.40	1343.46
    504	4007f6	     45	    8.0	    8.0	42247.8	 0.0120	  99.41	1343.40
    505	4007f6	     45	    8.0	    0.0	42164.3	 0.0120	 +99.21	1344.48
    506	4007f6	     45	   10.0	   10.0	42081.2	 0.0120	  99.21	1343.78
    507	4007f6	     45	   10.0	   10.0	41998.3	 0.0120	  99.21	1343.28
    508	4007f6	     45	   10.0	    2.0	41915.8	 0.0120	  99.21	1342.90
    509	4007f6	     45	    6.0	    0.0	41833.6	 0.0120	 +99.02	1344.60
    510	4007f6	     45	   12.0	   12.0	41751.8	 0.0120	  99.02	1344.02
    511	4007f6	     45	    6.0	    6.0	41670.3	 0.0119	  99.02	1343.71
    512	4007f6	     45	   16.0	   11.0	41589.1	 0.0123	  99.03	1343.66
    513	4007f6	     45	    6.0	    8.0	41508.2	 0.0123	  99.03	1342.65
    514	4007f6	     45	    8.0	   12.0	41427.6	 0.0123	  99.03	1342.46
    515	4007f6	     45	   10.0	   10.0	41347.3	 0.0123	  99.03	1342.38
    516	4007f6	     45	   10.0	    2.0	41267.4	 0.0123	  99.03	1341.75
    517	4007f6	     45	    6.0	    4.0	41187.7	 0.0122	  99.03	1341.81
    518	4007f6	     45	   12.0	    6.0	41108.3	 0.0122	  99.04	1341.93
    519	4007f6	     45	    8.0	    6.0	41029.3	 0.0122	  99.04	1341.99
    520	4007f6	     45	   10.0	   10.0	40950.6	 0.0122	  99.04	1342.11
    521	4007f6	     45	    6.0	    8.0	40872.1	 0.0122	  99.04	1342.15
    522	4007f6	     45	    8.0	    8.0	40794.0	 0.0121	  99.04	1342.09
    523	4007f6	     45	   12.0	    1.0	40716.2	 0.0122	  99.05	1341.38
    524	4007f6	     45	   12.0	   13.0	40638.6	 0.0121	  99.05	1341.15
    525	4007f6	     45	    8.0	    9.0	40561.4	 0.0121	  99.05	1341.06
    526	4007f6	     45	    8.0	    0.0	40484.4	 0.0121	 +98.86	1342.37
    527	4007f6	     45	    6.0	    6.0	40407.7	 0.0121	  98.86	1341.88
    528	4007f6	     45	   12.0	   12.0	40331.4	 0.0121	  98.87	1341.70
    529	4007f6	     45	    8.0	   12.0	40255.3	 0.0120	  98.87	1341.50
    530	4007f6	     45	   10.0	   10.0	40179.5	 0.0120	  98.87	1341.40
    531	4007f6	     45	    6.0	    0.0	40104.0	 0.0120	 +98.68	1342.60
    532	4007f6	     45	   10.0	   10.0	40028.8	 0.0120	  98.69	1341.95
    533	4007f6	     45	   18.0	   17.0	39953.8	 0.0121	  98.69	1341.79
    534	4007f6	     45	    8.0	   13.0	39879.2	 0.0121	  98.69	1341.71
    535	4007f6	     45	    6.0	   10.0	39804.8	 0.0121	  98.69	1341.64
    536	4007f6	     45	   10.0	    1.0	39730.7	 0.0121	  98.70	1341.30
    537	4007f6	     45	    6.0	    5.0	39656.8	 0.0121	  98.70	1341.13
    538	4007f6	     45	   14.0	   12.0	39583.3	 0.0121	  98.70	1340.89
    539	4007f6	     45	    6.0	    0.0	39510.0	 0.0120	 +98.52	1342.65
    540	4007f6	     45	   10.0	   10.0	39437.0	 0.0120	  98.52	1342.14
    541	4007f6	     45	    8.0	    8.0	39364.2	 0.0120	  98.52	1342.33
    542	4007f6	     45	   10.0	    6.0	39291.7	 0.0120	  98.53	1342.37
    543	4007f6	     45	   12.0	   12.0	39219.5	 0.0121	  98.53	1342.50
    544	4007f6	     45	    8.0	   12.0	39147.6	 0.0120	  98.53	1342.54
    545	4007f6	     45	    6.0	    9.0	39075.9	 0.0120	  98.53	1342.58
    546	4007f6	     45	   10.0	   11.0	39004.5	 0.0120	  98.54	1342.44
    547	4007f6	     45	    8.0	    8.0	38933.3	 0.0120	  98.54	1342.34
    548	4007f6	     45	   14.0	    0.0	38862.4	 0.0120	 +98.36	1343.59
    549	4007f6	     45	    6.0	    6.0	38791.8	 0.0119	  98.36	1342.99
    550	4007f6	     45	    8.0	    8.0	38721.4	 0.0119	  98.37	1342.89
    551	4007f6	     45	   10.0	    6.0	38651.2	 0.0119	  98.37	1342.64
    552	4007f6	     45	    8.0	    8.0	38581.4	 0.0119	  98.37	1342.53
    553	4007f6	     45	   14.0	    3.0	38511.7	 0.0119	  98.38	1341.60
    554	4007f6	     45	    8.0	   11.0	38442.4	 0.0119	  98.38	1341.43
    555	4007f6	     45	    6.0	    8.0	38373.2	 0.0119	  98.38	1341.31
    556	4007f6	     45	   14.0	    0.0	38304.3	 0.0119	 +98.20	1342.32
    557	4007f6	     45	    6.0	    6.0	38235.7	 0.0118	  98.21	1341.80
    558	4007f6	     45	    8.0	    8.0	38167.3	 0.0119	  98.21	1341.73
    559	4007f6	     45	   10.0	   10.0	38099.2	 0.0119	  98.21	1341.13
    560	4007f6	     45	    8.0	   11.0	38031.3	 0.0119	  98.22	1340.46
    561	4007f6	     45	   10.0	    0.0	37963.6	 0.0119	 +98.04	1341.82
    562	4007f6	     45	    8.0	    8.0	37896.2	 0.0119	  98.05	1341.13
    563	4007f6	     45	    6.0	    6.0	37829.0	 0.0118	  98.05	1340.50
    564	4007f6	     45	   16.0	    1.0	37762.1	 0.0119	  98.05	1340.35
    565	4007f6	     45	    8.0	    9.0	37695.4	 0.0118	  98.06	1340.48
    566	4007f6	     45	   10.0	   11.0	37628.9	 0.0118	  98.06	1340.61
    567	4007f6	     45	    6.0	    9.0	37562.7	 0.0118	  98.06	1340.76
    568	4007f6	     45	    8.0	    8.0	37496.7	 0.0118	  98.07	1340.86
    569	4007f6	     45	   10.0	    0.0	37430.9	 0.0117	 +97.89	1341.85
    570	4007f6	     45	   10.0	   10.0	37365.4	 0.0117	  97.90	1341.27
    571	4007f6	     45	    8.0	    8.0	37300.0	 0.0117	  97.90	1341.33
    572	4007f6	     45	   10.0	   10.0	37235.0	 0.0117	  97.91	1341.34
    573	4007f6	     45	    6.0	    5.0	37170.1	 0.0117	  97.91	1341.48
    574	4007f6	     45	   22.0	   17.0	37105.5	 0.0119	  97.91	1341.36
    575	4007f6	     45	    6.0	   11.0	37041.1	 0.0118	  97.92	1341.29
    576	4007f6	     45	   10.0	    3.0	36976.9	 0.0119	  97.92	1341.07
    577	4007f6	     45	    6.0	    3.0	36912.9	 0.0119	  97.92	1340.10
    578	4007f6	     45	    8.0	    0.0	36849.2	 0.0119	 +97.75	1341.25
    579	4007f6	     45	   12.0	   12.0	36785.7	 0.0118	  97.76	1340.69
    580	4007f6	     45	   10.0	   10.0	36722.4	 0.0118	  97.76	1340.30
    581	4007f6	     45	    6.0	    0.0	36659.3	 0.0118	 +97.59	1341.79
    582	4007f6	     45	   10.0	   10.0	36596.4	 0.0118	  97.60	1341.23
    583	4007f6	     45	    8.0	    8.0	36533.8	 0.0118	  97.60	1340.91
    584	4007f6	     45	   14.0	    0.0	36471.3	 0.0117	 +97.44	1341.86
    585	4007f6	     45	    6.0	    6.0	36409.1	 0.0117	  97.44	1341.32
    586	4007f6	     45	    8.0	    8.0	36347.1	 0.0117	  97.44	1341.16
    587	4007f6	     45	    8.0	    0.0	36285.2	 0.0117	 +97.28	1342.24
    588	4007f6	     45	   12.0	   12.0	36223.7	 0.0117	  97.28	1341.62
    589	4007f6	     45	   10.0	   10.0	36162.3	 0.0116	  97.29	1341.56
    590	4007f6	     45	    8.0	    0.0	36101.1	 0.0116	 +97.12	1343.13
    591	4007f6	     45	    6.0	    6.0	36040.1	 0.0116	  97.13	1342.57
    592	4007f6	     45	   10.0	   10.0	35979.4	 0.0116	  97.13	1342.34
    593	4007f6	     45	    8.0	    0.0	35918.8	 0.0116	 +96.97	1343.98
    594	4007f6	     45	   16.0	   16.0	35858.5	 0.0116	  96.97	1343.46
    595	4007f6	     45	    6.0	    7.0	35798.3	 0.0116	  96.98	1343.08
    596	4007f6	     45	   10.0	    0.0	35738.3	 0.0116	 +96.82	1344.68
    597	4007f6	     45	   10.0	   10.0	35678.6	 0.0116	  96.82	1344.19
    598	4007f6	     45	    8.0	    8.0	35619.0	 0.0116	  96.83	1343.80
    599	4007f6	     45	    6.0	    0.0	35559.7	 0.0115	 +96.67	1345.42
    600	4007f6	     45	   12.0	   12.0	35500.5	 0.0115	  96.67	1344.86
    601	4007f6	     45	    6.0	    6.0	35441.6	 0.0115	  96.68	1344.74
    602	4007f6	     45	   12.0	    0.0	35382.8	 0.0115	 +96.52	1346.36
    603	4007f6	     45	    6.0	    6.0	35324.2	 0.0115	  96.52	1345.78
    604	4007f6	     45	   10.0	   10.0	35265.9	 0.0115	  96.53	1345.70
    605	4007f6	     45	   12.0	    0.0	35207.7	 0.0115	 +96.37	1347.36
    606	4007f6	     45	   10.0	   10.0	35149.7	 0.0115	  96.38	1346.87
    607	4007f6	     45	    8.0	    9.0	35091.9	 0.0114	  96.38	1346.85
    608	4007f6	     45	    8.0	    0.0	35034.3	 0.0114	 +96.22	1348.15
    609	4007f6	     45	    6.0	    6.0	34976.8	 0.0114	  96.23	1347.66
    610	4007f6	     45	   12.0	   12.0	34919.6	 0.0114	  96.24	1347.59
    611	4007f6	     45	    8.0	    8.0	34862.6	 0.0114	  96.24	1347.50
    612	4007f6	     45	   12.0	   13.0	34805.7	 0.0114	  96.25	1347.35
    613	4007f6	     45	    6.0	    0.0	34749.0	 0.0113	 +96.09	1348.74
    614	4007f6	     45	    8.0	    8.0	34692.5	 0.0114	  96.10	1348.18
    615	4007f6	     45	   18.0	   16.0	34636.2	 0.0116	  96.10	1348.11
    616	4007f6	     45	    8.0	    6.0	34580.1	 0.0115	  96.11	1347.10
    617	4007f6	     45	    8.0	   14.0	34524.2	 0.0115	  96.12	1346.85
    618	4007f6	     45	    8.0	    8.0	34468.4	 0.0115	  96.12	1346.47
    619	4007f6	     45	    6.0	    0.0	34412.8	 0.0115	 +95.97	1347.81
    620	4007f6	     45	   16.0	   16.0	34357.4	 0.0115	  95.97	1347.21
    621	4007f6	     45	    6.0	    6.0	34302.2	 0.0115	  95.98	1346.84
    622	4007f6	     45	    8.0	    1.0	34247.1	 0.0115	  95.99	1346.50
    623	4007f6	     45	    8.0	    3.0	34192.3	 0.0115	  95.99	1345.50
    624	4007f6	     45	    8.0	   11.0	34137.6	 0.0115	  96.00	1345.60
    625	4007f6	     45	   14.0	   12.0	34083.1	 0.0116	  96.01	1345.72
    626	4007f6	     45	    8.0	    4.0	34028.7	 0.0116	  96.01	1345.17
    627	4007f6	     45	    6.0	   10.0	33974.5	 0.0116	  96.02	1345.30
    628	4007f6	     45	   12.0	   12.0	33920.5	 0.0115	  96.03	1345.40
    629	4007f6	     45	    8.0	    8.0	33866.7	 0.0115	  96.03	1345.45
    630	4007f6	     45	   12.0	   12.0	33813.1	 0.0116	  96.04	1345.56
    631	4007f6	     45	    6.0	   10.0	33759.6	 0.0116	  96.04	1345.61
    632	4007f6	     45	    8.0	   10.0	33706.3	 0.0116	  96.05	1345.63
    633	4007f6	     45	    8.0	    3.0	33653.1	 0.0116	  96.06	1344.78
    634	4007f6	     45	   10.0	    7.0	33600.1	 0.0116	  96.06	1344.58
    635	4007f6	     45	   14.0	   14.0	33547.3	 0.0117	  96.07	1344.51
    636	4007f6	     45	   10.0	    5.0	33494.7	 0.0117	  96.08	1343.83
    637	4007f6	     45	    6.0	   11.0	33442.2	 0.0116	  96.08	1343.62
    638	4007f6	     45	   12.0	   12.0	33389.9	 0.0116	  96.09	1343.56
    639	4007f6	     45	    6.0	    0.0	33337.7	 0.0116	 +95.94	1344.38
    640	4007f6	     45	   12.0	   12.0	33285.7	 0.0117	  95.94	1343.89
    641	4007f6	     45	    6.0	    9.0	33233.9	 0.0117	  95.95	1343.89
    642	4007f6	     45	    8.0	    7.0	33182.2	 0.0117	  95.96	1343.97
    643	4007f6	     45	   10.0	   10.0	33130.7	 0.0117	  95.96	1344.11
    644	4007f6	     45	   10.0	    8.0	33079.3	 0.0117	  95.97	1344.24
    645	4007f6	     45	    6.0	   10.0	33028.1	 0.0118	  95.98	1344.26
    646	4007f6	     45	   14.0	    4.0	32977.1	 0.0119	  95.98	1343.48
    647	4007f6	     45	    8.0	    4.0	32926.2	 0.0119	  95.99	1342.33
    648	4007f6	     45	   10.0	    1.0	32875.5	 0.0119	  95.99	1341.23
    649	4007f6	     45	    6.0	    1.0	32824.9	 0.0119	  96.00	1340.05
    650	4007f6	     45	    8.0	    2.0	32774.5	 0.0119	  96.01	1338.94
    651	4007f6	     45	   10.0	    2.0	32724.2	 0.0119	  96.01	1338.03
    652	4007f6	     45	   12.0	    2.0	32674.1	 0.0119	  96.02	1337.28
    653	4007f6	     45	    8.0	    1.0	32624.1	 0.0119	  96.02	1336.52
    654	4007f6	     45	    8.0	    1.0	32574.3	 0.0119	  96.03	1335.44
    655	4007f6	     45	    6.0	    7.0	32524.7	 0.0119	  96.04	1335.21
    656	4007f6	     45	   26.0	   26.0	32475.2	 0.0122	  96.04	1335.13
    657	4007f6	     45	    8.0	   15.0	32425.9	 0.0123	  96.05	1334.39
    658	4007f6	     45	   10.0	   23.0	32376.7	 0.0122	  96.05	1334.21
    659	4007f6	     45	    6.0	    9.0	32327.7	 0.0122	  96.06	1334.15
    660	4007f6	     45	   10.0	    0.0	32278.8	 0.0122	 +95.92	1335.14
    661	4007f6	     45	   12.0	   12.0	32230.0	 0.0122	  95.92	1334.62
    662	4007f6	     45	    8.0	   11.0	32181.4	 0.0122	  95.93	1333.80
    663	4007f6	     45	    6.0	    9.0	32133.0	 0.0123	  95.93	1333.62
    664	4007f6	     45	   10.0	    6.0	32084.7	 0.0124	  95.94	1333.38
    665	4007f6	     45	    6.0	   10.0	32036.5	 0.0124	  95.95	1333.07
    666	4007f6	     45	   16.0	   14.0	31988.5	 0.0124	  95.95	1332.75
    667	4007f6	     45	    6.0	    0.0	31940.6	 0.0123	 +95.81	1334.17
    668	4007f6	     45	   10.0	   10.0	31892.9	 0.0123	  95.81	1333.72
    669	4007f6	     45	    8.0	    8.0	31845.3	 0.0123	  95.82	1333.48
    670	4007f6	     45	   10.0	    0.0	31797.8	 0.0123	 +95.68	1335.27
    671	4007f6	     45	   10.0	   10.0	31750.5	 0.0123	  95.68	1334.90
    672	4007f6	     45	    8.0	    8.0	31703.4	 0.0123	  95.69	1335.10
    673	4007f6	     45	    6.0	    0.0	31656.3	 0.0122	 +95.55	1336.41
    674	4007f6	     45	   10.0	   10.0	31609.5	 0.0122	  95.56	1335.99
    675	4007f6	     45	    8.0	    9.0	31562.7	 0.0122	  95.56	1336.10
    676	4007f6	     45	   18.0	   13.0	31516.1	 0.0123	  95.57	1336.18
    677	4007f6	     45	    6.0	    7.0	31469.6	 0.0122	  95.58	1336.31
    678	4007f6	     45	    8.0	    0.0	31423.3	 0.0122	 +95.43	1337.25
    679	4007f6	     45	   10.0	   10.0	31377.1	 0.0122	  95.44	1336.79
    680	4007f6	     45	    8.0	    8.0	31331.0	 0.0122	  95.45	1336.82
    681	4007f6	     45	   10.0	    8.0	31285.1	 0.0122	  95.45	1336.12
    682	4007f6	     45	    8.0	    0.0	31239.3	 0.0122	 +95.31	1336.81
    683	4007f6	     45	    6.0	    6.0	31193.6	 0.0122	  95.32	1336.35
    684	4007f6	     45	   14.0	   14.0	31148.1	 0.0121	  95.33	1336.47
    685	4007f6	     45	    6.0	    0.0	31102.7	 0.0121	 +95.19	1337.52
    686	4007f6	     45	    8.0	    8.0	31057.4	 0.0122	  95.20	1337.05
    687	4007f6	     45	   12.0	   10.0	31012.3	 0.0122	  95.20	1337.22
    688	4007f6	     45	    8.0	    0.0	30967.3	 0.0121	 +95.07	1338.35
    689	4007f6	     45	   10.0	   10.0	30922.4	 0.0121	  95.07	1337.90
    690	4007f6	     45	    8.0	    8.0	30877.7	 0.0121	  95.08	1338.05
    691	4007f6	     45	    6.0	    0.0	30833.1	 0.0121	 +94.94	1338.95
    692	4007f6	     45	   14.0	   14.0	30788.6	 0.0122	  94.95	1338.39
    693	4007f6	     45	    8.0	   11.0	30744.3	 0.0121	  94.96	1337.91
    694	4007f6	     45	   10.0	    0.0	30700.0	 0.0121	 +94.82	1339.03
    695	4007f6	     45	    6.0	    6.0	30655.9	 0.0121	  94.83	1338.57
    696	4007f6	     45	    8.0	    8.0	30611.9	 0.0122	  94.84	1338.09
    697	4007f6	     45	   16.0	   10.0	30568.1	 0.0122	  94.84	1338.00
    698	4007f6	     45	   10.0	    6.0	30524.4	 0.0123	  94.85	1337.31
    699	4007f6	     45	    8.0	   14.0	30480.8	 0.0123	  94.86	1337.22
    700	4007f6	     45	   10.0	    8.0	30437.3	 0.0122	  94.86	1337.24
    701	4007f6	     45	    6.0	    0.0	30394.0	 0.0122	 +94.73	1338.54
    702	4007f6	     45	   14.0	   14.0	30350.8	 0.0122	  94.74	1338.14
    703	4007f6	     45	    6.0	    6.0	30307.7	 0.0122	  94.74	1338.12
    704	4007f6	     45	   10.0	    8.0	30264.7	 0.0122	  94.75	1338.15
    705	4007f6	     45	    6.0	    7.0	30221.8	 0.0122	  94.76	1338.27
    706	4007f6	     45	    8.0	    5.0	30179.1	 0.0121	  94.77	1338.28
    707	4007f6	     45	   14.0	   14.0	30136.5	 0.0122	  94.77	1338.40
    708	4007f6	     45	   10.0	   12.0	30094.0	 0.0121	  94.78	1338.41
    709	4007f6	     45	    6.0	    7.0	30051.6	 0.0121	  94.79	1338.54
    710	4007f6	     45	   10.0	    9.0	30009.4	 0.0122	  94.80	1338.55
    711	4007f6	     45	    8.0	    6.0	29967.2	 0.0121	  94.80	1338.68
    712	4007f6	     45	   12.0	   10.0	29925.2	 0.0121	  94.81	1338.71
    713	4007f6	     45	    6.0	    6.0	29883.3	 0.0121	  94.82	1338.84
    714	4007f6	     45	    8.0	    6.0	29841.5	 0.0121	  94.83	1338.81
    715	4007f6	     45	    8.0	    8.0	29799.8	 0.0121	  94.83	1338.76
    716	4007f6	     45	   12.0	    1.0	29758.3	 0.0121	  94.84	1338.31
    717	4007f6	     45	   14.0	   13.0	29716.9	 0.0122	  94.85	1338.20
    718	4007f6	     45	    8.0	   12.0	29675.5	 0.0122	  94.85	1338.21
    719	4007f6	     45	    6.0	    0.0	29634.3	 0.0122	 +94.72	1339.11
    720	4007f6	     45	   10.0	   10.0	29593.2	 0.0122	  94.73	1338.65
    721	4007f6	     45	    8.0	    6.0	29552.3	 0.0122	  94.74	1338.69
    722	4007f6	     45	   12.0	    6.0	29511.4	 0.0122	  94.74	1338.71
    723	4007f6	     45	    6.0	    6.0	29470.6	 0.0122	  94.75	1338.82
    724	4007f6	     45	   10.0	    8.0	29430.0	 0.0122	  94.76	1338.74
    725	4007f6	     45	   10.0	   11.0	29389.5	 0.0121	  94.77	1338.69
    726	4007f6	     45	    8.0	    0.0	29349.0	 0.0121	 +94.64	1339.89
    727	4007f6	     45	    6.0	    6.0	29308.7	 0.0122	  94.64	1339.43
    728	4007f6	     45	   14.0	   13.0	29268.6	 0.0122	  94.65	1339.26
    729	4007f6	     45	    6.0	    1.0	29228.5	 0.0122	  94.66	1339.17
    730	4007f6	     45	   12.0	   13.0	29188.5	 0.0121	  94.66	1339.06
    731	4007f6	     45	    6.0	    6.0	29148.6	 0.0121	  94.67	1339.01
    732	4007f6	     45	   10.0	    0.0	29108.9	 0.0121	 +94.54	1339.77
    733	4007f6	     45	   10.0	   10.0	29069.2	 0.0121	  94.55	1339.30
    734	4007f6	     45	   10.0	   10.0	29029.7	 0.0121	  94.56	1339.22
    735	4007f6	     45	    8.0	    6.0	28990.2	 0.0121	  94.57	1339.10
    736	4007f6	     45	    8.0	    9.0	28950.9	 0.0121	  94.57	1339.00
    737	4007f6	     45	    6.0	    2.0	28911.7	 0.0121	  94.58	1338.36
    738	4007f6	     45	   20.0	   18.0	28872.6	 0.0123	  94.59	1338.22
    739	4007f6	     45	    8.0	   13.0	28833.6	 0.0123	  94.59	1338.15
    740	4007f6	     45	   12.0	    0.0	28794.7	 0.0122	 +94.47	1339.09
    741	4007f6	     45	    6.0	    6.0	28755.9	 0.0122	  94.47	1338.58
    742	4007f6	     45	    8.0	    8.0	28717.2	 0.0122	  94.48	1338.31
    743	4007f6	     45	   12.0	    0.0	28678.6	 0.0122	 +94.35	1339.11
    744	4007f6	     45	    8.0	    8.0	28640.1	 0.0122	  94.36	1338.61
    745	4007f6	     45	    8.0	    8.0	28601.7	 0.0122	  94.37	1338.30
    746	4007f6	     45	    8.0	    0.0	28563.4	 0.0121	 +94.24	1339.26
    747	4007f6	     45	    6.0	    6.0	28525.3	 0.0121	  94.25	1338.76
    748	4007f6	     45	   18.0	   18.0	28487.2	 0.0121	  94.26	1338.49
    749	4007f6	     45	    6.0	    0.0	28449.2	 0.0121	 +94.13	1339.48
    750	4007f6	     45	    8.0	    8.0	28411.4	 0.0121	  94.14	1339.05
    751	4007f6	     45	    8.0	    8.0	28373.6	 0.0121	  94.15	1338.99
    752	4007f6	     45	    8.0	    0.0	28335.9	 0.0120	 +94.02	1339.75
    753	4007f6	     45	   12.0	   12.0	28298.3	 0.0120	  94.03	1339.23
    754	4007f6	     45	    8.0	    6.0	28260.9	 0.0120	  94.04	1338.70
    755	4007f6	     45	    6.0	   12.0	28223.5	 0.0120	  94.05	1337.50
