./asc:main.c:294: warning: auxv random bytes were not cleared
  Round	    PC	Excited	Hamming	   Loss	 Regret	    MSE	  Error	   MIPS
      0	400144	     45	42321.0	42321.0	42321.0	 0.1314	 100.00	  24.35
      1	4007fe	     45	 1223.0	43542.0	21771.0	 0.1284	 100.00	 208.47
      2	4007fe	     45	    8.0	43542.0	14514.0	 0.0856	 100.00	 338.62
      3	4007fe	     45	   10.0	43544.0	10886.0	 0.0642	 100.00	 433.90
      4	4007fe	     45	   10.0	43542.0	17417.2	 0.0514	 100.00	 509.11
      5	4007fe	     45	    6.0	43548.0	21772.3	 0.0428	 100.00	 565.60
      6	4007fe	     45	   12.0	43544.0	24882.6	 0.0368	 100.00	 624.86
      7	4007fe	     45	    8.0	43548.0	27215.8	 0.0324	 100.00	 675.26
      8	4007fe	     45	   10.0	43542.0	29029.8	 0.0288	 100.00	 718.89
      9	4007fe	     45	    6.0	43544.0	30481.2	 0.0259	 100.00	 758.01
     10	4007fe	     45	    8.0	43548.0	31669.1	 0.0250	 100.00	 791.64
     11	4007fe	     45	   12.0	43544.0	32658.7	 0.0266	 100.00	 822.59
     12	4007fe	     45	   12.0	43544.0	33496.0	 0.0246	 100.00	 849.88
     13	4007fe	     45	    8.0	43544.0	34213.7	 0.0228	 100.00	 874.95
     14	4007fe	     45	    8.0	43548.0	34836.0	 0.0238	 100.00	 897.56
     15	4007fe	     45	    6.0	43550.0	35380.6	 0.0224	 100.00	 918.76
     16	4007fe	     45	   12.0	43542.0	35860.7	 0.0233	 100.00	 936.55
     17	4007fe	     45	    8.0	43546.0	36287.7	 0.0220	 100.00	 953.95
     18	4007fe	     45	   10.0	43544.0	36669.6	 0.0209	 100.00	 969.65
     19	4007fe	     45	    6.0	43550.0	37013.6	 0.0198	 100.00	 984.69
     20	4007fe	     45	   10.0	43548.0	37324.8	 0.0192	 100.00	 998.48
     21	4007fe	     45	   16.0	43544.0	37607.5	 0.0213	 100.00	1011.34
     22	4007fe	     45	    8.0	43544.0	37865.6	 0.0204	 100.00	1023.32
     23	4007fe	     45	    6.0	43550.0	38102.4	 0.0196	 100.00	1034.73
     24	4007fe	     45	   10.0	43544.0	38320.1	 0.0188	 100.00	1045.38
     25	4007fe	     45	    6.0	43546.0	38521.1	 0.0181	 100.00	1055.44
     26	4007fe	     45	   14.0	43544.0	38707.1	 0.0174	 100.00	1064.95
     27	4007fe	     45	    6.0	43546.0	38879.9	 0.0168	 100.00	1073.60
     28	4007fe	     45	   10.0	43548.0	39040.9	 0.0162	 100.00	1081.97
     29	4007fe	     45	    8.0	43548.0	39191.1	 0.0157	 100.00	1089.95
     30	4007fe	     45	   10.0	43550.0	39331.7	 0.0163	 100.00	1097.37
     31	4007fe	     45	   12.0	43546.0	39463.4	 0.0172	 100.00	1104.47
     32	4007fe	     45	    8.0	43542.0	39587.0	 0.0168	 100.00	1111.15
     33	4007fe	     45	    6.0	43548.0	39703.5	 0.0163	 100.00	1117.54
     34	4007fe	     45	   10.0	43546.0	39813.3	 0.0158	 100.00	1123.68
     35	4007fe	     45	    8.0	43550.0	39917.1	 0.0154	 100.00	1129.57
     36	4007fe	     45	   14.0	43544.0	40015.1	 0.0150	 100.00	1134.93
     37	4007fe	     45	    6.0	43550.0	40108.2	 0.0146	 100.00	1140.14
     38	4007fe	     45	    8.0	43550.0	40196.4	 0.0142	 100.00	1145.07
     39	4007fe	     45	   10.0	43552.0	40280.3	 0.0138	 100.00	1149.70
     40	4007fe	     45	    8.0	43548.0	40360.0	 0.0135	 100.00	1154.19
     41	4007fe	     45	   16.0	43540.0	40435.7	 0.0157	 100.00	1158.38
     42	4007fe	     45	    8.0	43544.0	40508.0	 0.0153	 100.00	1162.60
     43	4007fe	     45	    6.0	43546.0	40577.0	 0.0150	 100.00	1166.46
     44	4007fe	     45	   14.0	43544.0	40643.0	 0.0151	 100.00	1170.37
     45	4007fe	     45	    6.0	43546.0	40706.1	 0.0148	 100.00	1173.78
     46	4007fe	     45	    8.0	43550.0	40766.6	 0.0148	 100.00	1177.37
     47	4007fe	     45	   10.0	43548.0	40824.5	 0.0146	 100.00	1180.71
     48	4007fe	     45	    8.0	43544.0	40880.0	 0.0143	 100.00	1184.06
     49	4007fe	     45	   10.0	43546.0	40933.4	 0.0140	 100.00	1187.34
     50	4007fe	     45	    8.0	43546.0	40984.6	 0.0138	 100.00	1190.46
     51	4007fe	     45	    6.0	43552.0	41034.0	 0.0137	 100.00	1193.50
     52	4007fe	     45	   16.0	43544.0	41081.3	 0.0141	 100.00	1196.41
     53	4007fe	     45	    8.0	43548.0	41127.0	 0.0139	 100.00	1199.07
     54	4007fe	     45	   10.0	43546.0	41171.0	 0.0136	 100.00	1201.89
     55	4007fe	     45	    6.0	43552.0	41213.5	 0.0134	 100.00	1204.43
     56	4007fe	     45	    8.0	43548.0	41254.5	 0.0132	 100.00	1206.78
     57	4007fe	     45	   10.0	43546.0	41294.0	 0.0129	 100.00	1209.17
     58	4007fe	     45	   10.0	43548.0	41332.2	 0.0127	 100.00	1211.57
     59	4007fe	     45	    8.0	43548.0	41369.1	 0.0125	 100.00	1213.91
     60	4007fe	     45	   10.0	43550.0	41404.9	 0.0123	 100.00	1216.35
     61	4007fe	     45	    6.0	43552.0	41439.5	 0.0122	 100.00	1218.68
     62	4007fe	     45	   18.0	43546.0	41472.9	 0.0133	 100.00	1220.97
     63	4007fe	     45	    6.0	43548.0	41505.3	 0.0132	 100.00	1223.00
     64	4007fe	     45	   10.0	43542.0	41536.7	 0.0134	 100.00	1225.17
     65	4007fe	     45	    6.0	43548.0	41567.2	 0.0132	 100.00	1227.20
     66	4007fe	     45	    8.0	43548.0	41596.7	 0.0130	 100.00	1229.23
     67	4007fe	     45	   12.0	43548.0	41625.4	 0.0133	 100.00	1231.19
     68	4007fe	     45	   10.0	43546.0	41653.2	 0.0131	 100.00	1233.10
     69	4007fe	     45	    6.0	43552.0	41680.4	 0.0130	 100.00	1234.80
     70	4007fe	     45	   10.0	43550.0	41706.7	 0.0130	 100.00	1236.61
     71	4007fe	     45	    8.0	43554.0	41732.4	 0.0128	 100.00	1238.36
     72	4007fe	     45	   14.0	43544.0	41757.2	 0.0130	 100.00	1240.10
     73	4007fe	     45	    6.0	43546.0	41781.4	 0.0129	 100.00	1241.77
     74	4007fe	     45	    8.0	43550.0	41804.9	 0.0127	 100.00	1243.42
     75	4007fe	     45	    8.0	43550.0	41827.9	 0.0125	 100.00	1244.88
     76	4007fe	     45	   12.0	43550.0	41850.3	 0.0128	 100.00	1246.49
     77	4007fe	     45	   10.0	43548.0	41872.0	 0.0130	 100.00	1248.00
     78	4007fe	     45	    8.0	43552.0	41893.3	 0.0128	 100.00	1249.48
     79	4007fe	     45	    6.0	43554.0	41914.1	 0.0127	 100.00	1250.96
     80	4007fe	     45	   10.0	43548.0	41934.2	 0.0129	 100.00	1252.36
     81	4007fe	     45	    8.0	43552.0	41954.0	 0.0128	 100.00	1253.63
     82	4007fe	     45	   20.0	43540.0	41973.1	 0.0141	 100.00	1255.03
     83	4007fe	     45	    6.0	43546.0	41991.8	 0.0141	 100.00	1256.32
     84	4007fe	     45	   10.0	43544.0	42010.0	 0.0139	 100.00	1257.65
     85	4007fe	     45	   10.0	43546.0	42027.9	 0.0138	 100.00	1258.90
     86	4007fe	     45	    8.0	43546.0	42045.4	 0.0136	 100.00	1260.15
     87	4007fe	     45	    6.0	43552.0	42062.5	 0.0140	 100.00	1261.21
     88	4007fe	     45	   12.0	43544.0	42079.1	 0.0138	 100.00	1262.39
     89	4007fe	     45	    6.0	43546.0	42095.4	 0.0137	 100.00	1263.58
     90	4007fe	     45	   12.0	43546.0	42111.4	 0.0135	 100.00	1264.74
     91	4007fe	     45	    6.0	43548.0	42127.0	 0.0134	 100.00	1265.76
     92	4007fe	     45	   10.0	43550.0	42142.3	 0.0135	 100.00	1266.78
     93	4007fe	     45	   12.0	43546.0	42157.2	 0.0138	 100.00	1267.62
     94	4007fe	     45	   10.0	43548.0	42171.9	 0.0137	 100.00	1268.57
     95	4007fe	     45	    8.0	43548.0	42186.2	 0.0135	 100.00	1269.51
     96	4007fe	     45	    8.0	43544.0	42200.2	 0.0141	 100.00	1270.49
     97	4007fe	     45	    6.0	43550.0	42214.0	 0.0139	 100.00	1271.40
     98	4007fe	     45	   12.0	43546.0	42227.4	 0.0138	 100.00	1272.33
     99	4007fe	     45	    8.0	43550.0	42240.6	 0.0136	 100.00	1273.12
    100	4007fe	     45	   12.0	43546.0	42253.6	 0.0135	 100.00	1273.98
    101	4007fe	     45	    6.0	43552.0	42266.3	 0.0134	 100.00	1274.81
    102	4007fe	     45	    8.0	43552.0	42278.8	 0.0133	 100.00	1275.69
    103	4007fe	     45	   16.0	43548.0	42291.0	 0.0139	 100.00	1276.50
    104	4007fe	     45	    8.0	43544.0	42302.9	 0.0137	 100.00	1277.33
    105	4007fe	     45	    8.0	43544.0	42314.6	 0.0136	 100.00	1277.99
    106	4007fe	     45	    8.0	43548.0	42326.1	 0.0135	 100.00	1278.82
    107	4007fe	     45	    6.0	43550.0	42337.5	 0.0134	 100.00	1279.57
    108	4007fe	     45	   16.0	43546.0	42348.6	 0.0134	 100.00	1280.36
    109	4007fe	     45	    6.0	43548.0	42359.5	 0.0133	 100.00	1281.13
    110	4007fe	     45	    8.0	43552.0	42370.2	 0.0132	 100.00	1281.87
    111	4007fe	     45	    8.0	43552.0	42380.8	 0.0131	 100.00	1282.50
    112	4007fe	     45	    8.0	43548.0	42391.1	 0.0133	 100.00	1283.24
    113	4007fe	     45	   14.0	43546.0	42401.2	 0.0134	 100.00	1283.97
    114	4007fe	     45	    8.0	43546.0	42411.2	 0.0133	 100.00	1284.66
    115	4007fe	     45	    6.0	43552.0	42421.0	 0.0132	 100.00	1285.31
    116	4007fe	     45	   12.0	43548.0	42430.6	 0.0131	 100.00	1286.00
    117	4007fe	     45	    8.0	43552.0	42440.2	 0.0130	 100.00	1286.59
    118	4007fe	     45	   12.0	43548.0	42449.5	 0.0131	 100.00	1287.31
    119	4007fe	     45	    6.0	43554.0	42458.7	 0.0130	 100.00	1287.87
    120	4007fe	     45	    8.0	43550.0	42467.7	 0.0129	 100.00	1288.58
    121	4007fe	     45	    8.0	43550.0	42476.6	 0.0128	 100.00	1289.11
    122	4007fe	     45	   10.0	43552.0	42485.3	 0.0127	 100.00	1289.82
    123	4007fe	     45	   16.0	43544.0	42493.8	 0.0135	 100.00	1290.23
    124	4007fe	     45	   10.0	43546.0	42502.3	 0.0139	 100.00	1290.81
    125	4007fe	     45	    6.0	43548.0	42510.6	 0.0138	 100.00	1291.40
    126	4007fe	     45	   12.0	43548.0	42518.7	 0.0137	 100.00	1291.95
    127	4007fe	     45	    6.0	43550.0	42526.8	 0.0136	 100.00	1292.52
    128	4007fe	     45	   12.0	43542.0	42534.7	 0.0140	 100.00	1293.00
    129	4007fe	     45	    6.0	43548.0	42542.4	 0.0140	 100.00	1293.54
    130	4007fe	     45	    8.0	43548.0	42550.1	 0.0141	 100.00	1294.08
    131	4007fe	     45	   10.0	43550.0	42557.7	 0.0140	 100.00	1294.61
    132	4007fe	     45	   10.0	43548.0	42565.1	 0.0140	 100.00	1295.08
    133	4007fe	     45	    6.0	43554.0	42572.5	 0.0139	 100.00	1295.62
    134	4007fe	     45	   14.0	43548.0	42579.7	 0.0138	 100.00	1296.07
    135	4007fe	     45	    8.0	43552.0	42586.9	 0.0140	 100.00	1296.51
    136	4007fe	     45	   10.0	43546.0	42593.9	 0.0139	 100.00	1297.00
    137	4007fe	     45	    6.0	43548.0	42600.8	 0.0138	 100.00	1297.48
    138	4007fe	     45	    8.0	43552.0	42607.7	 0.0137	 100.00	1297.86
    139	4007fe	     45	   10.0	43550.0	42614.4	 0.0137	 100.00	1298.34
    140	4007fe	     45	   12.0	43550.0	42621.0	 0.0136	 100.00	1298.63
    141	4007fe	     45	    8.0	43550.0	42627.6	 0.0135	 100.00	1299.11
    142	4007fe	     45	    8.0	43554.0	42634.0	 0.0135	 100.00	1299.49
    143	4007fe	     45	    6.0	43556.0	42640.4	 0.0136	 100.00	1299.95
    144	4007fe	     45	   16.0	43544.0	42646.7	 0.0138	 100.00	1300.32
    145	4007fe	     45	    8.0	43548.0	42652.8	 0.0137	 100.00	1300.77
    146	4007fe	     45	   10.0	43546.0	42658.9	 0.0137	 100.00	1301.19
    147	4007fe	     45	    6.0	43552.0	42665.0	 0.0136	 100.00	1301.63
    148	4007fe	     45	   10.0	43550.0	42670.9	 0.0135	 100.00	1302.04
    149	4007fe	     45	   12.0	43550.0	42676.8	 0.0134	 100.00	1302.47
    150	4007fe	     45	    8.0	43550.0	42682.5	 0.0134	 100.00	1302.74
    151	4007fe	     45	    6.0	43556.0	42688.3	 0.0133	 100.00	1303.18
    152	4007fe	     45	   10.0	43550.0	42693.9	 0.0132	 100.00	1303.48
    153	4007fe	     45	    6.0	43552.0	42699.5	 0.0131	 100.00	1303.89
    154	4007fe	     45	   16.0	43548.0	42705.0	 0.0130	 100.00	1304.27
    155	4007fe	     45	    6.0	43550.0	42710.4	 0.0131	 100.00	1304.69
    156	4007fe	     45	   10.0	43552.0	42715.7	 0.0131	 100.00	1305.06
    157	4007fe	     45	    8.0	43552.0	42721.0	 0.0130	 100.00	1305.48
    158	4007fe	     45	   10.0	43554.0	42726.3	 0.0129	 100.00	1305.78
    159	4007fe	     45	   10.0	43552.0	42731.4	 0.0128	 100.00	1306.18
    160	4007fe	     45	    8.0	43548.0	42736.5	 0.0129	 100.00	1306.54
    161	4007fe	     45	    6.0	43554.0	42741.6	 0.0128	 100.00	1306.97
    162	4007fe	     45	   10.0	43552.0	42746.5	 0.0129	 100.00	1307.37
    163	4007fe	     45	    8.0	43556.0	42751.5	 0.0128	 100.00	1307.80
    164	4007fe	     45	   24.0	43540.0	42756.2	 0.0138	 100.00	1307.98
    165	4007fe	     45	    6.0	43546.0	42761.0	 0.0137	 100.00	1308.34
    166	4007fe	     45	    8.0	43546.0	42765.7	 0.0136	 100.00	1308.68
    167	4007fe	     45	   10.0	43548.0	42770.4	 0.0136	 100.00	1309.00
    168	4007fe	     45	    8.0	43544.0	42774.9	 0.0135	 100.00	1309.71
    169	4007fe	     45	   10.0	43542.0	42779.4	 0.0134	 100.00	1310.14
    170	4007fe	     45	    8.0	43546.0	42783.9	 0.0133	 100.00	1310.48
    171	4007fe	     45	    6.0	43548.0	42788.4	 0.0133	 100.00	1310.89
    172	4007fe	     45	   14.0	43546.0	42792.8	 0.0132	 100.00	1311.58
    173	4007fe	     45	    6.0	43548.0	42797.1	 0.0131	 100.00	1311.98
    174	4007fe	     45	    8.0	43552.0	42801.4	 0.0133	 100.00	1312.35
    175	4007fe	     45	   12.0	43548.0	42805.6	 0.0133	 100.00	1312.74
    176	4007fe	     45	    8.0	43544.0	42809.8	 0.0132	 100.00	1313.01
    177	4007fe	     45	   10.0	43546.0	42814.0	 0.0132	 100.00	1313.40
    178	4007fe	     45	    8.0	43546.0	42818.0	 0.0132	 100.00	1313.73
    179	4007fe	     45	    6.0	43552.0	42822.1	 0.0131	 100.00	1314.09
    180	4007fe	     45	   14.0	43546.0	42826.1	 0.0137	 100.00	1314.41
    181	4007fe	     45	    8.0	43550.0	42830.1	 0.0136	 100.00	1314.76
    182	4007fe	     45	   10.0	43548.0	42834.0	 0.0135	 100.00	1314.96
    183	4007fe	     45	    6.0	43554.0	42837.9	 0.0134	 100.00	1315.28
    184	4007fe	     45	    8.0	43550.0	42841.8	 0.0136	 100.00	1315.51
    185	4007fe	     45	   14.0	43544.0	42845.6	 0.0137	 100.00	1315.79
    186	4007fe	     45	   10.0	43546.0	42849.3	 0.0136	 100.00	1316.02
    187	4007fe	     45	    8.0	43546.0	42853.0	 0.0136	 100.00	1316.30
    188	4007fe	     45	   10.0	43548.0	42856.7	 0.0136	 100.00	1316.50
    189	4007fe	     45	    6.0	43550.0	42860.3	 0.0135	 100.00	1316.76
    190	4007fe	     45	   14.0	43548.0	42863.9	 0.0135	 100.00	1317.01
    191	4007fe	     45	    6.0	43550.0	42867.5	 0.0136	 100.00	1317.29
    192	4007fe	     45	   10.0	43544.0	42871.0	 0.0135	 100.00	1317.54
    193	4007fe	     45	    6.0	43550.0	42874.5	 0.0135	 100.00	1317.81
    194	4007fe	     45	    8.0	43550.0	42878.0	 0.0134	 100.00	1318.24
    195	4007fe	     45	   14.0	43548.0	42881.4	 0.0133	 100.00	1318.52
    196	4007fe	     45	   10.0	43546.0	42884.8	 0.0134	 100.00	1318.74
    197	4007fe	     45	    6.0	43552.0	42888.1	 0.0134	 100.00	1319.01
    198	4007fe	     45	   10.0	43550.0	42891.5	 0.0134	 100.00	1319.22
    199	4007fe	     45	    8.0	43554.0	42894.8	 0.0134	 100.00	1319.41
    200	4007fe	     45	   12.0	43546.0	42898.0	 0.0135	 100.00	1319.59
    201	4007fe	     45	    6.0	43548.0	42901.2	 0.0134	 100.00	1319.83
    202	4007fe	     45	    8.0	43552.0	42904.4	 0.0133	 100.00	1320.03
    203	4007fe	     45	    8.0	43552.0	42907.6	 0.0133	 100.00	1320.29
    204	4007fe	     45	   12.0	43552.0	42910.8	 0.0134	 100.00	1320.49
    205	4007fe	     45	   16.0	43544.0	42913.8	 0.0139	 100.00	1320.72
    206	4007fe	     45	    8.0	43548.0	42916.9	 0.0138	 100.00	1320.86
    207	4007fe	     45	    6.0	43550.0	42919.9	 0.0138	 100.00	1321.10
    208	4007fe	     45	   10.0	43544.0	42922.9	 0.0137	 100.00	1321.30
    209	4007fe	     45	    8.0	43548.0	42925.9	 0.0137	 100.00	1321.53
    210	4007fe	     45	   12.0	43544.0	42928.8	 0.0136	 100.00	1321.73
    211	4007fe	     45	    6.0	43550.0	42931.8	 0.0135	 100.00	1321.96
    212	4007fe	     45	   10.0	43548.0	42934.7	 0.0135	 100.00	1322.09
    213	4007fe	     45	   10.0	43550.0	42937.5	 0.0134	 100.00	1322.31
    214	4007fe	     45	    8.0	43550.0	42940.4	 0.0134	 100.00	1322.49
    215	4007fe	     45	    6.0	43556.0	42943.2	 0.0134	 100.00	1322.71
    216	4007fe	     45	   14.0	43546.0	42946.0	 0.0134	 100.00	1322.91
    217	4007fe	     45	    6.0	43548.0	42948.8	 0.0133	 100.00	1323.14
    218	4007fe	     45	   12.0	43548.0	42951.5	 0.0132	 100.00	1323.27
    219	4007fe	     45	    6.0	43550.0	42954.2	 0.0132	 100.00	1323.50
    220	4007fe	     45	   10.0	43552.0	42956.9	 0.0131	 100.00	1323.69
    221	4007fe	     45	   10.0	43550.0	42959.6	 0.0132	 100.00	1323.93
    222	4007fe	     45	   10.0	43552.0	42962.3	 0.0131	 100.00	1324.04
    223	4007fe	     45	    8.0	43552.0	42964.9	 0.0130	 100.00	1324.28
    224	4007fe	     45	    8.0	43548.0	42967.5	 0.0132	 100.00	1324.38
    225	4007fe	     45	    6.0	43554.0	42970.1	 0.0131	 100.00	1324.52
    226	4007fe	     45	   16.0	43546.0	42972.6	 0.0133	 100.00	1324.70
    227	4007fe	     45	    8.0	43550.0	42975.1	 0.0132	 100.00	1324.90
    228	4007fe	     45	   12.0	43546.0	42977.6	 0.0132	 100.00	1325.07
    229	4007fe	     45	    6.0	43552.0	42980.1	 0.0131	 100.00	1325.21
    230	4007fe	     45	    8.0	43552.0	42982.6	 0.0131	 100.00	1325.40
    231	4007fe	     45	   12.0	43552.0	42985.1	 0.0131	 100.00	1325.58
    232	4007fe	     45	    8.0	43548.0	42987.5	 0.0130	 100.00	1325.77
    233	4007fe	     45	    8.0	43548.0	42989.9	 0.0129	 100.00	1325.95
    234	4007fe	     45	    8.0	43552.0	42992.3	 0.0129	 100.00	1326.12
    235	4007fe	     45	    6.0	43554.0	42994.7	 0.0129	 100.00	1326.24
    236	4007fe	     45	   18.0	43548.0	42997.0	 0.0130	 100.00	1326.40
    237	4007fe	     45	    6.0	43550.0	42999.3	 0.0129	 100.00	1326.58
    238	4007fe	     45	    8.0	43554.0	43001.6	 0.0129	 100.00	1326.74
    239	4007fe	     45	    8.0	43554.0	43003.9	 0.0128	 100.00	1326.93
    240	4007fe	     45	    8.0	43550.0	43006.2	 0.0127	 100.00	1327.08
    241	4007fe	     45	   12.0	43550.0	43008.4	 0.0130	 100.00	1327.15
    242	4007fe	     45	    8.0	43550.0	43010.7	 0.0129	 100.00	1327.32
    243	4007fe	     45	    6.0	43556.0	43012.9	 0.0129	 100.00	1327.46
    244	4007fe	     45	   12.0	43552.0	43015.1	 0.0128	 100.00	1327.62
    245	4007fe	     45	    8.0	43556.0	43017.3	 0.0128	 100.00	1327.74
    246	4007fe	     45	   20.0	43544.0	43019.4	 0.0134	 100.00	1327.91
    247	4007fe	     45	    6.0	43550.0	43021.6	 0.0133	 100.00	1327.97
    248	4007fe	     45	    8.0	43546.0	43023.7	 0.0133	 100.00	1328.15
    249	4007fe	     45	    8.0	43546.0	43025.8	 0.0132	 100.00	1328.31
    250	4007fe	     45	   10.0	43548.0	43027.9	 0.0132	 100.00	1328.48
    251	4007fe	     45	   10.0	43546.0	43029.9	 0.0131	 100.00	1328.64
    252	4007fe	     45	   10.0	43548.0	43032.0	 0.0131	 100.00	1328.80
    253	4007fe	     45	    6.0	43550.0	43034.0	 0.0130	 100.00	1328.96
    254	4007fe	     45	   12.0	43550.0	43036.0	 0.0130	 100.00	1329.12
    255	4007fe	     45	    6.0	43552.0	43038.0	 0.0129	 100.00	1329.24
    256	4007fe	     45	   14.0	43542.0	43040.0	 0.0133	 100.00	1329.41
    257	4007fe	     45	    6.0	43548.0	43042.0	 0.0132	 100.00	1329.55
    258	4007fe	     45	    8.0	43548.0	43043.9	 0.0132	 100.00	1329.70
    259	4007fe	     45	   10.0	43550.0	43045.9	 0.0131	 100.00	1329.78
    260	4007fe	     45	   10.0	43548.0	43047.8	 0.0131	 100.00	1329.92
    261	4007fe	     45	    6.0	43554.0	43049.7	 0.0130	 100.00	1330.06
    262	4007fe	     45	   12.0	43550.0	43051.6	 0.0131	 100.00	1330.21
    263	4007fe	     45	    8.0	43554.0	43053.5	 0.0130	 100.00	1330.35
    264	4007fe	     45	   10.0	43548.0	43055.4	 0.0130	 100.00	1330.50
    265	4007fe	     45	    6.0	43550.0	43057.3	 0.0130	 100.00	1330.59
    266	4007fe	     45	    8.0	43554.0	43059.1	 0.0129	 100.00	1330.73
    267	4007fe	     45	   14.0	43548.0	43060.9	 0.0131	 100.00	1330.87
    268	4007fe	     45	   12.0	43548.0	43062.8	 0.0130	 100.00	1331.05
    269	4007fe	     45	    8.0	43548.0	43064.5	 0.0130	 100.00	1331.20
    270	4007fe	     45	    8.0	43552.0	43066.3	 0.0131	 100.00	1331.32
    271	4007fe	     45	    6.0	43554.0	43068.1	 0.0130	 100.00	1331.45
    272	4007fe	     45	   12.0	43546.0	43069.9	 0.0130	 100.00	1331.62
    273	4007fe	     45	    8.0	43550.0	43071.6	 0.0130	 100.00	1331.77
    274	4007fe	     45	   10.0	43548.0	43073.4	 0.0129	 100.00	1331.94
    275	4007fe	     45	    6.0	43554.0	43075.1	 0.0129	 100.00	1332.10
    276	4007fe	     45	   10.0	43552.0	43076.8	 0.0128	 100.00	1332.25
    277	4007fe	     45	   14.0	43550.0	43078.5	 0.0129	 100.00	1332.37
    278	4007fe	     45	    8.0	43550.0	43080.2	 0.0129	 100.00	1332.53
    279	4007fe	     45	    6.0	43556.0	43081.9	 0.0128	 100.00	1332.67
    280	4007fe	     45	   10.0	43550.0	43083.6	 0.0129	 100.00	1332.84
    281	4007fe	     45	    6.0	43552.0	43085.3	 0.0129	 100.00	1332.97
    282	4007fe	     45	   14.0	43550.0	43086.9	 0.0129	 100.00	1333.13
    283	4007fe	     45	    6.0	43552.0	43088.5	 0.0129	 100.00	1333.23
    284	4007fe	     45	   10.0	43554.0	43090.2	 0.0130	 100.00	1333.39
    285	4007fe	     45	    8.0	43554.0	43091.8	 0.0130	 100.00	1333.53
    286	4007fe	     45	   10.0	43556.0	43093.4	 0.0130	 100.00	1333.68
    287	4007fe	     45	   16.0	43548.0	43095.0	 0.0135	 100.00	1333.81
    288	4007fe	     45	    8.0	43544.0	43096.5	 0.0135	 100.00	1333.96
    289	4007fe	     45	    6.0	43550.0	43098.1	 0.0135	 100.00	1334.06
    290	4007fe	     45	   10.0	43548.0	43099.6	 0.0134	 100.00	1334.21
    291	4007fe	     45	    8.0	43552.0	43101.2	 0.0134	 100.00	1334.34
    292	4007fe	     45	   14.0	43546.0	43102.7	 0.0133	 100.00	1334.50
    293	4007fe	     45	    6.0	43552.0	43104.2	 0.0133	 100.00	1334.63
    294	4007fe	     45	    8.0	43552.0	43105.8	 0.0132	 100.00	1334.78
    295	4007fe	     45	   10.0	43554.0	43107.3	 0.0132	 100.00	1334.88
    296	4007fe	     45	    8.0	43550.0	43108.8	 0.0132	 100.00	1335.03
    297	4007fe	     45	   12.0	43546.0	43110.2	 0.0133	 100.00	1335.16
    298	4007fe	     45	    8.0	43550.0	43111.7	 0.0132	 100.00	1335.27
    299	4007fe	     45	    6.0	43552.0	43113.2	 0.0132	 100.00	1335.40
    300	4007fe	     45	   14.0	43550.0	43114.6	 0.0131	 100.00	1335.55
    301	4007fe	     45	    6.0	43552.0	43116.1	 0.0131	 100.00	1335.66
    302	4007fe	     45	    8.0	43556.0	43117.5	 0.0132	 100.00	1335.80
    303	4007fe	     45	   10.0	43554.0	43119.0	 0.0133	 100.00	1335.94
    304	4007fe	     45	    8.0	43550.0	43120.4	 0.0136	 100.00	1336.09
    305	4007fe	     45	   10.0	43552.0	43121.8	 0.0136	 100.00	1336.21
    306	4007fe	     45	    8.0	43552.0	43123.2	 0.0135	 100.00	1336.36
    307	4007fe	     45	    6.0	43558.0	43124.6	 0.0135	 100.00	1336.45
    308	4007fe	     45	   18.0	43548.0	43126.0	 0.0138	 100.00	1336.59
    309	4007fe	     45	    8.0	43552.0	43127.3	 0.0137	 100.00	1336.70
    310	4007fe	     45	   10.0	43550.0	43128.7	 0.0137	 100.00	1336.83
    311	4007fe	     45	    6.0	43556.0	43130.1	 0.0137	 100.00	1336.95
    312	4007fe	     45	    8.0	43552.0	43131.4	 0.0137	 100.00	1337.08
    313	4007fe	     45	   10.0	43550.0	43132.8	 0.0136	 100.00	1337.14
    314	4007fe	     45	   10.0	43552.0	43134.1	 0.0136	 100.00	1337.27
    315	4007fe	     45	    8.0	43552.0	43135.4	 0.0135	 100.00	1337.40
    316	4007fe	     45	   10.0	43554.0	43136.7	 0.0135	 100.00	1337.52
    317	4007fe	     45	    6.0	43556.0	43138.0	 0.0135	 100.00	1337.64
    318	4007fe	     45	   16.0	43552.0	43139.3	 0.0135	 100.00	1337.76
    319	4007fe	     45	    6.0	43554.0	43140.6	 0.0135	 100.00	1337.84
    320	4007fe	     45	   10.0	43548.0	43141.9	 0.0138	 100.00	1337.97
    321	4007fe	     45	    6.0	43554.0	43143.2	 0.0138	 100.00	1338.08
    322	4007fe	     45	    8.0	43554.0	43144.5	 0.0138	 100.00	1338.22
    323	4007fe	     45	   12.0	43554.0	43145.7	 0.0138	 100.00	1338.32
    324	4007fe	     45	   10.0	43552.0	43147.0	 0.0138	 100.00	1338.44
    325	4007fe	     45	    6.0	43558.0	43148.2	 0.0138	 100.00	1338.53
    326	4007fe	     45	   10.0	43556.0	43149.5	 0.0137	 100.00	1338.65
    327	4007fe	     45	    8.0	43560.0	43150.7	 0.0137	 100.00	1338.76
    328	4007fe	     45	   24.0	43540.0	43151.9	 0.0144	 100.00	1338.88
    329	4007fe	     45	    6.0	43542.0	43153.1	 0.0144	 100.00	1338.99
    330	4007fe	     45	    8.0	43546.0	43154.3	 0.0145	 100.00	1339.11
    331	4007fe	     45	    8.0	43546.0	43155.5	 0.0144	 100.00	1339.18
    332	4007fe	     45	   12.0	43546.0	43156.6	 0.0144	 100.00	1339.30
    333	4007fe	     45	   10.0	43544.0	43157.8	 0.0144	 100.00	1339.39
    334	4007fe	     45	    8.0	43548.0	43159.0	 0.0143	 100.00	1339.51
    335	4007fe	     45	    6.0	43550.0	43160.1	 0.0143	 100.00	1339.62
    336	4007fe	     45	   10.0	43544.0	43161.3	 0.0144	 100.00	1339.74
    337	4007fe	     45	    8.0	43548.0	43162.4	 0.0143	 100.00	1339.83
    338	4007fe	     45	   14.0	43542.0	43163.5	 0.0144	 100.00	1339.94
    339	4007fe	     45	    6.0	43548.0	43164.7	 0.0144	 100.00	1340.03
    340	4007fe	     45	   10.0	43546.0	43165.8	 0.0143	 100.00	1340.13
    341	4007fe	     45	   10.0	43548.0	43166.9	 0.0143	 100.00	1340.22
    342	4007fe	     45	    8.0	43548.0	43168.0	 0.0143	 100.00	1340.32
    343	4007fe	     45	    6.0	43554.0	43169.1	 0.0142	 100.00	1340.37
    344	4007fe	     45	   12.0	43546.0	43170.2	 0.0143	 100.00	1340.47
    345	4007fe	     45	    6.0	43548.0	43171.3	 0.0142	 100.00	1340.55
    346	4007fe	     45	   12.0	43548.0	43172.4	 0.0142	 100.00	1340.65
    347	4007fe	     45	    6.0	43550.0	43173.5	 0.0141	 100.00	1340.73
    348	4007fe	     45	   10.0	43552.0	43174.6	 0.0141	 100.00	1340.83
    349	4007fe	     45	   14.0	43546.0	43175.6	 0.0142	 100.00	1340.89
    350	4007fe	     45	   10.0	43548.0	43176.7	 0.0142	 100.00	1341.00
    351	4007fe	     45	    8.0	43548.0	43177.7	 0.0141	 100.00	1341.07
    352	4007fe	     45	    8.0	43544.0	43178.8	 0.0141	 100.00	1341.19
    353	4007fe	     45	    6.0	43550.0	43179.8	 0.0141	 100.00	1341.25
    354	4007fe	     45	   12.0	43546.0	43180.9	 0.0141	 100.00	1341.37
    355	4007fe	     45	    8.0	43550.0	43181.9	 0.0140	 100.00	1341.40
    356	4007fe	     45	   12.0	43546.0	43182.9	 0.0140	 100.00	1341.48
    357	4007fe	     45	    6.0	43552.0	43183.9	 0.0140	 100.00	1341.56
    358	4007fe	     45	    8.0	43552.0	43185.0	 0.0139	 100.00	1341.65
    359	4007fe	     45	   14.0	43550.0	43186.0	 0.0140	 100.00	1341.74
    360	4007fe	     45	    8.0	43546.0	43187.0	 0.0139	 100.00	1341.80
    361	4007fe	     45	    8.0	43546.0	43188.0	 0.0139	 100.00	1341.88
    362	4007fe	     45	    8.0	43550.0	43189.0	 0.0139	 100.00	1341.96
    363	4007fe	     45	    6.0	43552.0	43190.0	 0.0138	 100.00	1342.06
    364	4007fe	     45	   16.0	43548.0	43191.0	 0.0139	 100.00	1342.14
    365	4007fe	     45	    6.0	43550.0	43191.9	 0.0138	 100.00	1342.22
    366	4007fe	     45	    8.0	43554.0	43192.9	 0.0138	 100.00	1342.26
    367	4007fe	     45	    8.0	43554.0	43193.9	 0.0138	 100.00	1342.34
    368	4007fe	     45	    8.0	43550.0	43194.9	 0.0138	 100.00	1342.42
    369	4007fe	     45	   18.0	43544.0	43195.8	 0.0140	 100.00	1342.50
    370	4007fe	     45	    8.0	43544.0	43196.7	 0.0140	 100.00	1342.57
    371	4007fe	     45	    6.0	43550.0	43197.7	 0.0140	 100.00	1342.65
    372	4007fe	     45	   12.0	43546.0	43198.6	 0.0139	 100.00	1342.71
    373	4007fe	     45	    8.0	43550.0	43199.6	 0.0139	 100.00	1342.78
    374	4007fe	     45	   12.0	43546.0	43200.5	 0.0139	 100.00	1342.86
    375	4007fe	     45	    6.0	43552.0	43201.4	 0.0139	 100.00	1342.95
    376	4007fe	     45	    8.0	43548.0	43202.4	 0.0139	 100.00	1343.02
    377	4007fe	     45	    8.0	43548.0	43203.3	 0.0138	 100.00	1343.10
    378	4007fe	     45	   10.0	43550.0	43204.2	 0.0138	 100.00	1343.19
    379	4007fe	     45	   12.0	43546.0	43205.1	 0.0138	 100.00	1343.25
    380	4007fe	     45	   10.0	43548.0	43206.0	 0.0139	 100.00	1343.31
    381	4007fe	     45	    6.0	43550.0	43206.9	 0.0139	 100.00	1343.40
    382	4007fe	     45	   12.0	43550.0	43207.8	 0.0138	 100.00	1343.45
    383	4007fe	     45	    6.0	43552.0	43208.7	 0.0138	 100.00	1343.54
    384	4007fe	     45	   12.0	43544.0	43209.5	 0.0140	 100.00	1343.55
    385	4007fe	     45	    6.0	43550.0	43210.4	 0.0139	 100.00	1343.63
    386	4007fe	     45	    8.0	43550.0	43211.3	 0.0139	 100.00	1343.69
    387	4007fe	     45	   10.0	43552.0	43212.2	 0.0139	 100.00	1343.77
    388	4007fe	     45	   10.0	43550.0	43213.0	 0.0139	 100.00	1343.82
    389	4007fe	     45	    6.0	43556.0	43213.9	 0.0138	 100.00	1343.89
    390	4007fe	     45	   16.0	43548.0	43214.8	 0.0139	 100.00	1343.90
    391	4007fe	     45	    8.0	43552.0	43215.6	 0.0138	 100.00	1343.97
    392	4007fe	     45	   10.0	43546.0	43216.5	 0.0138	 100.00	1344.04
    393	4007fe	     45	    6.0	43548.0	43217.3	 0.0137	 100.00	1344.12
    394	4007fe	     45	    8.0	43552.0	43218.2	 0.0137	 100.00	1344.18
    395	4007fe	     45	   10.0	43550.0	43219.0	 0.0137	 100.00	1344.26
    396	4007fe	     45	   12.0	43550.0	43219.8	 0.0137	 100.00	1344.30
    397	4007fe	     45	    8.0	43550.0	43220.7	 0.0137	 100.00	1344.37
    398	4007fe	     45	    8.0	43554.0	43221.5	 0.0136	 100.00	1344.41
    399	4007fe	     45	    6.0	43556.0	43222.3	 0.0136	 100.00	1344.49
    400	4007fe	     45	   14.0	43546.0	43223.2	 0.0136	 100.00	1344.54
    401	4007fe	     45	    8.0	43550.0	43224.0	 0.0136	 100.00	1344.61
    402	4007fe	     45	   10.0	43548.0	43224.8	 0.0136	 100.00	1344.64
    403	4007fe	     45	    6.0	43554.0	43225.6	 0.0135	 100.00	1344.71
    404	4007fe	     45	   10.0	43552.0	43226.4	 0.0136	 100.00	1344.87
    405	4007fe	     45	   12.0	43552.0	43227.2	 0.0136	 100.00	1344.91
    406	4007fe	     45	    8.0	43552.0	43228.0	 0.0135	 100.00	1344.94
    407	4007fe	     45	    6.0	43558.0	43228.8	 0.0135	 100.00	1345.00
    408	4007fe	     45	   10.0	43552.0	43229.6	 0.0135	 100.00	1345.02
    409	4007fe	     45	    6.0	43554.0	43230.4	 0.0134	 100.00	1345.08
    410	4007fe	     45	   22.0	43544.0	43231.1	 0.0136	 100.00	1345.13
    411	4007fe	     45	    6.0	43546.0	43231.9	 0.0136	 100.00	1345.20
    412	4007fe	     45	   10.0	43548.0	43232.7	 0.0136	 100.00	1345.24
    413	4007fe	     45	    8.0	43548.0	43233.4	 0.0136	 100.00	1345.30
    414	4007fe	     45	   10.0	43550.0	43234.2	 0.0135	 100.00	1345.32
    415	4007fe	     45	   10.0	43548.0	43235.0	 0.0135	 100.00	1345.38
    416	4007fe	     45	    8.0	43544.0	43235.7	 0.0136	 100.00	1345.41
    417	4007fe	     45	    6.0	43550.0	43236.4	 0.0136	 100.00	1345.47
    418	4007fe	     45	   10.0	43548.0	43237.2	 0.0136	 100.00	1345.51
    419	4007fe	     45	    8.0	43552.0	43237.9	 0.0136	 100.00	1345.57
    420	4007fe	     45	   16.0	43544.0	43238.7	 0.0136	 100.00	1345.59
    421	4007fe	     45	    6.0	43550.0	43239.4	 0.0136	 100.00	1345.65
    422	4007fe	     45	    8.0	43550.0	43240.1	 0.0135	 100.00	1345.70
    423	4007fe	     45	   10.0	43552.0	43240.9	 0.0135	 100.00	1345.75
    424	4007fe	     45	    8.0	43548.0	43241.6	 0.0135	 100.00	1345.77
    425	4007fe	     45	   10.0	43546.0	43242.3	 0.0135	 100.00	1345.83
    426	4007fe	     45	    8.0	43550.0	43243.0	 0.0135	 100.00	1345.84
    427	4007fe	     45	    6.0	43552.0	43243.8	 0.0134	 100.00	1345.90
    428	4007fe	     45	   14.0	43550.0	43244.5	 0.0135	 100.00	1345.94
    429	4007fe	     45	    6.0	43552.0	43245.2	 0.0135	 100.00	1346.01
    430	4007fe	     45	    8.0	43556.0	43245.9	 0.0136	 100.00	1346.05
    431	4007fe	     45	   14.0	43550.0	43246.6	 0.0137	 100.00	1346.10
    432	4007fe	     45	    8.0	43546.0	43247.3	 0.0137	 100.00	1346.13
    433	4007fe	     45	   10.0	43548.0	43248.0	 0.0137	 100.00	1346.20
    434	4007fe	     45	    8.0	43548.0	43248.7	 0.0136	 100.00	1346.25
    435	4007fe	     45	    6.0	43554.0	43249.4	 0.0136	 100.00	1346.31
    436	4007fe	     45	   14.0	43548.0	43250.1	 0.0136	 100.00	1346.36
    437	4007fe	     45	    8.0	43552.0	43250.8	 0.0136	 100.00	1346.42
    438	4007fe	     45	   10.0	43550.0	43251.4	 0.0136	 100.00	1346.43
    439	4007fe	     45	    6.0	43556.0	43252.1	 0.0136	 100.00	1346.49
    440	4007fe	     45	    8.0	43552.0	43252.8	 0.0136	 100.00	1346.55
    441	4007fe	     45	   12.0	43548.0	43253.5	 0.0137	 100.00	1346.61
    442	4007fe	     45	   10.0	43550.0	43254.1	 0.0137	 100.00	1346.66
    443	4007fe	     45	    8.0	43550.0	43254.8	 0.0136	 100.00	1346.72
    444	4007fe	     45	   10.0	43552.0	43255.5	 0.0136	 100.00	1346.75
    445	4007fe	     45	    6.0	43554.0	43256.1	 0.0136	 100.00	1346.81
    446	4007fe	     45	   14.0	43552.0	43256.8	 0.0136	 100.00	1346.86
    447	4007fe	     45	    6.0	43554.0	43257.5	 0.0136	 100.00	1346.93
    448	4007fe	     45	   10.0	43548.0	43258.1	 0.0136	 100.00	1346.97
    449	4007fe	     45	    6.0	43554.0	43258.8	 0.0136	 100.00	1347.03
    450	4007fe	     45	    8.0	43554.0	43259.4	 0.0137	 100.00	1347.05
    451	4007fe	     45	   18.0	43548.0	43260.1	 0.0138	 100.00	1347.10
    452	4007fe	     45	   10.0	43546.0	43260.7	 0.0138	 100.00	1347.15
    453	4007fe	     45	    6.0	43552.0	43261.3	 0.0138	 100.00	1347.23
    454	4007fe	     45	   10.0	43550.0	43262.0	 0.0138	 100.00	1347.26
    455	4007fe	     45	    8.0	43554.0	43262.6	 0.0137	 100.00	1347.32
    456	4007fe	     45	   12.0	43546.0	43263.2	 0.0137	 100.00	1347.31
    457	4007fe	     45	    6.0	43548.0	43263.9	 0.0137	 100.00	1347.34
    458	4007fe	     45	    8.0	43552.0	43264.5	 0.0136	 100.00	1347.38
    459	4007fe	     45	    8.0	43552.0	43265.1	 0.0136	 100.00	1347.41
    460	4007fe	     45	   12.0	43552.0	43265.7	 0.0136	 100.00	1347.44
    461	4007fe	     45	   12.0	43548.0	43266.3	 0.0136	 100.00	1347.46
    462	4007fe	     45	    8.0	43552.0	43267.0	 0.0136	 100.00	1347.49
    463	4007fe	     45	    6.0	43554.0	43267.6	 0.0136	 100.00	1347.53
    464	4007fe	     45	   10.0	43548.0	43268.2	 0.0136	 100.00	1347.56
    465	4007fe	     45	    8.0	43552.0	43268.8	 0.0136	 100.00	1347.59
    466	4007fe	     45	   12.0	43548.0	43269.4	 0.0136	 100.00	1347.63
    467	4007fe	     45	    6.0	43554.0	43270.0	 0.0135	 100.00	1347.64
    468	4007fe	     45	   10.0	43552.0	43270.6	 0.0135	 100.00	1347.68
    469	4007fe	     45	   10.0	43554.0	43271.2	 0.0136	 100.00	1347.73
    470	4007fe	     45	    8.0	43554.0	43271.8	 0.0136	 100.00	1347.76
    471	4007fe	     45	    6.0	43560.0	43272.4	 0.0136	 100.00	1347.79
    472	4007fe	     45	   16.0	43548.0	43273.0	 0.0137	 100.00	1347.82
    473	4007fe	     45	    6.0	43550.0	43273.6	 0.0137	 100.00	1347.79
    474	4007fe	     45	   12.0	43550.0	43274.2	 0.0136	 100.00	1347.83
    475	4007fe	     45	    6.0	43552.0	43274.7	 0.0136	 100.00	1347.84
    476	4007fe	     45	   10.0	43554.0	43275.3	 0.0136	 100.00	1347.88
    477	4007fe	     45	   10.0	43552.0	43275.9	 0.0136	 100.00	1347.89
    478	4007fe	     45	   10.0	43554.0	43276.5	 0.0135	 100.00	1347.93
    479	4007fe	     45	    8.0	43554.0	43277.1	 0.0135	 100.00	1347.97
    480	4007fe	     45	    8.0	43550.0	43277.6	 0.0135	 100.00	1348.01
    481	4007fe	     45	    6.0	43556.0	43278.2	 0.0135	 100.00	1348.00
    482	4007fe	     45	   14.0	43550.0	43278.8	 0.0135	 100.00	1348.04
    483	4007fe	     45	    8.0	43554.0	43279.3	 0.0134	 100.00	1348.07
    484	4007fe	     45	   12.0	43550.0	43279.9	 0.0134	 100.00	1348.11
    485	4007fe	     45	    6.0	43556.0	43280.5	 0.0134	 100.00	1348.12
    486	4007fe	     45	    8.0	43556.0	43281.0	 0.0134	 100.00	1348.15
    487	4007fe	     45	   12.0	43556.0	43281.6	 0.0134	 100.00	1348.18
    488	4007fe	     45	    8.0	43552.0	43282.2	 0.0134	 100.00	1348.22
    489	4007fe	     45	    8.0	43552.0	43282.7	 0.0134	 100.00	1348.24
    490	4007fe	     45	    8.0	43556.0	43283.3	 0.0133	 100.00	1348.27
    491	4007fe	     45	    6.0	43558.0	43283.8	 0.0134	 100.00	1348.28
    492	4007fe	     45	   26.0	43544.0	43284.3	 0.0137	 100.00	1348.32
    493	4007fe	     45	    6.0	43546.0	43284.9	 0.0136	 100.00	1348.35
    494	4007fe	     45	    8.0	43550.0	43285.4	 0.0136	 100.00	1348.33
    495	4007fe	     45	    8.0	 1295.0	43200.8	 0.0136	 100.00	1348.44
    496	4007fe	     45	    8.0	 1291.0	43116.4	 0.0136	 100.00	1348.57
    497	4007fe	     45	   12.0	   12.0	43029.9	 0.0136	 100.00	1348.69
    498	4007fe	     45	    8.0	    3.0	42943.6	 0.0136	 100.00	1348.28
    499	4007fe	     45	    6.0	    0.0	42857.8	 0.0136	 +99.80	1349.48
    500	4007fe	     45	   12.0	   12.0	42772.2	 0.0135	  99.80	1348.89
    501	4007fe	     45	    8.0	    7.0	42687.1	 0.0135	  99.80	1349.10
    502	4007fe	     45	   14.0	    4.0	42602.2	 0.0136	  99.80	1348.77
    503	4007fe	     45	    6.0	    4.0	42517.7	 0.0136	  99.80	1347.96
    504	4007fe	     45	    8.0	    0.0	42433.5	 0.0136	 +99.60	1349.55
    505	4007fe	     45	    8.0	    8.0	42349.6	 0.0136	  99.60	1348.88
    506	4007fe	     45	   10.0	   11.0	42266.1	 0.0135	  99.61	1348.49
    507	4007fe	     45	   10.0	    1.0	42182.9	 0.0136	  99.61	1348.10
    508	4007fe	     45	   10.0	    2.0	42100.1	 0.0136	  99.61	1347.72
    509	4007fe	     45	    6.0	    6.0	42017.5	 0.0136	  99.61	1347.29
    510	4007fe	     45	   12.0	    1.0	41935.3	 0.0136	  99.61	1346.55
    511	4007fe	     45	    6.0	    5.0	41853.4	 0.0136	  99.61	1345.87
    512	4007fe	     45	   16.0	    6.0	41771.8	 0.0138	  99.61	1345.19
    513	4007fe	     45	    6.0	    5.0	41690.6	 0.0137	  99.61	1344.48
    514	4007fe	     45	    8.0	    0.0	41609.6	 0.0137	 +99.42	1346.00
    515	4007fe	     45	   10.0	   10.0	41529.0	 0.0137	  99.42	1345.41
    516	4007fe	     45	   10.0	   10.0	41448.7	 0.0136	  99.42	1345.36
    517	4007fe	     45	    6.0	    1.0	41368.7	 0.0137	  99.42	1345.07
    518	4007fe	     45	   12.0	    1.0	41289.0	 0.0136	  99.42	1344.28
    519	4007fe	     45	    8.0	    0.0	41209.6	 0.0136	 +99.23	1345.73
    520	4007fe	     45	   10.0	   10.0	41130.5	 0.0136	  99.23	1345.07
    521	4007fe	     45	    6.0	    8.0	41051.7	 0.0136	  99.23	1344.41
    522	4007fe	     45	    8.0	    0.0	40973.2	 0.0136	 +99.04	1345.97
    523	4007fe	     45	   12.0	   12.0	40895.0	 0.0136	  99.05	1345.30
    524	4007fe	     45	   12.0	   15.0	40817.2	 0.0136	  99.05	1344.73
    525	4007fe	     45	    8.0	    0.0	40739.6	 0.0136	 +98.86	1346.49
    526	4007fe	     45	    8.0	    8.0	40662.3	 0.0136	  98.86	1345.90
    527	4007fe	     45	    6.0	    6.0	40585.3	 0.0135	  98.86	1345.84
    528	4007fe	     45	   12.0	    2.0	40508.6	 0.0136	  98.87	1345.80
    529	4007fe	     45	    8.0	    4.0	40432.2	 0.0136	  98.87	1345.63
    530	4007fe	     45	   10.0	    0.0	40356.0	 0.0135	 +98.68	1347.02
    531	4007fe	     45	    6.0	    6.0	40280.2	 0.0135	  98.68	1346.44
    532	4007fe	     45	   10.0	   10.0	40204.6	 0.0135	  98.69	1346.39
    533	4007fe	     45	   18.0	    6.0	40129.3	 0.0136	  98.69	1346.16
    534	4007fe	     45	    8.0	    4.0	40054.3	 0.0136	  98.69	1345.39
    535	4007fe	     45	    6.0	    0.0	39979.6	 0.0136	 +98.51	1346.86
    536	4007fe	     45	   10.0	   10.0	39905.2	 0.0135	  98.51	1346.28
    537	4007fe	     45	    6.0	    6.0	39831.0	 0.0135	  98.51	1345.84
    538	4007fe	     45	   14.0	    1.0	39757.1	 0.0135	  98.52	1345.46
    539	4007fe	     45	    6.0	    1.0	39683.5	 0.0135	  98.52	1344.42
    540	4007fe	     45	   10.0	    4.0	39610.1	 0.0136	  98.52	1343.11
    541	4007fe	     45	    8.0	    7.0	39537.1	 0.0136	  98.52	1341.73
    542	4007fe	     45	   10.0	    1.0	39464.3	 0.0136	  98.53	1340.45
    543	4007fe	     45	   12.0	    4.0	39391.7	 0.0137	  98.53	1339.34
    544	4007fe	     45	    8.0	    9.0	39319.5	 0.0139	  98.53	1338.46
    545	4007fe	     45	    6.0	    2.0	39247.5	 0.0139	  98.53	1337.57
    546	4007fe	     45	   10.0	    1.0	39175.7	 0.0138	  98.54	1336.25
    547	4007fe	     45	    8.0	    9.0	39104.2	 0.0138	  98.54	1336.00
    548	4007fe	     45	   14.0	   13.0	39033.0	 0.0138	  98.54	1335.90
    549	4007fe	     45	    6.0	    1.0	38962.1	 0.0138	  98.55	1335.02
    550	4007fe	     45	    8.0	    9.0	38891.4	 0.0138	  98.55	1334.80
    551	4007fe	     45	   10.0	   10.0	38820.9	 0.0138	  98.55	1334.73
    552	4007fe	     45	    8.0	    1.0	38750.7	 0.0138	  98.55	1334.08
    553	4007fe	     45	   14.0	    7.0	38680.8	 0.0139	  98.56	1333.44
    554	4007fe	     45	    8.0	    9.0	38611.1	 0.0138	  98.56	1333.41
    555	4007fe	     45	    6.0	    9.0	38541.7	 0.0138	  98.56	1333.30
    556	4007fe	     45	   14.0	    0.0	38472.5	 0.0138	 +98.38	1334.53
    557	4007fe	     45	    6.0	    6.0	38403.6	 0.0138	  98.39	1333.85
    558	4007fe	     45	    8.0	    8.0	38334.9	 0.0138	  98.39	1333.79
    559	4007fe	     45	   10.0	   10.0	38266.4	 0.0138	  98.39	1333.70
    560	4007fe	     45	    8.0	    9.0	38198.2	 0.0139	  98.40	1333.63
    561	4007fe	     45	   10.0	    1.0	38130.3	 0.0138	  98.40	1333.04
    562	4007fe	     45	    8.0	    0.0	38062.5	 0.0138	 +98.22	1334.40
    563	4007fe	     45	    6.0	    6.0	37995.1	 0.0138	  98.23	1333.84
    564	4007fe	     45	   16.0	   16.0	37927.9	 0.0139	  98.23	1333.82
    565	4007fe	     45	    8.0	    4.0	37860.8	 0.0139	  98.23	1333.65
    566	4007fe	     45	   10.0	    0.0	37794.1	 0.0138	 +98.06	1334.95
    567	4007fe	     45	    6.0	    6.0	37727.5	 0.0138	  98.06	1334.36
    568	4007fe	     45	    8.0	    8.0	37661.3	 0.0138	  98.07	1334.34
    569	4007fe	     45	   10.0	    5.0	37595.2	 0.0139	  98.07	1334.08
    570	4007fe	     45	   10.0	    2.0	37529.4	 0.0139	  98.07	1333.51
    571	4007fe	     45	    8.0	    0.0	37463.7	 0.0138	 +97.90	1334.83
    572	4007fe	     45	   10.0	   10.0	37398.4	 0.0139	  97.91	1334.25
    573	4007fe	     45	    6.0	    6.0	37333.2	 0.0139	  97.91	1334.08
    574	4007fe	     45	   22.0	   10.0	37268.3	 0.0142	  97.91	1334.05
    575	4007fe	     45	    6.0	   10.0	37203.6	 0.0142	  97.92	1333.39
    576	4007fe	     45	   10.0	    1.0	37139.2	 0.0142	  97.92	1332.82
    577	4007fe	     45	    6.0	    1.0	37074.9	 0.0142	  97.92	1332.28
    578	4007fe	     45	    8.0	    0.0	37010.9	 0.0142	 +97.75	1333.61
    579	4007fe	     45	   12.0	   12.0	36947.1	 0.0141	  97.76	1333.09
    580	4007fe	     45	   10.0	   10.0	36883.5	 0.0141	  97.76	1333.07
    581	4007fe	     45	    6.0	    0.0	36820.1	 0.0141	 +97.59	1334.71
    582	4007fe	     45	   10.0	   10.0	36757.0	 0.0141	  97.60	1334.19
    583	4007fe	     45	    8.0	   10.0	36694.1	 0.0141	  97.60	1334.15
    584	4007fe	     45	   14.0	    2.0	36631.4	 0.0141	  97.61	1333.99
    585	4007fe	     45	    6.0	    2.0	36568.8	 0.0141	  97.61	1333.35
    586	4007fe	     45	    8.0	    0.0	36506.6	 0.0140	 +97.44	1334.71
    587	4007fe	     45	    8.0	    8.0	36444.5	 0.0140	  97.45	1334.20
    588	4007fe	     45	   12.0	   13.0	36382.6	 0.0140	  97.45	1334.16
    589	4007fe	     45	   10.0	    1.0	36321.0	 0.0140	  97.46	1334.04
    590	4007fe	     45	    8.0	    0.0	36259.5	 0.0140	 +97.29	1335.23
    591	4007fe	     45	    6.0	    6.0	36198.3	 0.0140	  97.30	1334.72
    592	4007fe	     45	   10.0	   10.0	36137.2	 0.0139	  97.30	1334.66
    593	4007fe	     45	    8.0	    0.0	36076.4	 0.0139	 +97.14	1336.28
    594	4007fe	     45	   16.0	   16.0	36015.8	 0.0139	  97.14	1335.75
    595	4007fe	     45	    6.0	    6.0	35955.4	 0.0139	  97.15	1335.71
    596	4007fe	     45	   10.0	    1.0	35895.2	 0.0139	  97.15	1335.64
    597	4007fe	     45	   10.0	    2.0	35835.1	 0.0138	  97.16	1334.89
    598	4007fe	     45	    8.0	    0.0	35775.3	 0.0138	 +96.99	1336.27
    599	4007fe	     45	    6.0	    6.0	35715.7	 0.0138	  97.00	1335.72
    600	4007fe	     45	   12.0	   11.0	35656.3	 0.0139	  97.00	1335.40
    601	4007fe	     45	    6.0	    2.0	35597.1	 0.0139	  97.01	1335.10
    602	4007fe	     45	   12.0	    0.0	35538.0	 0.0138	 +96.85	1336.58
    603	4007fe	     45	    6.0	    6.0	35479.2	 0.0138	  96.85	1336.08
    604	4007fe	     45	   10.0	   10.0	35420.6	 0.0140	  96.86	1336.06
    605	4007fe	     45	   12.0	    4.0	35362.1	 0.0140	  96.86	1336.02
    606	4007fe	     45	   10.0	    1.0	35303.9	 0.0140	  96.87	1335.49
    607	4007fe	     45	    8.0	    1.0	35245.8	 0.0140	  96.88	1335.01
    608	4007fe	     45	    8.0	    5.0	35187.9	 0.0141	  96.88	1334.44
    609	4007fe	     45	    6.0	    3.0	35130.3	 0.0141	  96.89	1333.93
    610	4007fe	     45	   12.0	    0.0	35072.8	 0.0141	 +96.73	1335.25
    611	4007fe	     45	    8.0	    8.0	35015.5	 0.0141	  96.73	1334.76
    612	4007fe	     45	   12.0	   12.0	34958.4	 0.0140	  96.74	1334.73
    613	4007fe	     45	    6.0	    0.0	34901.4	 0.0140	 +96.58	1336.33
    614	4007fe	     45	    8.0	    8.0	34844.7	 0.0140	  96.59	1335.80
    615	4007fe	     45	   18.0	   18.0	34788.2	 0.0141	  96.59	1335.78
    616	4007fe	     45	    8.0	    6.0	34731.8	 0.0141	  96.60	1335.58
    617	4007fe	     45	    8.0	    6.0	34675.6	 0.0141	  96.60	1335.05
    618	4007fe	     45	    8.0	    0.0	34619.6	 0.0141	 +96.45	1336.26
    619	4007fe	     45	    6.0	    6.0	34563.7	 0.0140	  96.45	1335.73
    620	4007fe	     45	   16.0	   16.0	34508.1	 0.0141	  96.46	1335.56
    621	4007fe	     45	    6.0	    6.0	34452.6	 0.0140	  96.46	1335.54
    622	4007fe	     45	    8.0	    0.0	34397.3	 0.0140	 +96.31	1336.68
    623	4007fe	     45	    8.0	    8.0	34342.2	 0.0140	  96.31	1336.19
    624	4007fe	     45	    8.0	    9.0	34287.3	 0.0140	  96.32	1336.16
    625	4007fe	     45	   14.0	    8.0	34232.5	 0.0141	  96.33	1336.02
    626	4007fe	     45	    8.0	    4.0	34177.9	 0.0141	  96.33	1335.37
    627	4007fe	     45	    6.0	    0.0	34123.5	 0.0141	 +96.18	1336.63
    628	4007fe	     45	   12.0	   12.0	34069.3	 0.0140	  96.18	1336.15
    629	4007fe	     45	    8.0	    8.0	34015.2	 0.0140	  96.19	1336.12
    630	4007fe	     45	   12.0	    2.0	33961.3	 0.0141	  96.20	1335.98
    631	4007fe	     45	    6.0	    2.0	33907.6	 0.0141	  96.20	1335.41
    632	4007fe	     45	    8.0	    1.0	33854.0	 0.0141	  96.21	1334.90
    633	4007fe	     45	    8.0	    2.0	33800.6	 0.0140	  96.21	1334.39
    634	4007fe	     45	   10.0	    2.0	33747.4	 0.0141	  96.22	1333.91
    635	4007fe	     45	   14.0	    8.0	33694.4	 0.0141	  96.23	1333.43
    636	4007fe	     45	   10.0	    2.0	33641.5	 0.0141	  96.23	1332.92
    637	4007fe	     45	    6.0	    0.0	33588.7	 0.0140	 +96.08	1334.16
    638	4007fe	     45	   12.0	   12.0	33536.2	 0.0140	  96.09	1333.68
    639	4007fe	     45	    6.0	    7.0	33483.8	 0.0140	  96.09	1333.66
    640	4007fe	     45	   12.0	    3.0	33431.6	 0.0141	  96.10	1333.47
    641	4007fe	     45	    6.0	    3.0	33379.5	 0.0141	  96.11	1332.88
    642	4007fe	     45	    8.0	    0.0	33327.6	 0.0141	 +95.96	1334.10
    643	4007fe	     45	   10.0	   10.0	33275.8	 0.0140	  95.96	1333.59
    644	4007fe	     45	   10.0	   10.0	33224.3	 0.0140	  95.97	1333.29
    645	4007fe	     45	    6.0	    3.0	33172.8	 0.0140	  95.98	1333.01
    646	4007fe	     45	   14.0	    2.0	33121.6	 0.0141	  95.98	1332.74
    647	4007fe	     45	    8.0	    2.0	33070.5	 0.0140	  95.99	1332.37
    648	4007fe	     45	   10.0	    0.0	33019.5	 0.0140	 +95.84	1333.52
    649	4007fe	     45	    6.0	    6.0	32968.7	 0.0140	  95.85	1333.02
    650	4007fe	     45	    8.0	    7.0	32918.1	 0.0140	  95.85	1332.96
    651	4007fe	     45	   10.0	    2.0	32867.6	 0.0141	  95.86	1332.88
    652	4007fe	     45	   12.0	    3.0	32817.3	 0.0141	  95.87	1332.29
    653	4007fe	     45	    8.0	    1.0	32767.1	 0.0140	  95.87	1331.83
    654	4007fe	     45	    8.0	    1.0	32717.1	 0.0141	  95.88	1331.35
    655	4007fe	     45	    6.0	    2.0	32667.2	 0.0141	  95.88	1330.90
    656	4007fe	     45	   26.0	   16.0	32617.5	 0.0145	  95.89	1330.40
    657	4007fe	     45	    8.0	   17.0	32568.0	 0.0145	  95.90	1329.91
    658	4007fe	     45	   10.0	    0.0	32518.5	 0.0145	 +95.75	1331.07
    659	4007fe	     45	    6.0	    6.0	32469.3	 0.0144	  95.76	1330.57
    660	4007fe	     45	   10.0	   10.0	32420.2	 0.0145	  95.76	1330.14
    661	4007fe	     45	   12.0	    4.0	32371.2	 0.0145	  95.77	1329.74
    662	4007fe	     45	    8.0	    2.0	32322.4	 0.0145	  95.78	1329.35
    663	4007fe	     45	    6.0	    1.0	32273.7	 0.0145	  95.78	1329.21
    664	4007fe	     45	   10.0	    5.0	32225.2	 0.0146	  95.79	1328.96
    665	4007fe	     45	    6.0	    5.0	32176.8	 0.0146	  95.80	1329.14
    666	4007fe	     45	   16.0	    8.0	32128.6	 0.0146	  95.80	1329.33
    667	4007fe	     45	    6.0	    0.0	32080.5	 0.0145	 +95.66	1330.88
    668	4007fe	     45	   10.0	   10.0	32032.5	 0.0145	  95.67	1330.48
    669	4007fe	     45	    8.0	    8.0	31984.7	 0.0145	  95.67	1330.49
    670	4007fe	     45	   10.0	    1.0	31937.1	 0.0145	  95.68	1329.92
    671	4007fe	     45	   10.0	    1.0	31889.6	 0.0145	  95.68	1329.07
    672	4007fe	     45	    8.0	    0.0	31842.2	 0.0145	 +95.54	1329.95
    673	4007fe	     45	    6.0	    6.0	31794.9	 0.0145	  95.55	1329.40
    674	4007fe	     45	   10.0	   10.0	31747.8	 0.0144	  95.56	1328.76
    675	4007fe	     45	    8.0	    0.0	31700.9	 0.0144	 +95.41	1329.72
    676	4007fe	     45	   18.0	   18.0	31654.1	 0.0144	  95.42	1329.11
    677	4007fe	     45	    6.0	    6.0	31607.4	 0.0144	  95.43	1328.56
    678	4007fe	     45	    8.0	    0.0	31560.9	 0.0143	 +95.29	1329.57
    679	4007fe	     45	   10.0	   10.0	31514.5	 0.0143	  95.29	1329.01
    680	4007fe	     45	    8.0	    8.0	31468.2	 0.0143	  95.30	1328.59
    681	4007fe	     45	   10.0	    9.0	31422.1	 0.0143	  95.31	1328.44
    682	4007fe	     45	    8.0	   11.0	31376.1	 0.0143	  95.31	1328.28
    683	4007fe	     45	    6.0	    7.0	31330.2	 0.0143	  95.32	1328.23
    684	4007fe	     45	   14.0	    2.0	31284.5	 0.0143	  95.33	1327.40
    685	4007fe	     45	    6.0	    2.0	31238.9	 0.0143	  95.34	1326.48
    686	4007fe	     45	    8.0	    1.0	31193.4	 0.0143	  95.34	1325.69
    687	4007fe	     45	   12.0	    3.0	31148.1	 0.0144	  95.35	1324.78
    688	4007fe	     45	    8.0	   11.0	31102.9	 0.0144	  95.36	1323.73
    689	4007fe	     45	   10.0	    1.0	31057.8	 0.0144	  95.36	1322.81
    690	4007fe	     45	    8.0	    1.0	31012.9	 0.0144	  95.37	1322.15
    691	4007fe	     45	    6.0	    0.0	30968.0	 0.0144	 +95.23	1323.04
    692	4007fe	     45	   14.0	   14.0	30923.4	 0.0144	  95.24	1322.55
    693	4007fe	     45	    8.0	    8.0	30878.8	 0.0144	  95.24	1322.52
    694	4007fe	     45	   10.0	    0.0	30834.4	 0.0143	 +95.11	1323.91
    695	4007fe	     45	    6.0	    6.0	30790.1	 0.0143	  95.11	1323.46
    696	4007fe	     45	    8.0	    8.0	30745.9	 0.0144	  95.12	1323.00
    697	4007fe	     45	   16.0	    6.0	30701.9	 0.0145	  95.13	1322.64
    698	4007fe	     45	   10.0	    4.0	30658.0	 0.0145	  95.14	1322.26
    699	4007fe	     45	    8.0	    0.0	30614.2	 0.0145	 +95.00	1323.39
    700	4007fe	     45	   10.0	   10.0	30570.5	 0.0145	  95.01	1322.83
    701	4007fe	     45	    6.0	    6.0	30527.0	 0.0145	  95.01	1322.39
    702	4007fe	     45	   14.0	    3.0	30483.6	 0.0145	  95.02	1322.26
    703	4007fe	     45	    6.0	    2.0	30440.3	 0.0145	  95.03	1322.01
    704	4007fe	     45	   10.0	    3.0	30397.1	 0.0145	  95.04	1321.31
    705	4007fe	     45	    6.0	    3.0	30354.0	 0.0145	  95.04	1320.64
    706	4007fe	     45	    8.0	    0.0	30311.1	 0.0145	 +94.91	1321.49
    707	4007fe	     45	   14.0	   14.0	30268.3	 0.0145	  94.92	1321.02
    708	4007fe	     45	   10.0	   10.0	30225.6	 0.0145	  94.92	1320.99
    709	4007fe	     45	    6.0	    0.0	30183.1	 0.0144	 +94.79	1322.35
    710	4007fe	     45	   10.0	   10.0	30140.6	 0.0144	  94.80	1321.90
    711	4007fe	     45	    8.0	    8.0	30098.3	 0.0144	  94.80	1321.47
    712	4007fe	     45	   12.0	    0.0	30056.1	 0.0144	 +94.67	1322.50
    713	4007fe	     45	    6.0	    6.0	30014.0	 0.0144	  94.68	1321.98
    714	4007fe	     45	    8.0	    8.0	29972.0	 0.0143	  94.69	1321.50
    715	4007fe	     45	    8.0	    0.0	29930.2	 0.0143	 +94.55	1322.56
    716	4007fe	     45	   12.0	   12.0	29888.5	 0.0143	  94.56	1322.05
    717	4007fe	     45	   14.0	   14.0	29846.9	 0.0143	  94.57	1321.64
    718	4007fe	     45	    8.0	    2.0	29805.3	 0.0143	  94.58	1321.29
    719	4007fe	     45	    6.0	    0.0	29763.9	 0.0143	 +94.44	1322.59
    720	4007fe	     45	   10.0	   10.0	29722.7	 0.0143	  94.45	1322.16
    721	4007fe	     45	    8.0	    8.0	29681.5	 0.0143	  94.46	1321.91
    722	4007fe	     45	   12.0	    6.0	29640.5	 0.0143	  94.47	1321.48
    723	4007fe	     45	    6.0	    1.0	29599.5	 0.0143	  94.48	1320.59
    724	4007fe	     45	   10.0	    2.0	29558.7	 0.0143	  94.48	1319.77
    725	4007fe	     45	   10.0	    8.0	29518.0	 0.0142	  94.49	1319.69
    726	4007fe	     45	    8.0	    8.0	29477.4	 0.0142	  94.50	1319.67
    727	4007fe	     45	    6.0	    0.0	29436.9	 0.0142	 +94.37	1320.56
    728	4007fe	     45	   14.0	   14.0	29396.6	 0.0142	  94.38	1320.12
    729	4007fe	     45	    6.0	    6.0	29356.3	 0.0142	  94.38	1320.09
    730	4007fe	     45	   12.0	    0.0	29316.1	 0.0141	 +94.25	1320.86
    731	4007fe	     45	    6.0	    6.0	29276.1	 0.0141	  94.26	1320.38
    732	4007fe	     45	   10.0	   10.0	29236.2	 0.0142	  94.27	1320.36
    733	4007fe	     45	   10.0	    4.0	29196.4	 0.0141	  94.28	1319.56
    734	4007fe	     45	   10.0	    1.0	29156.6	 0.0141	  94.29	1318.72
    735	4007fe	     45	    8.0	    5.0	29117.0	 0.0141	  94.29	1317.93
    736	4007fe	     45	    8.0	    3.0	29077.5	 0.0141	  94.30	1317.13
    737	4007fe	     45	    6.0	    5.0	29038.1	 0.0141	  94.31	1316.35
    738	4007fe	     45	   20.0	   17.0	28998.9	 0.0143	  94.32	1316.29
    739	4007fe	     45	    8.0	   13.0	28959.7	 0.0143	  94.32	1316.25
    740	4007fe	     45	   12.0	    0.0	28920.6	 0.0142	 +94.20	1317.15
    741	4007fe	     45	    6.0	    6.0	28881.6	 0.0142	  94.20	1316.70
    742	4007fe	     45	    8.0	    8.0	28842.8	 0.0142	  94.21	1316.60
    743	4007fe	     45	   12.0	    0.0	28804.0	 0.0142	 +94.09	1317.48
    744	4007fe	     45	    8.0	    8.0	28765.4	 0.0142	  94.09	1317.08
    745	4007fe	     45	    8.0	    8.0	28726.8	 0.0141	  94.10	1316.85
    746	4007fe	     45	    8.0	    0.0	28688.4	 0.0141	 +93.98	1317.63
    747	4007fe	     45	    6.0	    6.0	28650.0	 0.0141	  93.98	1317.22
    748	4007fe	     45	   18.0	   18.0	28611.8	 0.0141	  93.99	1316.99
    749	4007fe	     45	    6.0	    1.0	28573.6	 0.0141	  94.00	1316.37
    750	4007fe	     45	    8.0	    1.0	28535.6	 0.0141	  94.01	1315.77
    751	4007fe	     45	    8.0	    1.0	28497.6	 0.0141	  94.02	1315.18
    752	4007fe	     45	    8.0	    0.0	28459.8	 0.0141	 +93.89	1316.09
    753	4007fe	     45	   12.0	   12.0	28422.1	 0.0140	  93.90	1315.61
    754	4007fe	     45	    8.0	    6.0	28384.4	 0.0140	  93.91	1315.07
    755	4007fe	     45	    6.0	   12.0	28346.9	 0.0140	  93.92	1314.52
