./asc:main.c:294: warning: auxv random bytes were not cleared
  Round	    PC	Excited	Hamming	   Loss	 Regret	    MSE	  Error	   MIPS
      0	400144	     46	42309.0	42309.0	42309.0	 0.1271	 100.00	  46.05
      1	400848	     46	 1211.0	43514.0	21757.0	 0.1181	 100.00	 203.47
      2	400848	     46	    9.0	43515.0	14505.0	 0.0859	 100.00	 326.47
      3	400848	     46	   11.0	43516.0	10879.0	 0.0671	 100.00	 415.11
      4	400848	     46	   10.0	43514.0	17406.0	 0.0609	 100.00	 484.95
      5	400848	     46	    7.0	43521.0	21758.5	 0.0507	 100.00	 548.44
      6	400848	     46	   13.0	43516.0	24866.7	 0.0438	 100.00	 606.34
      7	400848	     46	    9.0	43521.0	27198.5	 0.0383	 100.00	 657.77
      8	400848	     46	   11.0	43514.0	29011.3	 0.0341	 100.00	 701.82
      9	400848	     46	    6.0	43516.0	30461.8	 0.0308	 100.00	 741.65
     10	400848	     46	    8.0	43520.0	31648.9	 0.0322	 100.00	 776.45
     11	400848	     46	   12.0	43516.0	32637.8	 0.0328	 100.00	 808.20
     12	400848	     46	   13.0	43517.0	33474.7	 0.0324	 100.00	 835.82
     13	400848	     46	    8.0	43517.0	34192.0	 0.0301	 100.00	 861.98
     14	400848	     46	    8.0	43521.0	34813.9	 0.0299	 100.00	 884.77
     15	400848	     46	    6.0	43523.0	35358.2	 0.0280	 100.00	 906.58
     16	400848	     46	   13.0	43514.0	35838.0	 0.0270	 100.00	 925.76
     17	400848	     46	    9.0	43519.0	36264.7	 0.0255	 100.00	 944.24
     18	400848	     46	   11.0	43516.0	36646.4	 0.0253	 100.00	 960.45
     19	400848	     46	    7.0	43523.0	36990.2	 0.0241	 100.00	 976.52
     20	400848	     46	   10.0	43521.0	37301.2	 0.0230	 100.00	 990.15
     21	400848	     46	   17.0	43516.0	37583.7	 0.0272	 100.00	1004.03
     22	400848	     46	    9.0	43517.0	37841.7	 0.0270	 100.00	1016.21
     23	400848	     46	    7.0	43522.0	38078.3	 0.0285	 100.00	1027.35
     24	400848	     46	   11.0	43517.0	38295.9	 0.0311	 100.00	1038.17
     25	400848	     46	    6.0	43519.0	38496.8	 0.0299	 100.00	1049.00
     26	400848	     46	   14.0	43517.0	38682.7	 0.0317	 100.00	1058.48
     27	400848	     46	    6.0	43519.0	38855.4	 0.0306	 100.00	1068.24
     28	400848	     46	   11.0	43520.0	39016.3	 0.0314	 100.00	1076.65
     29	400848	     46	    8.0	43520.0	39166.4	 0.0320	 100.00	1085.26
     30	400848	     46	   10.0	43522.0	39306.9	 0.0313	 100.00	1092.67
     31	400848	     46	   12.0	43518.0	39438.5	 0.0311	 100.00	1100.33
     32	400848	     46	    9.0	43515.0	39562.0	 0.0312	 100.00	1107.15
     33	400848	     46	    7.0	43520.0	39678.4	 0.0303	 100.00	1113.97
     34	400848	     46	   11.0	43519.0	39788.2	 0.0294	 100.00	1119.85
     35	400848	     46	    9.0	43522.0	39891.9	 0.0286	 100.00	1126.35
     36	400848	     46	   14.0	43516.0	39989.8	 0.0284	 100.00	1132.00
     37	400848	     46	    7.0	43523.0	40082.8	 0.0288	 100.00	1137.68
     38	400848	     46	    9.0	43522.0	40171.0	 0.0286	 100.00	1142.74
     39	400848	     46	   11.0	43525.0	40254.8	 0.0284	 100.00	1147.94
     40	400848	     46	    9.0	43520.0	40334.5	 0.0292	 100.00	1152.60
     41	400848	     46	   16.0	43512.0	40410.1	 0.0304	 100.00	1157.48
     42	400848	     46	    8.0	43516.0	40482.4	 0.0300	 100.00	1161.71
     43	400848	     46	    6.0	43518.0	40551.4	 0.0293	 100.00	1166.22
     44	400848	     46	   15.0	43517.0	40617.3	 0.0287	 100.00	1170.23
     45	400848	     46	    6.0	43519.0	40680.3	 0.0281	 100.00	1174.29
     46	400848	     46	    8.0	43523.0	40740.8	 0.0278	 100.00	1178.09
     47	400848	     46	   10.0	43521.0	40798.8	 0.0275	 100.00	1181.89
     48	400848	     46	    9.0	43516.0	40854.2	 0.0273	 100.00	1185.33
     49	400848	     46	   11.0	43519.0	40907.5	 0.0274	 100.00	1188.81
     50	400848	     46	    9.0	43518.0	40958.7	 0.0272	 100.00	1192.09
     51	400848	     46	    7.0	43525.0	41008.0	 0.0269	 100.00	1195.24
     52	400848	     46	   16.0	43517.0	41055.4	 0.0280	 100.00	1198.31
     53	400848	     46	    9.0	43520.0	41101.0	 0.0275	 100.00	1201.39
     54	400848	     46	   11.0	43519.0	41145.0	 0.0275	 100.00	1204.30
     55	400848	     46	    7.0	43524.0	41187.5	 0.0270	 100.00	1207.13
     56	400848	     46	    9.0	43521.0	41228.4	 0.0265	 100.00	1209.85
     57	400848	     46	   10.0	43519.0	41267.9	 0.0261	 100.00	1212.54
     58	400848	     46	   10.0	43521.0	41306.1	 0.0256	 100.00	1215.02
     59	400848	     46	    8.0	43521.0	41343.0	 0.0252	 100.00	1217.51
     60	400848	     46	   11.0	43522.0	41378.7	 0.0250	 100.00	1219.95
     61	400848	     46	    6.0	43524.0	41413.3	 0.0246	 100.00	1222.23
     62	400848	     46	   18.0	43518.0	41446.7	 0.0250	 100.00	1224.20
     63	400848	     46	    6.0	43520.0	41479.1	 0.0246	 100.00	1226.76
     64	400848	     46	   11.0	43515.0	41510.4	 0.0255	 100.00	1228.87
     65	400848	     46	    7.0	43520.0	41540.9	 0.0252	 100.00	1230.74
     66	400848	     46	    9.0	43521.0	41570.4	 0.0252	 100.00	1232.82
     67	400848	     46	   13.0	43520.0	41599.1	 0.0251	 100.00	1234.97
     68	400848	     46	   10.0	43518.0	41626.9	 0.0247	 100.00	1236.84
     69	400848	     46	    7.0	43525.0	41654.0	 0.0244	 100.00	1238.81
     70	400848	     46	   11.0	43522.0	41680.4	 0.0240	 100.00	1240.63
     71	400848	     46	    9.0	43527.0	41706.0	 0.0237	 100.00	1242.41
     72	400848	     46	   15.0	43516.0	41730.8	 0.0242	 100.00	1244.15
     73	400848	     46	    6.0	43518.0	41754.9	 0.0238	 100.00	1245.88
     74	400848	     46	    8.0	43522.0	41778.5	 0.0236	 100.00	1247.52
     75	400848	     46	    8.0	43522.0	41801.4	 0.0233	 100.00	1249.12
     76	400848	     46	   13.0	43523.0	41823.8	 0.0240	 100.00	1250.63
     77	400848	     46	   10.0	43521.0	41845.6	 0.0239	 100.00	1252.26
     78	400848	     46	    8.0	43525.0	41866.8	 0.0239	 100.00	1253.74
     79	400848	     46	    6.0	43527.0	41887.6	 0.0239	 100.00	1255.23
     80	400848	     46	   11.0	43520.0	41907.7	 0.0240	 100.00	1256.63
     81	400848	     46	    9.0	43525.0	41927.5	 0.0238	 100.00	1258.08
     82	400848	     46	   21.0	43512.0	41946.5	 0.0253	 100.00	1259.43
     83	400848	     46	    7.0	43519.0	41965.3	 0.0250	 100.00	1260.81
     84	400848	     46	   10.0	43517.0	41983.5	 0.0250	 100.00	1262.07
     85	400848	     46	   11.0	43518.0	42001.4	 0.0250	 100.00	1263.38
     86	400848	     46	    9.0	43519.0	42018.8	 0.0248	 100.00	1264.61
     87	400848	     46	    7.0	43524.0	42035.9	 0.0245	 100.00	1265.87
     88	400848	     46	   13.0	43517.0	42052.6	 0.0245	 100.00	1267.06
     89	400848	     46	    6.0	43519.0	42068.8	 0.0247	 100.00	1268.25
     90	400848	     46	   12.0	43519.0	42084.8	 0.0247	 100.00	1269.37
     91	400848	     46	    6.0	43521.0	42100.4	 0.0246	 100.00	1270.48
     92	400848	     46	   11.0	43522.0	42115.7	 0.0245	 100.00	1271.55
     93	400848	     46	   12.0	43518.0	42130.6	 0.0245	 100.00	1272.72
     94	400848	     46	   10.0	43520.0	42145.2	 0.0246	 100.00	1273.77
     95	400848	     46	    8.0	43520.0	42159.5	 0.0244	 100.00	1274.87
     96	400848	     46	    9.0	43517.0	42173.5	 0.0252	 100.00	1275.88
     97	400848	     46	    7.0	43522.0	42187.3	 0.0250	 100.00	1276.83
     98	400848	     46	   13.0	43519.0	42200.7	 0.0253	 100.00	1277.78
     99	400848	     46	    9.0	43522.0	42214.0	 0.0251	 100.00	1278.80
    100	400848	     46	   12.0	43518.0	42226.9	 0.0250	 100.00	1279.72
    101	400848	     46	    7.0	43525.0	42239.6	 0.0247	 100.00	1280.75
    102	400848	     46	    9.0	43524.0	42252.1	 0.0245	 100.00	1281.64
    103	400848	     46	   17.0	43521.0	42264.3	 0.0246	 100.00	1282.57
    104	400848	     46	    9.0	43516.0	42276.2	 0.0245	 100.00	1283.43
    105	400848	     46	    8.0	43516.0	42287.9	 0.0244	 100.00	1284.32
    106	400848	     46	    8.0	43520.0	42299.4	 0.0244	 100.00	1285.15
    107	400848	     46	    6.0	43522.0	42310.7	 0.0242	 100.00	1286.01
    108	400848	     46	   17.0	43519.0	42321.8	 0.0242	 100.00	1286.84
    109	400848	     46	    6.0	43521.0	42332.7	 0.0239	 100.00	1287.64
    110	400848	     46	    8.0	43525.0	42343.5	 0.0241	 100.00	1288.39
    111	400848	     46	    8.0	43525.0	42354.0	 0.0239	 100.00	1289.23
    112	400848	     46	    9.0	43520.0	42364.3	 0.0241	 100.00	1289.96
    113	400848	     46	   15.0	43519.0	42374.4	 0.0240	 100.00	1290.78
    114	400848	     46	    9.0	43518.0	42384.4	 0.0240	 100.00	1291.53
    115	400848	     46	    7.0	43525.0	42394.2	 0.0238	 100.00	1292.28
    116	400848	     46	   12.0	43521.0	42403.9	 0.0240	 100.00	1293.00
    117	400848	     46	    9.0	43524.0	42413.3	 0.0238	 100.00	1293.71
    118	400848	     46	   13.0	43521.0	42422.7	 0.0237	 100.00	1294.39
    119	400848	     46	    7.0	43526.0	42431.8	 0.0238	 100.00	1295.05
    120	400848	     46	    9.0	43523.0	42440.9	 0.0237	 100.00	1295.71
    121	400848	     46	    8.0	43523.0	42449.7	 0.0239	 100.00	1296.37
    122	400848	     46	   10.0	43525.0	42458.5	 0.0239	 100.00	1297.03
    123	400848	     46	   16.0	43517.0	42467.0	 0.0243	 100.00	1297.73
    124	400848	     46	   11.0	43518.0	42475.4	 0.0241	 100.00	1298.34
    125	400848	     46	    6.0	43520.0	42483.7	 0.0239	 100.00	1298.97
    126	400848	     46	   12.0	43520.0	42491.9	 0.0239	 100.00	1299.60
    127	400848	     46	    6.0	43522.0	42499.9	 0.0237	 100.00	1300.21
    128	400848	     46	   13.0	43515.0	42507.8	 0.0244	 100.00	1300.81
    129	400848	     46	    7.0	43520.0	42515.6	 0.0242	 100.00	1301.36
    130	400848	     46	    9.0	43521.0	42523.3	 0.0241	 100.00	1301.94
    131	400848	     46	   11.0	43522.0	42530.8	 0.0239	 100.00	1302.55
    132	400848	     46	   10.0	43520.0	42538.3	 0.0239	 100.00	1303.11
    133	400848	     46	    7.0	43527.0	42545.6	 0.0241	 100.00	1303.69
    134	400848	     46	   15.0	43520.0	42552.9	 0.0242	 100.00	1304.22
    135	400848	     46	    9.0	43525.0	42560.0	 0.0240	 100.00	1304.76
    136	400848	     46	   11.0	43518.0	42567.0	 0.0239	 100.00	1305.28
    137	400848	     46	    6.0	43520.0	42573.9	 0.0238	 100.00	1305.81
    138	400848	     46	    8.0	43524.0	42580.7	 0.0241	 100.00	1306.33
    139	400848	     46	   10.0	43522.0	42587.5	 0.0241	 100.00	1306.87
    140	400848	     46	   13.0	43523.0	42594.1	 0.0240	 100.00	1307.37
    141	400848	     46	    8.0	43523.0	42600.6	 0.0239	 100.00	1307.89
    142	400848	     46	    8.0	43527.0	42607.1	 0.0237	 100.00	1308.36
    143	400848	     46	    6.0	43529.0	42613.5	 0.0236	 100.00	1308.81
    144	400848	     46	   17.0	43516.0	42619.7	 0.0241	 100.00	1309.30
    145	400848	     46	    9.0	43521.0	42625.9	 0.0239	 100.00	1309.81
    146	400848	     46	   11.0	43518.0	42632.0	 0.0239	 100.00	1310.28
    147	400848	     46	    7.0	43525.0	42638.0	 0.0238	 100.00	1310.76
    148	400848	     46	   10.0	43523.0	42644.0	 0.0236	 100.00	1311.16
    149	400848	     46	   13.0	43522.0	42649.8	 0.0237	 100.00	1311.53
    150	400848	     46	    9.0	43523.0	42655.6	 0.0237	 100.00	1311.96
    151	400848	     46	    7.0	43528.0	42661.3	 0.0236	 100.00	1312.54
    152	400848	     46	   11.0	43523.0	42667.0	 0.0236	 100.00	1312.97
    153	400848	     46	    6.0	43525.0	42672.5	 0.0234	 100.00	1313.39
    154	400848	     46	   16.0	43521.0	42678.0	 0.0235	 100.00	1313.82
    155	400848	     46	    6.0	43523.0	42683.4	 0.0233	 100.00	1314.23
    156	400848	     46	   11.0	43524.0	42688.8	 0.0232	 100.00	1314.65
    157	400848	     46	    8.0	43524.0	42694.1	 0.0230	 100.00	1315.05
    158	400848	     46	   10.0	43526.0	42699.3	 0.0230	 100.00	1315.45
    159	400848	     46	   10.0	43524.0	42704.4	 0.0229	 100.00	1315.86
    160	400848	     46	    9.0	43521.0	42709.5	 0.0231	 100.00	1316.25
    161	400848	     46	    7.0	43526.0	42714.6	 0.0229	 100.00	1316.63
    162	400848	     46	   11.0	43525.0	42719.5	 0.0231	 100.00	1316.97
    163	400848	     46	    9.0	43528.0	42724.5	 0.0231	 100.00	1317.42
    164	400848	     46	   24.0	43512.0	42729.2	 0.0243	 100.00	1317.79
    165	400848	     46	    7.0	43519.0	42734.0	 0.0241	 100.00	1318.15
    166	400848	     46	    9.0	43518.0	42738.7	 0.0241	 100.00	1318.51
    167	400848	     46	   11.0	43521.0	42743.3	 0.0242	 100.00	1318.86
    168	400848	     46	    9.0	43516.0	42747.9	 0.0241	 100.00	1319.22
    169	400848	     46	   10.0	43514.0	42752.4	 0.0240	 100.00	1319.59
    170	400848	     46	    8.0	43518.0	42756.9	 0.0240	 100.00	1319.93
    171	400848	     46	    6.0	43520.0	42761.3	 0.0238	 100.00	1320.14
    172	400848	     46	   15.0	43519.0	42765.7	 0.0240	 100.00	1320.43
    173	400848	     46	    6.0	43521.0	42770.1	 0.0239	 100.00	1320.63
    174	400848	     46	    8.0	43525.0	42774.4	 0.0247	 100.00	1320.94
    175	400848	     46	   12.0	43521.0	42778.6	 0.0248	 100.00	1321.41
    176	400848	     46	    9.0	43516.0	42782.8	 0.0247	 100.00	1321.71
    177	400848	     46	   11.0	43519.0	42786.9	 0.0246	 100.00	1322.18
    178	400848	     46	    9.0	43518.0	42791.0	 0.0245	 100.00	1322.46
    179	400848	     46	    7.0	43525.0	42795.1	 0.0244	 100.00	1322.90
    180	400848	     46	   14.0	43519.0	42799.1	 0.0247	 100.00	1323.16
    181	400848	     46	    9.0	43522.0	42803.0	 0.0246	 100.00	1323.54
    182	400848	     46	   11.0	43521.0	42807.0	 0.0245	 100.00	1323.82
    183	400848	     46	    7.0	43526.0	42810.9	 0.0244	 100.00	1324.14
    184	400848	     46	    9.0	43523.0	42814.7	 0.0244	 100.00	1324.40
    185	400848	     46	   14.0	43517.0	42818.5	 0.0245	 100.00	1324.62
    186	400848	     46	   10.0	43519.0	42822.3	 0.0245	 100.00	1324.89
    187	400848	     46	    8.0	43519.0	42826.0	 0.0245	 100.00	1325.36
    188	400848	     46	   11.0	43520.0	42829.6	 0.0244	 100.00	1325.67
    189	400848	     46	    6.0	43522.0	42833.3	 0.0242	 100.00	1325.97
    190	400848	     46	   14.0	43520.0	42836.9	 0.0243	 100.00	1326.27
    191	400848	     46	    6.0	43522.0	42840.4	 0.0242	 100.00	1326.56
    192	400848	     46	   11.0	43517.0	42843.9	 0.0245	 100.00	1326.88
    193	400848	     46	    7.0	43522.0	42847.4	 0.0245	 100.00	1327.18
    194	400848	     46	    9.0	43523.0	42850.9	 0.0244	 100.00	1327.49
    195	400848	     46	   15.0	43520.0	42854.3	 0.0244	 100.00	1327.78
    196	400848	     46	   10.0	43518.0	42857.7	 0.0243	 100.00	1328.07
    197	400848	     46	    7.0	43525.0	42861.1	 0.0242	 100.00	1328.34
    198	400848	     46	   11.0	43522.0	42864.4	 0.0241	 100.00	1328.63
    199	400848	     46	    9.0	43527.0	42867.7	 0.0240	 100.00	1328.79
    200	400848	     46	   13.0	43518.0	42870.9	 0.0239	 100.00	1329.03
    201	400848	     46	    6.0	43520.0	42874.1	 0.0238	 100.00	1329.29
    202	400848	     46	    8.0	43524.0	42877.3	 0.0238	 100.00	1329.52
    203	400848	     46	    8.0	43524.0	42880.5	 0.0238	 100.00	1329.76
    204	400848	     46	   13.0	43525.0	42883.7	 0.0236	 100.00	1330.00
    205	400848	     46	   16.0	43517.0	42886.7	 0.0240	 100.00	1330.23
    206	400848	     46	    8.0	43521.0	42889.8	 0.0239	 100.00	1330.46
    207	400848	     46	    6.0	43523.0	42892.8	 0.0238	 100.00	1330.68
    208	400848	     46	   11.0	43516.0	42895.8	 0.0238	 100.00	1330.92
    209	400848	     46	    9.0	43521.0	42898.8	 0.0238	 100.00	1331.15
    210	400848	     46	   13.0	43516.0	42901.7	 0.0238	 100.00	1331.38
    211	400848	     46	    7.0	43523.0	42904.7	 0.0237	 100.00	1331.59
    212	400848	     46	   10.0	43521.0	42907.5	 0.0237	 100.00	1331.81
    213	400848	     46	   11.0	43522.0	42910.4	 0.0237	 100.00	1332.00
    214	400848	     46	    9.0	43523.0	42913.3	 0.0236	 100.00	1332.21
    215	400848	     46	    7.0	43528.0	42916.1	 0.0235	 100.00	1332.43
    216	400848	     46	   15.0	43519.0	42918.9	 0.0234	 100.00	1332.64
    217	400848	     46	    6.0	43521.0	42921.7	 0.0233	 100.00	1332.89
    218	400848	     46	   12.0	43521.0	42924.4	 0.0232	 100.00	1333.08
    219	400848	     46	    6.0	43523.0	42927.1	 0.0232	 100.00	1333.31
    220	400848	     46	   11.0	43524.0	42929.8	 0.0231	 100.00	1333.52
    221	400848	     46	   10.0	43522.0	42932.5	 0.0230	 100.00	1333.73
    222	400848	     46	   10.0	43524.0	42935.1	 0.0229	 100.00	1333.92
    223	400848	     46	    8.0	43524.0	42937.8	 0.0228	 100.00	1334.16
    224	400848	     46	    9.0	43521.0	42940.4	 0.0228	 100.00	1334.39
    225	400848	     46	    7.0	43526.0	42942.9	 0.0228	 100.00	1334.62
    226	400848	     46	   17.0	43519.0	42945.5	 0.0233	 100.00	1334.84
    227	400848	     46	    9.0	43522.0	42948.0	 0.0233	 100.00	1335.06
    228	400848	     46	   12.0	43518.0	42950.5	 0.0233	 100.00	1335.28
    229	400848	     46	    7.0	43525.0	42953.0	 0.0232	 100.00	1335.50
    230	400848	     46	    9.0	43524.0	42955.5	 0.0233	 100.00	1335.73
    231	400848	     46	   13.0	43525.0	42957.9	 0.0233	 100.00	1335.95
    232	400848	     46	    9.0	43520.0	42960.3	 0.0232	 100.00	1336.16
    233	400848	     46	    8.0	43520.0	42962.7	 0.0231	 100.00	1336.34
    234	400848	     46	    8.0	43524.0	42965.1	 0.0231	 100.00	1336.60
    235	400848	     46	    6.0	43526.0	42967.5	 0.0230	 100.00	1336.68
    236	400848	     46	   19.0	43521.0	42969.8	 0.0231	 100.00	1336.89
    237	400848	     46	    6.0	43523.0	42972.2	 0.0231	 100.00	1337.09
    238	400848	     46	    8.0	43527.0	42974.5	 0.0235	 100.00	1337.25
    239	400848	     46	    8.0	43527.0	42976.8	 0.0234	 100.00	1337.45
    240	400848	     46	    9.0	43522.0	42979.0	 0.0233	 100.00	1337.64
    241	400848	     46	   13.0	43523.0	42981.3	 0.0232	 100.00	1337.81
    242	400848	     46	    9.0	43522.0	42983.5	 0.0233	 100.00	1338.01
    243	400848	     46	    7.0	43529.0	42985.7	 0.0232	 100.00	1338.14
    244	400848	     46	   12.0	43525.0	42987.9	 0.0233	 100.00	1338.32
    245	400848	     46	    9.0	43528.0	42990.1	 0.0233	 100.00	1338.52
    246	400848	     46	   21.0	43517.0	42992.3	 0.0237	 100.00	1338.71
    247	400848	     46	    7.0	43522.0	42994.4	 0.0236	 100.00	1338.83
    248	400848	     46	    9.0	43519.0	42996.5	 0.0235	 100.00	1339.02
    249	400848	     46	    8.0	43519.0	42998.6	 0.0235	 100.00	1339.19
    250	400848	     46	   10.0	43521.0	43000.7	 0.0234	 100.00	1339.37
    251	400848	     46	   10.0	43519.0	43002.7	 0.0234	 100.00	1339.49
    252	400848	     46	   11.0	43520.0	43004.8	 0.0233	 100.00	1339.66
    253	400848	     46	    6.0	43522.0	43006.8	 0.0233	 100.00	1339.84
    254	400848	     46	   12.0	43522.0	43008.8	 0.0232	 100.00	1340.02
    255	400848	     46	    6.0	43524.0	43010.9	 0.0231	 100.00	1340.16
    256	400848	     46	   15.0	43515.0	43012.8	 0.0234	 100.00	1340.33
    257	400848	     46	    7.0	43520.0	43014.8	 0.0234	 100.00	1340.48
    258	400848	     46	    9.0	43521.0	43016.7	 0.0233	 100.00	1340.67
    259	400848	     46	   11.0	43522.0	43018.7	 0.0232	 100.00	1340.75
    260	400848	     46	   10.0	43520.0	43020.6	 0.0233	 100.00	1340.92
    261	400848	     46	    7.0	43527.0	43022.5	 0.0233	 100.00	1341.09
    262	400848	     46	   13.0	43522.0	43024.4	 0.0233	 100.00	1341.27
    263	400848	     46	    9.0	43527.0	43026.3	 0.0232	 100.00	1341.37
    264	400848	     46	   11.0	43520.0	43028.2	 0.0231	 100.00	1341.53
    265	400848	     46	    6.0	43522.0	43030.1	 0.0231	 100.00	1341.68
    266	400848	     46	    8.0	43526.0	43031.9	 0.0231	 100.00	1341.83
    267	400848	     46	   14.0	43520.0	43033.7	 0.0235	 100.00	1341.99
    268	400848	     46	   13.0	43521.0	43035.6	 0.0236	 100.00	1342.14
    269	400848	     46	    8.0	43521.0	43037.3	 0.0235	 100.00	1342.23
    270	400848	     46	    8.0	43525.0	43039.1	 0.0235	 100.00	1342.39
    271	400848	     46	    6.0	43527.0	43040.9	 0.0235	 100.00	1342.55
    272	400848	     46	   13.0	43518.0	43042.7	 0.0234	 100.00	1342.72
    273	400848	     46	    9.0	43523.0	43044.4	 0.0233	 100.00	1342.85
    274	400848	     46	   11.0	43520.0	43046.2	 0.0233	 100.00	1343.01
    275	400848	     46	    7.0	43527.0	43047.9	 0.0233	 100.00	1343.10
    276	400848	     46	   10.0	43525.0	43049.6	 0.0232	 100.00	1343.24
    277	400848	     46	   15.0	43522.0	43051.3	 0.0233	 100.00	1343.39
    278	400848	     46	    9.0	43523.0	43053.0	 0.0233	 100.00	1343.55
    279	400848	     46	    7.0	43528.0	43054.7	 0.0232	 100.00	1343.66
    280	400848	     46	   11.0	43523.0	43056.4	 0.0232	 100.00	1343.77
    281	400848	     46	    6.0	43525.0	43058.0	 0.0232	 100.00	1343.93
    282	400848	     46	   14.0	43523.0	43059.7	 0.0231	 100.00	1344.08
    283	400848	     46	    6.0	43525.0	43061.3	 0.0230	 100.00	1344.16
    284	400848	     46	   11.0	43526.0	43063.0	 0.0231	 100.00	1344.30
    285	400848	     46	    8.0	43526.0	43064.6	 0.0233	 100.00	1344.45
    286	400848	     46	   10.0	43528.0	43066.2	 0.0232	 100.00	1344.60
    287	400848	     46	   16.0	43520.0	43067.8	 0.0232	 100.00	1344.67
    288	400848	     46	    9.0	43517.0	43069.3	 0.0233	 100.00	1344.82
    289	400848	     46	    7.0	43522.0	43070.9	 0.0232	 100.00	1344.97
    290	400848	     46	   11.0	43521.0	43072.4	 0.0232	 100.00	1345.10
    291	400848	     46	    9.0	43524.0	43074.0	 0.0231	 100.00	1345.20
    292	400848	     46	   14.0	43518.0	43075.5	 0.0233	 100.00	1345.34
    293	400848	     46	    7.0	43525.0	43077.0	 0.0232	 100.00	1345.41
    294	400848	     46	    9.0	43524.0	43078.5	 0.0231	 100.00	1345.54
    295	400848	     46	   11.0	43527.0	43080.1	 0.0230	 100.00	1345.68
    296	400848	     46	    9.0	43522.0	43081.5	 0.0229	 100.00	1345.81
    297	400848	     46	   12.0	43518.0	43083.0	 0.0231	 100.00	1345.92
    298	400848	     46	    8.0	43522.0	43084.5	 0.0231	 100.00	1346.06
    299	400848	     46	    6.0	43524.0	43085.9	 0.0230	 100.00	1346.12
    300	400848	     46	   15.0	43523.0	43087.4	 0.0229	 100.00	1346.25
    301	400848	     46	    6.0	43525.0	43088.8	 0.0229	 100.00	1346.39
    302	400848	     46	    8.0	43529.0	43090.3	 0.0228	 100.00	1346.51
    303	400848	     46	   10.0	43527.0	43091.7	 0.0228	 100.00	1346.62
    304	400848	     46	    9.0	43522.0	43093.1	 0.0228	 100.00	1346.75
    305	400848	     46	   11.0	43525.0	43094.6	 0.0228	 100.00	1346.81
    306	400848	     46	    9.0	43524.0	43096.0	 0.0228	 100.00	1346.94
    307	400848	     46	    7.0	43531.0	43097.4	 0.0227	 100.00	1347.07
    308	400848	     46	   18.0	43521.0	43098.7	 0.0231	 100.00	1347.13
    309	400848	     46	    9.0	43524.0	43100.1	 0.0230	 100.00	1347.28
    310	400848	     46	   11.0	43523.0	43101.5	 0.0230	 100.00	1347.40
    311	400848	     46	    7.0	43528.0	43102.8	 0.0230	 100.00	1347.50
    312	400848	     46	    9.0	43525.0	43104.2	 0.0229	 100.00	1347.62
    313	400848	     46	   10.0	43523.0	43105.5	 0.0229	 100.00	1347.67
    314	400848	     46	   10.0	43525.0	43106.8	 0.0229	 100.00	1347.79
    315	400848	     46	    8.0	43525.0	43108.2	 0.0228	 100.00	1347.91
    316	400848	     46	   11.0	43526.0	43109.5	 0.0228	 100.00	1348.05
    317	400848	     46	    6.0	43528.0	43110.8	 0.0227	 100.00	1348.10
    318	400848	     46	   16.0	43524.0	43112.1	 0.0227	 100.00	1348.23
    319	400848	     46	    6.0	43526.0	43113.4	 0.0226	 100.00	1348.35
    320	400848	     46	   11.0	43521.0	43114.7	 0.0227	 100.00	1348.48
    321	400848	     46	    7.0	43526.0	43115.9	 0.0226	 100.00	1347.94
    322	400848	     46	    9.0	43527.0	43117.2	 0.0226	 100.00	1348.06
    323	400848	     46	   13.0	43526.0	43118.5	 0.0227	 100.00	1348.20
    324	400848	     46	   10.0	43524.0	43119.7	 0.0226	 100.00	1348.28
    325	400848	     46	    7.0	43531.0	43121.0	 0.0225	 100.00	1348.48
    326	400848	     46	   11.0	43528.0	43122.2	 0.0226	 100.00	1348.57
    327	400848	     46	    9.0	43533.0	43123.5	 0.0225	 100.00	1348.77
    328	400848	     46	   25.0	43512.0	43124.7	 0.0231	 100.00	1348.84
    329	400848	     46	    6.0	43514.0	43125.8	 0.0231	 100.00	1348.99
    330	400848	     46	    8.0	43518.0	43127.0	 0.0230	 100.00	1349.08
    331	400848	     46	    8.0	43518.0	43128.2	 0.0229	 100.00	1349.25
    332	400848	     46	   13.0	43519.0	43129.4	 0.0230	 100.00	1349.33
    333	400848	     46	   10.0	43517.0	43130.5	 0.0229	 100.00	1349.50
    334	400848	     46	    8.0	43521.0	43131.7	 0.0229	 100.00	1349.56
    335	400848	     46	    6.0	43523.0	43132.9	 0.0229	 100.00	1349.70
    336	400848	     46	   11.0	43516.0	43134.0	 0.0228	 100.00	1349.76
    337	400848	     46	    9.0	43521.0	43135.2	 0.0228	 100.00	1349.91
    338	400848	     46	   15.0	43514.0	43136.3	 0.0229	 100.00	1349.96
    339	400848	     46	    7.0	43521.0	43137.4	 0.0228	 100.00	1350.13
    340	400848	     46	   10.0	43519.0	43138.5	 0.0228	 100.00	1350.19
    341	400848	     46	   11.0	43520.0	43139.6	 0.0228	 100.00	1350.31
    342	400848	     46	    9.0	43521.0	43140.7	 0.0227	 100.00	1350.35
    343	400848	     46	    7.0	43526.0	43141.9	 0.0227	 100.00	1350.49
    344	400848	     46	   13.0	43519.0	43143.0	 0.0226	 100.00	1350.55
    345	400848	     46	    6.0	43521.0	43144.1	 0.0226	 100.00	1350.67
    346	400848	     46	   12.0	43521.0	43145.1	 0.0225	 100.00	1350.73
    347	400848	     46	    6.0	43523.0	43146.2	 0.0226	 100.00	1350.84
    348	400848	     46	   11.0	43524.0	43147.3	 0.0226	 100.00	1350.90
    349	400848	     46	   14.0	43518.0	43148.4	 0.0228	 100.00	1351.01
    350	400848	     46	   10.0	43520.0	43149.4	 0.0227	 100.00	1351.07
    351	400848	     46	    8.0	43520.0	43150.5	 0.0227	 100.00	1351.19
    352	400848	     46	    9.0	43517.0	43151.5	 0.0227	 100.00	1351.25
    353	400848	     46	    7.0	43522.0	43152.6	 0.0227	 100.00	1351.36
    354	400848	     46	   13.0	43519.0	43153.6	 0.0227	 100.00	1351.41
    355	400848	     46	    9.0	43522.0	43154.6	 0.0226	 100.00	1351.53
    356	400848	     46	   12.0	43518.0	43155.6	 0.0225	 100.00	1351.59
    357	400848	     46	    7.0	43525.0	43156.7	 0.0225	 100.00	1351.69
    358	400848	     46	    9.0	43524.0	43157.7	 0.0224	 100.00	1351.75
    359	400848	     46	   15.0	43523.0	43158.7	 0.0224	 100.00	1351.86
    360	400848	     46	    9.0	43518.0	43159.7	 0.0223	 100.00	1351.91
    361	400848	     46	    8.0	43518.0	43160.7	 0.0223	 100.00	1352.02
    362	400848	     46	    8.0	43522.0	43161.7	 0.0223	 100.00	1352.07
    363	400848	     46	    6.0	43524.0	43162.7	 0.0222	 100.00	1352.18
    364	400848	     46	   17.0	43521.0	43163.7	 0.0222	 100.00	1352.23
    365	400848	     46	    6.0	43523.0	43164.7	 0.0221	 100.00	1352.33
    366	400848	     46	    8.0	43527.0	43165.6	 0.0220	 100.00	1352.37
    367	400848	     46	    8.0	43527.0	43166.6	 0.0220	 100.00	1352.50
    368	400848	     46	    9.0	43522.0	43167.6	 0.0219	 100.00	1352.53
    369	400848	     46	   19.0	43517.0	43168.5	 0.0222	 100.00	1352.56
    370	400848	     46	    9.0	43516.0	43169.5	 0.0221	 100.00	1352.60
    371	400848	     46	    7.0	43523.0	43170.4	 0.0221	 100.00	1352.71
    372	400848	     46	   12.0	43519.0	43171.4	 0.0221	 100.00	1352.74
    373	400848	     46	    9.0	43522.0	43172.3	 0.0220	 100.00	1352.87
    374	400848	     46	   13.0	43519.0	43173.2	 0.0220	 100.00	1352.90
    375	400848	     46	    7.0	43524.0	43174.1	 0.0219	 100.00	1353.05
    376	400848	     46	    9.0	43521.0	43175.1	 0.0219	 100.00	1353.09
    377	400848	     46	    8.0	43521.0	43176.0	 0.0219	 100.00	1353.21
    378	400848	     46	   10.0	43523.0	43176.9	 0.0219	 100.00	1353.25
    379	400848	     46	   12.0	43519.0	43177.8	 0.0219	 100.00	1353.40
    380	400848	     46	   11.0	43520.0	43178.7	 0.0218	 100.00	1353.44
    381	400848	     46	    6.0	43522.0	43179.6	 0.0218	 100.00	1353.57
    382	400848	     46	   12.0	43522.0	43180.5	 0.0218	 100.00	1353.61
    383	400848	     46	    6.0	43524.0	43181.4	 0.0217	 100.00	1353.71
    384	400848	     46	   13.0	43517.0	43182.3	 0.0219	 100.00	1353.76
    385	400848	     46	    7.0	43522.0	43183.1	 0.0219	 100.00	1353.85
    386	400848	     46	    9.0	43523.0	43184.0	 0.0218	 100.00	1353.90
    387	400848	     46	   11.0	43524.0	43184.9	 0.0218	 100.00	1354.00
    388	400848	     46	   10.0	43522.0	43185.8	 0.0218	 100.00	1354.04
    389	400848	     46	    7.0	43529.0	43186.6	 0.0218	 100.00	1354.14
    390	400848	     46	   17.0	43520.0	43187.5	 0.0218	 100.00	1354.18
    391	400848	     46	    9.0	43525.0	43188.4	 0.0218	 100.00	1354.28
    392	400848	     46	   11.0	43518.0	43189.2	 0.0217	 100.00	1354.31
    393	400848	     46	    6.0	43520.0	43190.0	 0.0216	 100.00	1354.35
    394	400848	     46	    8.0	43524.0	43190.9	 0.0216	 100.00	1354.39
    395	400848	     46	   10.0	43522.0	43191.7	 0.0216	 100.00	1354.46
    396	400848	     46	   13.0	43523.0	43192.5	 0.0215	 100.00	1354.49
    397	400848	     46	    8.0	43523.0	43193.4	 0.0215	 100.00	1354.61
    398	400848	     46	    8.0	43527.0	43194.2	 0.0215	 100.00	1354.64
    399	400848	     46	    6.0	43529.0	43195.1	 0.0214	 100.00	1354.77
    400	400848	     46	   15.0	43518.0	43195.9	 0.0215	 100.00	1354.81
    401	400848	     46	    9.0	43523.0	43196.7	 0.0215	 100.00	1354.90
    402	400848	     46	   11.0	43520.0	43197.5	 0.0216	 100.00	1354.94
    403	400848	     46	    7.0	43527.0	43198.3	 0.0216	 100.00	1355.06
    404	400848	     46	   10.0	43525.0	43199.1	 0.0215	 100.00	1355.12
    405	400848	     46	   13.0	43524.0	43199.9	 0.0215	 100.00	1355.22
    406	400848	     46	    9.0	43525.0	43200.7	 0.0214	 100.00	1355.28
    407	400848	     46	    7.0	43530.0	43201.5	 0.0214	 100.00	1355.36
    408	400848	     46	   11.0	43525.0	43202.3	 0.0213	 100.00	1355.41
    409	400848	     46	    6.0	43527.0	43203.1	 0.0213	 100.00	1355.48
    410	400848	     46	   22.0	43517.0	43203.8	 0.0217	 100.00	1355.50
    411	400848	     46	    6.0	43519.0	43204.6	 0.0217	 100.00	1355.60
    412	400848	     46	   11.0	43520.0	43205.4	 0.0216	 100.00	1355.63
    413	400848	     46	    8.0	43520.0	43206.1	 0.0215	 100.00	1355.66
    414	400848	     46	   10.0	43522.0	43206.9	 0.0215	 100.00	1355.69
    415	400848	     46	   10.0	43520.0	43207.6	 0.0214	 100.00	1355.79
    416	400848	     46	    9.0	43517.0	43208.4	 0.0214	 100.00	1355.82
    417	400848	     46	    7.0	43522.0	43209.1	 0.0214	 100.00	1355.91
    418	400848	     46	   11.0	43521.0	43209.9	 0.0214	 100.00	1355.96
    419	400848	     46	    9.0	43524.0	43210.6	 0.0214	 100.00	1356.06
    420	400848	     46	   16.0	43516.0	43211.4	 0.0214	 100.00	1356.11
    421	400848	     46	    7.0	43523.0	43212.1	 0.0214	 100.00	1356.20
    422	400848	     46	    9.0	43522.0	43212.8	 0.0214	 100.00	1356.24
    423	400848	     46	   11.0	43525.0	43213.6	 0.0213	 100.00	1356.31
    424	400848	     46	    9.0	43520.0	43214.3	 0.0213	 100.00	1356.34
    425	400848	     46	   10.0	43518.0	43215.0	 0.0212	 100.00	1356.41
    426	400848	     46	    8.0	43522.0	43215.7	 0.0212	 100.00	1356.44
    427	400848	     46	    6.0	43524.0	43216.4	 0.0212	 100.00	1356.53
    428	400848	     46	   15.0	43523.0	43217.2	 0.0212	 100.00	1356.55
    429	400848	     46	    6.0	43525.0	43217.9	 0.0211	 100.00	1356.64
    430	400848	     46	    8.0	43529.0	43218.6	 0.0211	 100.00	1356.66
    431	400848	     46	   14.0	43523.0	43219.3	 0.0211	 100.00	1356.73
    432	400848	     46	    9.0	43518.0	43220.0	 0.0210	 100.00	1356.75
    433	400848	     46	   11.0	43521.0	43220.7	 0.0210	 100.00	1356.83
    434	400848	     46	    9.0	43520.0	43221.4	 0.0210	 100.00	1356.86
    435	400848	     46	    7.0	43527.0	43222.1	 0.0209	 100.00	1356.94
    436	400848	     46	   14.0	43521.0	43222.8	 0.0210	 100.00	1356.96
    437	400848	     46	    9.0	43524.0	43223.4	 0.0210	 100.00	1357.03
    438	400848	     46	   11.0	43523.0	43224.1	 0.0209	 100.00	1357.05
    439	400848	     46	    7.0	43528.0	43224.8	 0.0209	 100.00	1357.14
    440	400848	     46	    9.0	43525.0	43225.5	 0.0208	 100.00	1357.19
    441	400848	     46	   12.0	43521.0	43226.2	 0.0208	 100.00	1357.30
    442	400848	     46	   10.0	43523.0	43226.8	 0.0208	 100.00	1357.34
    443	400848	     46	    8.0	43523.0	43227.5	 0.0208	 100.00	1357.42
    444	400848	     46	   11.0	43524.0	43228.2	 0.0207	 100.00	1357.45
    445	400848	     46	    6.0	43526.0	43228.8	 0.0207	 100.00	1357.54
    446	400848	     46	   14.0	43524.0	43229.5	 0.0206	 100.00	1357.55
    447	400848	     46	    6.0	43526.0	43230.2	 0.0206	 100.00	1357.64
    448	400848	     46	   11.0	43521.0	43230.8	 0.0206	 100.00	1357.66
    449	400848	     46	    7.0	43526.0	43231.5	 0.0206	 100.00	1357.71
    450	400848	     46	    9.0	43527.0	43232.1	 0.0206	 100.00	1357.73
    451	400848	     46	   19.0	43520.0	43232.8	 0.0208	 100.00	1357.79
    452	400848	     46	   10.0	43518.0	43233.4	 0.0208	 100.00	1357.83
    453	400848	     46	    7.0	43525.0	43234.0	 0.0208	 100.00	1357.93
    454	400848	     46	   11.0	43522.0	43234.7	 0.0208	 100.00	1357.98
    455	400848	     46	    9.0	43527.0	43235.3	 0.0207	 100.00	1358.06
    456	400848	     46	   13.0	43518.0	43235.9	 0.0207	 100.00	1358.11
    457	400848	     46	    6.0	43520.0	43236.5	 0.0207	 100.00	1358.19
    458	400848	     46	    8.0	43524.0	43237.2	 0.0207	 100.00	1358.25
    459	400848	     46	    8.0	43524.0	43237.8	 0.0206	 100.00	1358.31
    460	400848	     46	   13.0	43525.0	43238.4	 0.0206	 100.00	1358.35
    461	400848	     46	   12.0	43521.0	43239.0	 0.0206	 100.00	1358.40
    462	400848	     46	    8.0	43525.0	43239.6	 0.0206	 100.00	1358.42
    463	400848	     46	    6.0	43527.0	43240.3	 0.0206	 100.00	1358.49
    464	400848	     46	   11.0	43520.0	43240.9	 0.0205	 100.00	1358.50
    465	400848	     46	    9.0	43525.0	43241.5	 0.0205	 100.00	1358.58
    466	400848	     46	   13.0	43520.0	43242.1	 0.0206	 100.00	1358.60
    467	400848	     46	    7.0	43527.0	43242.7	 0.0206	 100.00	1358.66
    468	400848	     46	   10.0	43525.0	43243.3	 0.0205	 100.00	1358.69
    469	400848	     46	   11.0	43526.0	43243.9	 0.0205	 100.00	1358.77
    470	400848	     46	    9.0	43527.0	43244.5	 0.0205	 100.00	1358.80
    471	400848	     46	    7.0	43532.0	43245.1	 0.0205	 100.00	1358.88
    472	400848	     46	   17.0	43521.0	43245.7	 0.0206	 100.00	1358.91
    473	400848	     46	    6.0	43523.0	43246.3	 0.0205	 100.00	1358.99
    474	400848	     46	   12.0	43523.0	43246.8	 0.0205	 100.00	1359.01
    475	400848	     46	    6.0	43525.0	43247.4	 0.0205	 100.00	1359.08
    476	400848	     46	   11.0	43526.0	43248.0	 0.0205	 100.00	1359.10
    477	400848	     46	   10.0	43524.0	43248.6	 0.0204	 100.00	1359.18
    478	400848	     46	   10.0	43526.0	43249.2	 0.0204	 100.00	1359.20
    479	400848	     46	    8.0	43526.0	43249.7	 0.0204	 100.00	1359.27
    480	400848	     46	    9.0	43523.0	43250.3	 0.0204	 100.00	1359.30
    481	400848	     46	    7.0	43528.0	43250.9	 0.0203	 100.00	1359.35
    482	400848	     46	   15.0	43523.0	43251.4	 0.0203	 100.00	1359.38
    483	400848	     46	    9.0	43526.0	43252.0	 0.0203	 100.00	1359.47
    484	400848	     46	   12.0	43522.0	43252.6	 0.0203	 100.00	1359.48
    485	400848	     46	    7.0	43529.0	43253.1	 0.0202	 100.00	1359.56
    486	400848	     46	    9.0	43528.0	43253.7	 0.0203	 100.00	1359.58
    487	400848	     46	   13.0	43529.0	43254.3	 0.0204	 100.00	1359.65
    488	400848	     46	    9.0	43524.0	43254.8	 0.0204	 100.00	1359.67
    489	400848	     46	    8.0	43524.0	43255.4	 0.0204	 100.00	1359.73
    490	400848	     46	    8.0	43528.0	43255.9	 0.0204	 100.00	1359.75
    491	400848	     46	    6.0	43530.0	43256.5	 0.0203	 100.00	1359.82
    492	400848	     46	   27.0	43517.0	43257.0	 0.0207	 100.00	1359.84
    493	400848	     46	    6.0	43519.0	43257.5	 0.0207	 100.00	1359.85
    494	400848	     46	    8.0	43523.0	43258.1	 0.0207	 100.00	1359.90
    495	400848	     46	    8.0	43523.0	43258.6	 0.0206	 100.00	1359.98
    496	400848	     46	    9.0	43518.0	43259.1	 0.0206	 100.00	1360.03
    497	400848	     46	   13.0	43519.0	43259.7	 0.0206	 100.00	1360.10
    498	400848	     46	    9.0	43518.0	43260.2	 0.0206	 100.00	1360.14
    499	400848	     46	    7.0	43525.0	43260.7	 0.0206	 100.00	1360.25
    500	400848	     46	   12.0	 1283.0	43176.9	 0.0206	 100.00	1360.37
    501	400848	     46	    9.0	 1286.0	43093.5	 0.0205	 100.00	1360.33
    502	400848	     46	   15.0	   15.0	43007.8	 0.0205	 100.00	1360.48
    503	400848	     46	    7.0	   12.0	42922.5	 0.0205	 100.00	1360.43
    504	400848	     46	    9.0	    9.0	42837.5	 0.0204	 100.00	1360.60
    505	400848	     46	    8.0	    9.0	42752.9	 0.0204	 100.00	1360.60
    506	400848	     46	   10.0	   10.0	42668.6	 0.0204	 100.00	1360.76
    507	400848	     46	   10.0	    8.0	42584.6	 0.0203	 100.00	1360.76
    508	400848	     46	   11.0	   10.0	42501.0	 0.0203	 100.00	1360.91
    509	400848	     46	    6.0	    8.0	42417.7	 0.0203	 100.00	1360.71
    510	400848	     46	   12.0	   12.0	42334.7	 0.0202	 100.00	1360.86
    511	400848	     46	    6.0	    6.0	42252.0	 0.0202	 100.00	1360.84
    512	400848	     46	   17.0	   17.0	42169.7	 0.0203	 100.00	1360.97
    513	400848	     46	    7.0	   18.0	42087.7	 0.0203	 100.00	1360.96
    514	400848	     46	    9.0	   15.0	42006.0	 0.0203	 100.00	1361.08
    515	400848	     46	   11.0	   10.0	41924.6	 0.0203	 100.00	1361.05
    516	400848	     46	   10.0	   10.0	41843.5	 0.0203	 100.00	1361.17
    517	400848	     46	    7.0	    9.0	41762.7	 0.0203	 100.00	1361.15
    518	400848	     46	   13.0	    7.0	41682.3	 0.0203	 100.00	1361.27
    519	400848	     46	    9.0	    6.0	41602.1	 0.0202	 100.00	1361.26
    520	400848	     46	   11.0	   10.0	41522.3	 0.0202	 100.00	1361.38
    521	400848	     46	    6.0	    8.0	41442.8	 0.0202	 100.00	1361.31
    522	400848	     46	    8.0	    8.0	41363.6	 0.0201	 100.00	1361.46
    523	400848	     46	   12.0	   12.0	41284.6	 0.0201	 100.00	1361.46
    524	400848	     46	   13.0	   13.0	41206.0	 0.0201	 100.00	1361.60
    525	400848	     46	    8.0	    9.0	41127.7	 0.0201	 100.00	1361.60
    526	400848	     46	    8.0	    9.0	41049.7	 0.0200	 100.00	1361.75
    527	400848	     46	    6.0	    7.0	40971.9	 0.0200	 100.00	1361.78
    528	400848	     46	   13.0	   12.0	40894.5	 0.0200	 100.00	1361.89
    529	400848	     46	    9.0	   13.0	40817.4	 0.0200	 100.00	1361.84
    530	400848	     46	   11.0	   11.0	40740.5	 0.0200	 100.00	1361.97
    531	400848	     46	    7.0	    8.0	40664.0	 0.0200	 100.00	1361.96
    532	400848	     46	   10.0	   12.0	40587.7	 0.0200	 100.00	1362.08
    533	400848	     46	   19.0	   15.0	40511.7	 0.0201	 100.00	1362.04
    534	400848	     46	    9.0	   14.0	40436.0	 0.0201	 100.00	1362.17
    535	400848	     46	    7.0	   11.0	40360.6	 0.0200	 100.00	1362.18
    536	400848	     46	   11.0	   11.0	40285.5	 0.0200	 100.00	1362.32
    537	400848	     46	    6.0	    9.0	40210.6	 0.0200	 100.00	1362.32
    538	400848	     46	   14.0	   14.0	40136.0	 0.0199	 100.00	1362.46
    539	400848	     46	    6.0	    8.0	40061.7	 0.0199	 100.00	1362.46
    540	400848	     46	   11.0	   11.0	39987.7	 0.0198	 100.00	1362.58
    541	400848	     46	    8.0	   11.0	39913.9	 0.0198	 100.00	1362.57
    542	400848	     46	   10.0	   10.0	39840.4	 0.0198	 100.00	1362.68
    543	400848	     46	   12.0	   10.0	39767.2	 0.0198	 100.00	1362.67
    544	400848	     46	    9.0	    8.0	39694.3	 0.0198	 100.00	1362.78
    545	400848	     46	    7.0	    9.0	39621.6	 0.0197	 100.00	1362.75
    546	400848	     46	   11.0	   11.0	39549.2	 0.0197	 100.00	1362.87
    547	400848	     46	    9.0	    6.0	39477.0	 0.0197	 100.00	1362.86
    548	400848	     46	   14.0	   14.0	39405.1	 0.0197	 100.00	1363.00
    549	400848	     46	    7.0	   13.0	39333.5	 0.0197	 100.00	1363.02
    550	400848	     46	    9.0	   11.0	39262.1	 0.0196	 100.00	1363.13
    551	400848	     46	   11.0	    8.0	39191.0	 0.0196	 100.00	1363.19
    552	400848	     46	    9.0	    9.0	39120.2	 0.0196	 100.00	1363.23
    553	400848	     46	   14.0	   15.0	39049.6	 0.0197	 100.00	1363.25
    554	400848	     46	    8.0	   11.0	38979.2	 0.0196	 100.00	1363.33
    555	400848	     46	    6.0	    9.0	38909.2	 0.0196	 100.00	1363.34
    556	400848	     46	   15.0	   15.0	38839.3	 0.0196	 100.00	1363.42
    557	400848	     46	    6.0	    9.0	38769.7	 0.0195	 100.00	1363.42
    558	400848	     46	    8.0	    9.0	38700.4	 0.0196	 100.00	1363.51
    559	400848	     46	   10.0	   11.0	38631.3	 0.0195	 100.00	1363.51
    560	400848	     46	    9.0	   13.0	38562.5	 0.0195	 100.00	1363.64
    561	400848	     46	   11.0	   14.0	38493.9	 0.0195	 100.00	1363.68
    562	400848	     46	    9.0	    9.0	38425.5	 0.0195	 100.00	1363.82
    563	400848	     46	    7.0	    6.0	38357.4	 0.0195	 100.00	1363.86
    564	400848	     46	   16.0	   15.0	38289.5	 0.0195	 100.00	1363.97
    565	400848	     46	    9.0	   12.0	38221.9	 0.0195	 100.00	1363.99
    566	400848	     46	   11.0	   11.0	38154.5	 0.0194	 100.00	1364.10
    567	400848	     46	    7.0	   10.0	38087.4	 0.0194	 100.00	1364.12
    568	400848	     46	    9.0	    9.0	38020.4	 0.0194	 100.00	1364.22
    569	400848	     46	   10.0	   11.0	37953.8	 0.0193	 100.00	1364.22
    570	400848	     46	   10.0	   10.0	37887.3	 0.0193	 100.00	1364.29
    571	400848	     46	    8.0	    6.0	37821.1	 0.0193	 100.00	1364.30
    572	400848	     46	   11.0	   11.0	37755.1	 0.0193	 100.00	1364.40
    573	400848	     46	    6.0	    9.0	37689.3	 0.0193	 100.00	1364.44
    574	400848	     46	   22.0	   23.0	37623.8	 0.0195	 100.00	1364.54
    575	400848	     46	    6.0	   17.0	37558.5	 0.0195	 100.00	1364.56
    576	400848	     46	   11.0	   19.0	37493.5	 0.0195	 100.00	1364.64
    577	400848	     46	    7.0	   20.0	37428.7	 0.0195	 100.00	1364.63
    578	400848	     46	    9.0	    8.0	37364.0	 0.0195	 100.00	1364.71
    579	400848	     46	   13.0	    9.0	37299.6	 0.0194	 100.00	1364.70
    580	400848	     46	   10.0	   11.0	37235.4	 0.0194	 100.00	1364.78
    581	400848	     46	    7.0	    8.0	37171.5	 0.0194	 100.00	1364.78
    582	400848	     46	   11.0	    9.0	37107.7	 0.0194	 100.00	1364.85
    583	400848	     46	    9.0	    8.0	37044.2	 0.0194	 100.00	1364.85
    584	400848	     46	   15.0	   15.0	36980.9	 0.0193	 100.00	1364.93
    585	400848	     46	    6.0	   13.0	36917.8	 0.0193	 100.00	1364.93
    586	400848	     46	    8.0	    9.0	36854.9	 0.0193	 100.00	1365.01
    587	400848	     46	    8.0	    9.0	36792.3	 0.0193	 100.00	1365.00
    588	400848	     46	   13.0	   12.0	36729.8	 0.0193	 100.00	1365.08
    589	400848	     46	   10.0	   10.0	36667.6	 0.0193	 100.00	1365.09
    590	400848	     46	    8.0	   11.0	36605.6	 0.0193	 100.00	1365.19
    591	400848	     46	    6.0	    9.0	36543.8	 0.0193	 100.00	1365.21
    592	400848	     46	   11.0	    9.0	36482.1	 0.0192	 100.00	1365.31
    593	400848	     46	    9.0	   10.0	36420.7	 0.0192	 100.00	1365.34
    594	400848	     46	   17.0	   15.0	36359.6	 0.0192	 100.00	1365.41
    595	400848	     46	    7.0	   14.0	36298.6	 0.0192	 100.00	1365.40
    596	400848	     46	   10.0	   12.0	36237.8	 0.0192	 100.00	1364.81
    597	400848	     46	   11.0	    1.0	36177.2	 0.0192	 100.00	1364.20
    598	400848	     46	    9.0	    0.0	36116.8	 0.0192	 +99.83	1364.66
    599	400848	     46	    7.0	    7.0	36056.6	 0.0191	  99.83	1364.06
    600	400848	     46	   13.0	   13.0	35996.6	 0.0191	  99.83	1363.48
    601	400848	     46	    6.0	    0.0	35936.8	 0.0191	 +99.67	1364.70
    602	400848	     46	   12.0	   12.0	35877.3	 0.0190	  99.67	1364.05
    603	400848	     46	    6.0	    6.0	35817.9	 0.0190	  99.67	1363.36
    604	400848	     46	   11.0	    0.0	35758.7	 0.0190	 +99.50	1364.51
    605	400848	     46	   12.0	   12.0	35699.7	 0.0190	  99.50	1363.81
    606	400848	     46	   10.0	   13.0	35640.9	 0.0190	  99.51	1363.15
    607	400848	     46	    8.0	    1.0	35582.3	 0.0190	  99.51	1362.89
    608	400848	     46	    9.0	    1.0	35523.9	 0.0189	  99.51	1362.74
    609	400848	     46	    7.0	    6.0	35465.6	 0.0189	  99.51	1362.53
    610	400848	     46	   13.0	   11.0	35407.6	 0.0189	  99.51	1362.42
    611	400848	     46	    9.0	    0.0	35349.7	 0.0189	 +99.35	1363.46
    612	400848	     46	   12.0	   12.0	35292.1	 0.0188	  99.35	1362.93
    613	400848	     46	    7.0	    7.0	35234.6	 0.0188	  99.35	1362.93
    614	400848	     46	    9.0	    6.0	35177.3	 0.0188	  99.35	1362.92
    615	400848	     46	   19.0	   19.0	35120.3	 0.0189	  99.35	1363.01
    616	400848	     46	    9.0	   18.0	35063.4	 0.0189	  99.35	1363.00
    617	400848	     46	    8.0	   13.0	35006.7	 0.0188	  99.35	1362.81
    618	400848	     46	    8.0	    0.0	34950.1	 0.0188	 +99.19	1363.81
    619	400848	     46	    6.0	    6.0	34893.8	 0.0188	  99.19	1363.26
    620	400848	     46	   17.0	   17.0	34837.6	 0.0188	  99.19	1363.17
    621	400848	     46	    6.0	   11.0	34781.6	 0.0188	  99.20	1362.94
    622	400848	     46	    8.0	    9.0	34725.8	 0.0187	  99.20	1362.82
    623	400848	     46	    8.0	    0.0	34670.1	 0.0187	 +99.04	1363.87
    624	400848	     46	    9.0	    9.0	34614.7	 0.0187	  99.04	1363.31
    625	400848	     46	   15.0	   15.0	34559.4	 0.0186	  99.04	1363.20
    626	400848	     46	    9.0	   10.0	34504.3	 0.0186	  99.04	1362.99
    627	400848	     46	    7.0	    6.0	34449.4	 0.0186	  99.04	1362.88
    628	400848	     46	   12.0	    1.0	34394.6	 0.0186	  99.05	1362.03
    629	400848	     46	    9.0	    8.0	34340.0	 0.0186	  99.05	1361.84
    630	400848	     46	   13.0	   12.0	34285.6	 0.0186	  99.05	1361.69
    631	400848	     46	    7.0	    0.0	34231.4	 0.0185	 +98.89	1362.66
    632	400848	     46	    9.0	    9.0	34177.3	 0.0185	  98.89	1362.10
    633	400848	     46	    8.0	    8.0	34123.4	 0.0185	  98.90	1362.01
    634	400848	     46	   10.0	    1.0	34069.7	 0.0185	  98.90	1361.16
    635	400848	     46	   14.0	    3.0	34016.1	 0.0185	  98.90	1360.57
    636	400848	     46	   11.0	    2.0	33962.7	 0.0185	  98.90	1360.08
    637	400848	     46	    6.0	    1.0	33909.5	 0.0185	  98.90	1359.58
    638	400848	     46	   12.0	    1.0	33856.4	 0.0185	  98.90	1359.02
    639	400848	     46	    6.0	    7.0	33803.5	 0.0184	  98.91	1358.83
    640	400848	     46	   13.0	   13.0	33750.8	 0.0184	  98.91	1358.71
    641	400848	     46	    7.0	    0.0	33698.2	 0.0184	 +98.75	1359.62
    642	400848	     46	    9.0	    9.0	33645.8	 0.0184	  98.76	1359.05
    643	400848	     46	   11.0	   10.0	33593.6	 0.0184	  98.76	1358.96
    644	400848	     46	   10.0	    8.0	33541.5	 0.0184	  98.76	1358.76
    645	400848	     46	    7.0	    7.0	33489.6	 0.0184	  98.76	1358.66
    646	400848	     46	   15.0	    2.0	33437.9	 0.0184	  98.76	1358.43
    647	400848	     46	    9.0	    1.0	33386.3	 0.0184	  98.77	1357.65
    648	400848	     46	   11.0	    0.0	33334.8	 0.0183	 +98.61	1358.51
    649	400848	     46	    6.0	    6.0	33283.6	 0.0183	  98.62	1357.98
    650	400848	     46	    8.0	    8.0	33232.4	 0.0183	  98.62	1357.45
    651	400848	     46	   10.0	    1.0	33181.5	 0.0183	  98.62	1356.93
    652	400848	     46	   13.0	    1.0	33130.7	 0.0182	  98.62	1356.50
    653	400848	     46	    8.0	    1.0	33080.0	 0.0182	  98.62	1356.07
    654	400848	     46	    8.0	    1.0	33029.5	 0.0182	  98.63	1354.96
    655	400848	     46	    6.0	    0.0	32979.2	 0.0182	 +98.48	1355.56
    656	400848	     46	   27.0	   27.0	32929.0	 0.0185	  98.48	1354.94
    657	400848	     46	    9.0	   19.0	32879.0	 0.0184	  98.48	1354.43
    658	400848	     46	   11.0	    1.0	32829.1	 0.0184	  98.48	1354.19
    659	400848	     46	    7.0	    1.0	32779.4	 0.0184	  98.48	1353.93
    660	400848	     46	   10.0	   11.0	32729.8	 0.0184	  98.49	1353.70
    661	400848	     46	   13.0	   12.0	32680.4	 0.0184	  98.49	1353.62
    662	400848	     46	    9.0	    0.0	32631.1	 0.0184	 +98.34	1354.81
    663	400848	     46	    7.0	    7.0	32581.9	 0.0183	  98.34	1354.26
    664	400848	     46	   11.0	   11.0	32533.0	 0.0183	  98.35	1353.75
    665	400848	     46	    6.0	    0.0	32484.1	 0.0183	 +98.20	1354.84
    666	400848	     46	   16.0	   16.0	32435.4	 0.0183	  98.20	1354.31
    667	400848	     46	    6.0	    7.0	32386.9	 0.0183	  98.20	1354.22
    668	400848	     46	   11.0	    0.0	32338.5	 0.0182	 +98.06	1355.16
    669	400848	     46	    8.0	    8.0	32290.2	 0.0182	  98.06	1354.63
    670	400848	     46	   10.0	   10.0	32242.1	 0.0182	  98.06	1354.54
    671	400848	     46	   10.0	    1.0	32194.1	 0.0182	  98.07	1353.67
    672	400848	     46	    9.0	   10.0	32146.3	 0.0181	  98.07	1353.60
    673	400848	     46	    7.0	    7.0	32098.6	 0.0181	  98.07	1353.32
    674	400848	     46	   11.0	    0.0	32051.1	 0.0181	 +97.93	1354.67
    675	400848	     46	    9.0	    9.0	32003.7	 0.0181	  97.93	1354.17
    676	400848	     46	   18.0	   18.0	31956.4	 0.0181	  97.93	1353.88
    677	400848	     46	    7.0	    1.0	31909.3	 0.0181	  97.94	1353.24
    678	400848	     46	    9.0	    0.0	31862.3	 0.0180	 +97.79	1354.54
    679	400848	     46	   11.0	   11.0	31815.5	 0.0180	  97.79	1354.05
    680	400848	     46	    9.0	    9.0	31768.8	 0.0180	  97.80	1353.97
    681	400848	     46	   10.0	    0.0	31722.2	 0.0180	 +97.65	1355.37
    682	400848	     46	    8.0	    8.0	31675.7	 0.0179	  97.66	1354.87
    683	400848	     46	    6.0	    6.0	31629.4	 0.0179	  97.66	1354.77
    684	400848	     46	   15.0	    0.0	31583.3	 0.0179	 +97.52	1356.19
    685	400848	     46	    6.0	    6.0	31537.2	 0.0179	  97.52	1355.70
    686	400848	     46	    8.0	    8.0	31491.3	 0.0179	  97.53	1355.43
    687	400848	     46	   12.0	    3.0	31445.6	 0.0179	  97.53	1354.70
    688	400848	     46	    9.0	   12.0	31399.9	 0.0179	  97.53	1354.39
    689	400848	     46	   11.0	   13.0	31354.5	 0.0179	  97.54	1354.12
    690	400848	     46	    9.0	    0.0	31309.1	 0.0178	 +97.40	1355.79
    691	400848	     46	    7.0	    7.0	31263.8	 0.0178	  97.40	1355.39
    692	400848	     46	   14.0	   14.0	31218.8	 0.0178	  97.40	1355.51
    693	400848	     46	    9.0	   11.0	31173.8	 0.0178	  97.41	1355.56
    694	400848	     46	   11.0	   11.0	31128.9	 0.0178	  97.41	1355.68
    695	400848	     46	    7.0	    0.0	31084.2	 0.0177	 +97.27	1356.53
    696	400848	     46	    9.0	    9.0	31039.6	 0.0177	  97.27	1356.10
    697	400848	     46	   16.0	   16.0	30995.2	 0.0179	  97.28	1356.23
    698	400848	     46	   10.0	   14.0	30950.9	 0.0178	  97.28	1356.11
    699	400848	     46	    8.0	   14.0	30906.7	 0.0178	  97.29	1356.02
    700	400848	     46	   11.0	    0.0	30862.6	 0.0178	 +97.15	1357.13
    701	400848	     46	    6.0	    6.0	30818.6	 0.0178	  97.15	1356.65
    702	400848	     46	   14.0	   14.0	30774.8	 0.0178	  97.16	1356.55
    703	400848	     46	    6.0	    2.0	30731.1	 0.0178	  97.16	1355.84
    704	400848	     46	   11.0	   13.0	30687.5	 0.0177	  97.16	1355.66
    705	400848	     46	    7.0	    7.0	30644.1	 0.0177	  97.17	1355.59
    706	400848	     46	    9.0	    1.0	30600.7	 0.0177	  97.17	1355.14
    707	400848	     46	   15.0	   14.0	30557.5	 0.0177	  97.18	1354.96
    708	400848	     46	   10.0	   13.0	30514.4	 0.0177	  97.18	1354.87
    709	400848	     46	    7.0	    1.0	30471.5	 0.0177	  97.18	1354.53
    710	400848	     46	   11.0	   10.0	30428.6	 0.0177	  97.19	1354.37
    711	400848	     46	    9.0	    9.0	30385.9	 0.0177	  97.19	1354.27
    712	400848	     46	   13.0	    0.0	30343.3	 0.0176	 +97.05	1355.27
    713	400848	     46	    6.0	    6.0	30300.8	 0.0176	  97.06	1354.80
    714	400848	     46	    8.0	    8.0	30258.4	 0.0176	  97.06	1354.74
    715	400848	     46	    8.0	    8.0	30216.2	 0.0176	  97.07	1354.55
    716	400848	     46	   13.0	   13.0	30174.1	 0.0175	  97.07	1354.47
    717	400848	     46	   14.0	    4.0	30132.0	 0.0176	  97.08	1353.89
    718	400848	     46	    8.0	   12.0	30090.1	 0.0176	  97.08	1353.67
    719	400848	     46	    6.0	   10.0	30048.4	 0.0176	  97.08	1353.58
    720	400848	     46	   11.0	    0.0	30006.7	 0.0175	 +96.95	1354.87
    721	400848	     46	    9.0	    9.0	29965.1	 0.0175	  96.95	1354.44
    722	400848	     46	   13.0	   12.0	29923.7	 0.0175	  96.96	1354.56
    723	400848	     46	    7.0	    0.0	29882.4	 0.0175	 +96.82	1355.63
    724	400848	     46	   10.0	   10.0	29841.2	 0.0175	  96.83	1355.21
    725	400848	     46	   11.0	   10.0	29800.1	 0.0176	  96.83	1355.15
    726	400848	     46	    9.0	    5.0	29759.1	 0.0175	  96.84	1355.13
    727	400848	     46	    7.0	    0.0	29718.2	 0.0175	 +96.70	1356.14
    728	400848	     46	   15.0	   15.0	29677.5	 0.0175	  96.71	1355.72
    729	400848	     46	    6.0	    6.0	29636.8	 0.0175	  96.71	1355.30
    730	400848	     46	   12.0	    0.0	29596.3	 0.0174	 +96.58	1356.50
    731	400848	     46	    6.0	    6.0	29555.9	 0.0174	  96.58	1356.05
    732	400848	     46	   11.0	   11.0	29515.6	 0.0174	  96.59	1355.58
    733	400848	     46	   10.0	    2.0	29475.4	 0.0175	  96.59	1355.36
    734	400848	     46	   10.0	    3.0	29435.3	 0.0175	  96.60	1355.12
    735	400848	     46	    8.0	    2.0	29395.3	 0.0175	  96.60	1354.37
    736	400848	     46	    9.0	    1.0	29355.4	 0.0174	  96.61	1353.69
    737	400848	     46	    7.0	    1.0	29315.6	 0.0174	  96.61	1353.04
    738	400848	     46	   21.0	   20.0	29276.0	 0.0176	  96.62	1352.89
    739	400848	     46	    9.0	   15.0	29236.4	 0.0176	  96.62	1352.79
    740	400848	     46	   12.0	    1.0	29197.0	 0.0175	  96.63	1352.25
    741	400848	     46	    7.0	    6.0	29157.6	 0.0175	  96.63	1352.07
    742	400848	     46	    9.0	    8.0	29118.4	 0.0175	  96.64	1352.00
    743	400848	     46	   13.0	    1.0	29079.3	 0.0175	  96.64	1351.32
    744	400848	     46	    9.0	    8.0	29040.2	 0.0175	  96.64	1351.15
    745	400848	     46	    8.0	    9.0	29001.3	 0.0175	  96.65	1351.08
    746	400848	     46	    8.0	    1.0	28962.5	 0.0175	  96.65	1350.49
    747	400848	     46	    6.0	    2.0	28923.8	 0.0174	  96.66	1350.61
    748	400848	     46	   19.0	   17.0	28885.2	 0.0174	  96.66	1350.63
    749	400848	     46	    6.0	    6.0	28846.7	 0.0174	  96.67	1350.74
    750	400848	     46	    8.0	    6.0	28808.3	 0.0174	  96.67	1350.76
    751	400848	     46	    8.0	    9.0	28770.0	 0.0174	  96.68	1350.86
    752	400848	     46	    9.0	    8.0	28731.8	 0.0173	  96.68	1350.73
    753	400848	     46	   13.0	   13.0	28693.7	 0.0173	  96.68	1350.65
    754	400848	     46	    9.0	    2.0	28655.7	 0.0173	  96.69	1349.97
    755	400848	     46	    7.0	   12.0	28617.8	 0.0173	  96.69	1349.32
