./asc:main.c:294: warning: auxv random bytes were not cleared
  Round	    PC	Excited	Hamming	   Loss	 Regret	    MSE	  Error	   MIPS
      0	400144	     45	42313.0	42313.0	42313.0	 0.1295	 100.00	  47.09
      1	400800	     45	 1220.0	43525.0	21762.5	 0.1224	 100.00	 208.46
      2	400800	     45	    8.0	43525.0	14508.3	 0.0816	 100.00	 330.72
      3	400800	     45	   10.0	43527.0	10881.8	 0.0612	 100.00	 421.09
      4	400800	     45	   10.0	43525.0	17410.4	 0.0490	 100.00	 491.70
      5	400800	     45	    6.0	43531.0	21763.8	 0.0409	 100.00	 548.14
      6	400800	     45	   12.0	43527.0	24872.9	 0.0398	 100.00	 593.04
      7	400800	     45	    8.0	43531.0	27205.1	 0.0348	 100.00	 631.66
      8	400800	     45	   10.0	43525.0	29018.4	 0.0310	 100.00	 675.44
      9	400800	     45	    6.0	43527.0	30469.3	 0.0279	 100.00	 714.92
     10	400800	     45	    8.0	43531.0	31656.7	 0.0254	 100.00	 749.27
     11	400800	     45	   12.0	43527.0	32645.9	 0.0267	 100.00	 780.68
     12	400800	     45	   12.0	43527.0	33482.9	 0.0309	 100.00	 808.77
     13	400800	     45	    8.0	43527.0	34200.4	 0.0287	 100.00	 834.89
     14	400800	     45	    8.0	43531.0	34822.4	 0.0276	 100.00	 858.53
     15	400800	     45	    6.0	43533.0	35366.8	 0.0259	 100.00	 880.35
     16	400800	     45	   12.0	43525.0	35846.7	 0.0269	 100.00	 900.23
     17	400800	     45	    8.0	43529.0	36273.5	 0.0266	 100.00	 918.87
     18	400800	     45	   10.0	43527.0	36655.3	 0.0252	 100.00	 935.31
     19	400800	     45	    6.0	43533.0	36999.2	 0.0241	 100.00	 951.27
     20	400800	     45	   10.0	43531.0	37310.2	 0.0242	 100.00	 965.86
     21	400800	     45	   16.0	43527.0	37592.8	 0.0247	 100.00	 979.74
     22	400800	     45	    8.0	43527.0	37850.8	 0.0236	 100.00	 992.44
     23	400800	     45	    6.0	43533.0	38087.5	 0.0228	 100.00	1004.72
     24	400800	     45	   10.0	43527.0	38305.1	 0.0236	 100.00	1015.46
     25	400800	     45	    6.0	43529.0	38506.0	 0.0226	 100.00	1026.25
     26	400800	     45	   14.0	43527.0	38692.0	 0.0218	 100.00	1036.27
     27	400800	     45	    6.0	43529.0	38864.8	 0.0210	 100.00	1045.73
     28	400800	     45	   10.0	43531.0	39025.7	 0.0208	 100.00	1054.67
     29	400800	     45	    8.0	43531.0	39175.8	 0.0214	 100.00	1063.28
     30	400800	     45	   10.0	43533.0	39316.4	 0.0211	 100.00	1071.00
     31	400800	     45	   12.0	43529.0	39448.0	 0.0225	 100.00	1078.75
     32	400800	     45	    8.0	43525.0	39571.6	 0.0246	 100.00	1085.95
     33	400800	     45	    6.0	43531.0	39688.0	 0.0247	 100.00	1092.65
     34	400800	     45	   10.0	43529.0	39797.8	 0.0240	 100.00	1098.90
     35	400800	     45	    8.0	43533.0	39901.5	 0.0233	 100.00	1105.43
     36	400800	     45	   14.0	43527.0	39999.5	 0.0239	 100.00	1110.65
     37	400800	     45	    6.0	43533.0	40092.5	 0.0233	 100.00	1116.30
     38	400800	     45	    8.0	43533.0	40180.7	 0.0227	 100.00	1121.53
     39	400800	     45	   10.0	43535.0	40264.6	 0.0222	 100.00	1126.69
     40	400800	     45	    8.0	43531.0	40344.2	 0.0220	 100.00	1131.47
     41	400800	     45	   16.0	43523.0	40419.9	 0.0230	 100.00	1136.07
     42	400800	     45	    8.0	43527.0	40492.2	 0.0224	 100.00	1140.47
     43	400800	     45	    6.0	43529.0	40561.2	 0.0219	 100.00	1144.87
     44	400800	     45	   14.0	43527.0	40627.1	 0.0224	 100.00	1149.10
     45	400800	     45	    6.0	43529.0	40690.2	 0.0219	 100.00	1153.21
     46	400800	     45	    8.0	43533.0	40750.7	 0.0214	 100.00	1157.03
     47	400800	     45	   10.0	43531.0	40808.6	 0.0210	 100.00	1160.70
     48	400800	     45	    8.0	43527.0	40864.1	 0.0208	 100.00	1164.26
     49	400800	     45	   10.0	43529.0	40917.4	 0.0204	 100.00	1167.77
     50	400800	     45	    8.0	43529.0	40968.6	 0.0200	 100.00	1171.05
     51	400800	     45	    6.0	43535.0	41017.9	 0.0207	 100.00	1174.18
     52	400800	     45	   16.0	43527.0	41065.3	 0.0219	 100.00	1177.27
     53	400800	     45	    8.0	43531.0	41110.9	 0.0222	 100.00	1179.96
     54	400800	     45	   10.0	43529.0	41154.9	 0.0220	 100.00	1182.80
     55	400800	     45	    6.0	43535.0	41197.4	 0.0217	 100.00	1185.45
     56	400800	     45	    8.0	43531.0	41238.4	 0.0217	 100.00	1188.16
     57	400800	     45	   10.0	43529.0	41277.8	 0.0216	 100.00	1190.91
     58	400800	     45	   10.0	43531.0	41316.0	 0.0213	 100.00	1193.49
     59	400800	     45	    8.0	43531.0	41352.9	 0.0209	 100.00	1196.02
     60	400800	     45	   10.0	43533.0	41388.7	 0.0221	 100.00	1198.43
     61	400800	     45	    6.0	43535.0	41423.3	 0.0221	 100.00	1200.56
     62	400800	     45	   18.0	43529.0	41456.7	 0.0247	 100.00	1202.85
     63	400800	     45	    6.0	43531.0	41489.1	 0.0243	 100.00	1205.06
     64	400800	     45	   10.0	43525.0	41520.5	 0.0259	 100.00	1207.24
     65	400800	     45	    6.0	43531.0	41550.9	 0.0255	 100.00	1209.15
     66	400800	     45	    8.0	43531.0	41580.5	 0.0251	 100.00	1211.19
     67	400800	     45	   12.0	43531.0	41609.2	 0.0249	 100.00	1213.15
     68	400800	     45	   10.0	43529.0	41637.0	 0.0248	 100.00	1215.09
     69	400800	     45	    6.0	43535.0	41664.1	 0.0248	 100.00	1216.97
     70	400800	     45	   10.0	43533.0	41690.4	 0.0245	 100.00	1218.83
     71	400800	     45	    8.0	43537.0	41716.1	 0.0242	 100.00	1220.57
     72	400800	     45	   14.0	43527.0	41740.9	 0.0242	 100.00	1222.30
     73	400800	     45	    6.0	43529.0	41765.0	 0.0239	 100.00	1224.01
     74	400800	     45	    8.0	43533.0	41788.6	 0.0236	 100.00	1225.66
     75	400800	     45	    8.0	43533.0	41811.6	 0.0238	 100.00	1227.29
     76	400800	     45	   12.0	43533.0	41833.9	 0.0235	 100.00	1228.91
     77	400800	     45	   10.0	43531.0	41855.7	 0.0238	 100.00	1230.36
     78	400800	     45	    8.0	43535.0	41876.9	 0.0240	 100.00	1231.87
     79	400800	     45	    6.0	43537.0	41897.7	 0.0237	 100.00	1233.36
     80	400800	     45	   10.0	43531.0	41917.9	 0.0243	 100.00	1234.79
     81	400800	     45	    8.0	43535.0	41937.6	 0.0240	 100.00	1236.19
     82	400800	     45	   20.0	43523.0	41956.7	 0.0259	 100.00	1237.63
     83	400800	     45	    6.0	43529.0	41975.4	 0.0255	 100.00	1238.92
     84	400800	     45	   10.0	43527.0	41993.6	 0.0252	 100.00	1240.26
     85	400800	     45	   10.0	43529.0	42011.5	 0.0250	 100.00	1241.60
     86	400800	     45	    8.0	43529.0	42028.9	 0.0247	 100.00	1242.90
     87	400800	     45	    6.0	43535.0	42046.1	 0.0248	 100.00	1244.15
     88	400800	     45	   12.0	43527.0	42062.7	 0.0248	 100.00	1245.38
     89	400800	     45	    6.0	43529.0	42079.0	 0.0245	 100.00	1246.54
     90	400800	     45	   12.0	43529.0	42094.9	 0.0246	 100.00	1247.69
     91	400800	     45	    6.0	43531.0	42110.5	 0.0243	 100.00	1248.87
     92	400800	     45	   10.0	43533.0	42125.8	 0.0242	 100.00	1250.02
     93	400800	     45	   12.0	43529.0	42140.8	 0.0244	 100.00	1251.14
     94	400800	     45	   10.0	43531.0	42155.4	 0.0241	 100.00	1252.25
     95	400800	     45	    8.0	43531.0	42169.7	 0.0239	 100.00	1253.23
     96	400800	     45	    8.0	43527.0	42183.7	 0.0245	 100.00	1254.28
     97	400800	     45	    6.0	43533.0	42197.5	 0.0256	 100.00	1255.34
     98	400800	     45	   12.0	43529.0	42210.9	 0.0255	 100.00	1256.44
     99	400800	     45	    8.0	43533.0	42224.2	 0.0252	 100.00	1257.42
    100	400800	     45	   12.0	43529.0	42237.1	 0.0251	 100.00	1258.50
    101	400800	     45	    6.0	43535.0	42249.8	 0.0248	 100.00	1259.27
    102	400800	     45	    8.0	43535.0	42262.3	 0.0246	 100.00	1260.23
    103	400800	     45	   16.0	43531.0	42274.5	 0.0254	 100.00	1261.16
    104	400800	     45	    8.0	43527.0	42286.4	 0.0253	 100.00	1262.05
    105	400800	     45	    8.0	43527.0	42298.1	 0.0250	 100.00	1262.97
    106	400800	     45	    8.0	43531.0	42309.6	 0.0248	 100.00	1263.76
    107	400800	     45	    6.0	43533.0	42321.0	 0.0246	 100.00	1264.63
    108	400800	     45	   16.0	43529.0	42332.0	 0.0245	 100.00	1265.49
    109	400800	     45	    6.0	43531.0	42342.9	 0.0243	 100.00	1266.38
    110	400800	     45	    8.0	43535.0	42353.7	 0.0241	 100.00	1267.19
    111	400800	     45	    8.0	43535.0	42364.2	 0.0239	 100.00	1268.02
    112	400800	     45	    8.0	43531.0	42374.5	 0.0241	 100.00	1268.72
    113	400800	     45	   14.0	43529.0	42384.7	 0.0244	 100.00	1269.54
    114	400800	     45	    8.0	43529.0	42394.6	 0.0242	 100.00	1270.31
    115	400800	     45	    6.0	43535.0	42404.5	 0.0240	 100.00	1271.09
    116	400800	     45	   12.0	43531.0	42414.1	 0.0239	 100.00	1271.75
    117	400800	     45	    8.0	43535.0	42423.6	 0.0237	 100.00	1272.53
    118	400800	     45	   12.0	43531.0	42432.9	 0.0236	 100.00	1273.08
    119	400800	     45	    6.0	43537.0	42442.1	 0.0234	 100.00	1273.85
    120	400800	     45	    8.0	43533.0	42451.1	 0.0239	 100.00	1274.47
    121	400800	     45	    8.0	43533.0	42460.0	 0.0237	 100.00	1275.19
    122	400800	     45	   10.0	43535.0	42468.7	 0.0235	 100.00	1275.81
    123	400800	     45	   16.0	43527.0	42477.2	 0.0241	 100.00	1276.52
    124	400800	     45	   10.0	43529.0	42485.7	 0.0243	 100.00	1277.17
    125	400800	     45	    6.0	43531.0	42494.0	 0.0241	 100.00	1277.88
    126	400800	     45	   12.0	43531.0	42502.1	 0.0239	 100.00	1278.51
    127	400800	     45	    6.0	43533.0	42510.2	 0.0237	 100.00	1279.18
    128	400800	     45	   12.0	43525.0	42518.0	 0.0242	 100.00	1279.77
    129	400800	     45	    6.0	43531.0	42525.8	 0.0240	 100.00	1280.42
    130	400800	     45	    8.0	43531.0	42533.5	 0.0238	 100.00	1280.95
    131	400800	     45	   10.0	43533.0	42541.1	 0.0237	 100.00	1281.61
    132	400800	     45	   10.0	43531.0	42548.5	 0.0235	 100.00	1282.16
    133	400800	     45	    6.0	43537.0	42555.9	 0.0233	 100.00	1282.73
    134	400800	     45	   14.0	43531.0	42563.1	 0.0232	 100.00	1283.25
    135	400800	     45	    8.0	43535.0	42570.3	 0.0231	 100.00	1283.84
    136	400800	     45	   10.0	43529.0	42577.3	 0.0229	 100.00	1284.29
    137	400800	     45	    6.0	43531.0	42584.2	 0.0227	 100.00	1284.85
    138	400800	     45	    8.0	43535.0	42591.0	 0.0232	 100.00	1285.33
    139	400800	     45	   10.0	43533.0	42597.8	 0.0231	 100.00	1285.89
    140	400800	     45	   12.0	43533.0	42604.4	 0.0233	 100.00	1286.35
    141	400800	     45	    8.0	43533.0	42610.9	 0.0232	 100.00	1286.88
    142	400800	     45	    8.0	43537.0	42617.4	 0.0231	 100.00	1287.24
    143	400800	     45	    6.0	43539.0	42623.8	 0.0229	 100.00	1287.75
    144	400800	     45	   16.0	43527.0	42630.0	 0.0233	 100.00	1288.23
    145	400800	     45	    8.0	43531.0	42636.2	 0.0232	 100.00	1288.86
    146	400800	     45	   10.0	43529.0	42642.3	 0.0230	 100.00	1289.40
    147	400800	     45	    6.0	43535.0	42648.3	 0.0228	 100.00	1290.03
    148	400800	     45	   10.0	43533.0	42654.2	 0.0227	 100.00	1290.48
    149	400800	     45	   12.0	43533.0	42660.1	 0.0226	 100.00	1291.06
    150	400800	     45	    8.0	43533.0	42665.9	 0.0225	 100.00	1291.57
    151	400800	     45	    6.0	43539.0	42671.6	 0.0223	 100.00	1292.15
    152	400800	     45	   10.0	43533.0	42677.3	 0.0223	 100.00	1292.65
    153	400800	     45	    6.0	43535.0	42682.8	 0.0221	 100.00	1293.20
    154	400800	     45	   16.0	43531.0	42688.3	 0.0222	 100.00	1293.58
    155	400800	     45	    6.0	43533.0	42693.7	 0.0221	 100.00	1294.13
    156	400800	     45	   10.0	43535.0	42699.1	 0.0226	 100.00	1294.61
    157	400800	     45	    8.0	43535.0	42704.4	 0.0224	 100.00	1295.13
    158	400800	     45	   10.0	43537.0	42709.6	 0.0223	 100.00	1295.61
    159	400800	     45	   10.0	43535.0	42714.8	 0.0226	 100.00	1296.14
    160	400800	     45	    8.0	43531.0	42719.8	 0.0226	 100.00	1296.51
    161	400800	     45	    6.0	43537.0	42724.9	 0.0225	 100.00	1297.01
    162	400800	     45	   10.0	43535.0	42729.8	 0.0223	 100.00	1297.46
    163	400800	     45	    8.0	43539.0	42734.8	 0.0222	 100.00	1297.94
    164	400800	     45	   24.0	43523.0	42739.6	 0.0226	 100.00	1298.38
    165	400800	     45	    6.0	43529.0	42744.3	 0.0225	 100.00	1298.88
    166	400800	     45	    8.0	43529.0	42749.0	 0.0223	 100.00	1299.23
    167	400800	     45	   10.0	43531.0	42753.7	 0.0222	 100.00	1299.71
    168	400800	     45	    8.0	43527.0	42758.2	 0.0221	 100.00	1300.14
    169	400800	     45	   10.0	43525.0	42762.7	 0.0220	 100.00	1300.60
    170	400800	     45	    8.0	43529.0	42767.2	 0.0219	 100.00	1301.00
    171	400800	     45	    6.0	43531.0	42771.7	 0.0217	 100.00	1301.45
    172	400800	     45	   14.0	43529.0	42776.0	 0.0217	 100.00	1301.79
    173	400800	     45	    6.0	43531.0	42780.4	 0.0215	 100.00	1302.22
    174	400800	     45	    8.0	43535.0	42784.7	 0.0214	 100.00	1302.60
    175	400800	     45	   12.0	43531.0	42788.9	 0.0216	 100.00	1303.03
    176	400800	     45	    8.0	43527.0	42793.1	 0.0216	 100.00	1303.40
    177	400800	     45	   10.0	43529.0	42797.2	 0.0215	 100.00	1303.80
    178	400800	     45	    8.0	43529.0	42801.3	 0.0214	 100.00	1304.04
    179	400800	     45	    6.0	43535.0	42805.4	 0.0213	 100.00	1304.38
    180	400800	     45	   14.0	43529.0	42809.4	 0.0212	 100.00	1304.67
    181	400800	     45	    8.0	43533.0	42813.4	 0.0211	 100.00	1305.03
    182	400800	     45	   10.0	43531.0	42817.3	 0.0209	 100.00	1305.29
    183	400800	     45	    6.0	43537.0	42821.2	 0.0208	 100.00	1305.62
    184	400800	     45	    8.0	43533.0	42825.1	 0.0209	 100.00	1305.82
    185	400800	     45	   14.0	43527.0	42828.8	 0.0210	 100.00	1306.14
    186	400800	     45	   10.0	43529.0	42832.6	 0.0209	 100.00	1306.40
    187	400800	     45	    8.0	43529.0	42836.3	 0.0208	 100.00	1306.71
    188	400800	     45	   10.0	43531.0	42840.0	 0.0210	 100.00	1306.97
    189	400800	     45	    6.0	43533.0	42843.6	 0.0209	 100.00	1307.33
    190	400800	     45	   14.0	43531.0	42847.2	 0.0210	 100.00	1307.47
    191	400800	     45	    6.0	43533.0	42850.8	 0.0209	 100.00	1307.82
    192	400800	     45	   10.0	43527.0	42854.3	 0.0212	 100.00	1308.01
    193	400800	     45	    6.0	43533.0	42857.8	 0.0211	 100.00	1308.30
    194	400800	     45	    8.0	43533.0	42861.2	 0.0213	 100.00	1308.55
    195	400800	     45	   14.0	43531.0	42864.7	 0.0215	 100.00	1308.80
    196	400800	     45	   10.0	43529.0	42868.0	 0.0215	 100.00	1309.03
    197	400800	     45	    6.0	43535.0	42871.4	 0.0214	 100.00	1309.29
    198	400800	     45	   10.0	43533.0	42874.7	 0.0212	 100.00	1309.52
    199	400800	     45	    8.0	43537.0	42878.0	 0.0212	 100.00	1309.78
    200	400800	     45	   12.0	43529.0	42881.3	 0.0214	 100.00	1310.02
    201	400800	     45	    6.0	43531.0	42884.5	 0.0213	 100.00	1310.23
    202	400800	     45	    8.0	43535.0	42887.7	 0.0212	 100.00	1310.46
    203	400800	     45	    8.0	43535.0	42890.9	 0.0211	 100.00	1310.68
    204	400800	     45	   12.0	43535.0	42894.0	 0.0210	 100.00	1310.91
    205	400800	     45	   16.0	43527.0	42897.1	 0.0213	 100.00	1311.12
    206	400800	     45	    8.0	43531.0	42900.1	 0.0212	 100.00	1311.35
    207	400800	     45	    6.0	43533.0	42903.2	 0.0211	 100.00	1311.50
    208	400800	     45	   10.0	43527.0	42906.2	 0.0212	 100.00	1311.73
    209	400800	     45	    8.0	43531.0	42909.1	 0.0211	 100.00	1311.93
    210	400800	     45	   12.0	43527.0	42912.1	 0.0211	 100.00	1312.15
    211	400800	     45	    6.0	43533.0	42915.0	 0.0210	 100.00	1312.40
    212	400800	     45	   10.0	43531.0	42917.9	 0.0211	 100.00	1312.62
    213	400800	     45	   10.0	43533.0	42920.8	 0.0210	 100.00	1312.78
    214	400800	     45	    8.0	43533.0	42923.6	 0.0210	 100.00	1313.00
    215	400800	     45	    6.0	43539.0	42926.5	 0.0209	 100.00	1313.24
    216	400800	     45	   14.0	43529.0	42929.2	 0.0209	 100.00	1313.52
    217	400800	     45	    6.0	43531.0	42932.0	 0.0208	 100.00	1314.01
    218	400800	     45	   12.0	43531.0	42934.7	 0.0208	 100.00	1314.28
    219	400800	     45	    6.0	43533.0	42937.5	 0.0207	 100.00	1314.52
    220	400800	     45	   10.0	43535.0	42940.2	 0.0207	 100.00	1314.79
    221	400800	     45	   10.0	43533.0	42942.8	 0.0206	 100.00	1315.04
    222	400800	     45	   10.0	43535.0	42945.5	 0.0206	 100.00	1315.30
    223	400800	     45	    8.0	43535.0	42948.1	 0.0205	 100.00	1315.55
    224	400800	     45	    8.0	43531.0	42950.7	 0.0210	 100.00	1315.80
    225	400800	     45	    6.0	43537.0	42953.3	 0.0211	 100.00	1316.02
    226	400800	     45	   16.0	43529.0	42955.8	 0.0212	 100.00	1316.26
    227	400800	     45	    8.0	43533.0	42958.4	 0.0211	 100.00	1316.49
    228	400800	     45	   12.0	43529.0	42960.9	 0.0210	 100.00	1316.68
    229	400800	     45	    6.0	43535.0	42963.4	 0.0209	 100.00	1316.87
    230	400800	     45	    8.0	43535.0	42965.8	 0.0208	 100.00	1317.06
    231	400800	     45	   12.0	43535.0	42968.3	 0.0208	 100.00	1317.21
    232	400800	     45	    8.0	43531.0	42970.7	 0.0207	 100.00	1317.39
    233	400800	     45	    8.0	43531.0	42973.1	 0.0206	 100.00	1317.58
    234	400800	     45	    8.0	43535.0	42975.5	 0.0206	 100.00	1317.77
    235	400800	     45	    6.0	43537.0	42977.9	 0.0205	 100.00	1317.96
    236	400800	     45	   18.0	43531.0	42980.2	 0.0205	 100.00	1318.14
    237	400800	     45	    6.0	43533.0	42982.5	 0.0204	 100.00	1318.29
    238	400800	     45	    8.0	43537.0	42984.8	 0.0205	 100.00	1318.47
    239	400800	     45	    8.0	43537.0	42987.1	 0.0204	 100.00	1318.65
    240	400800	     45	    8.0	43533.0	42989.4	 0.0204	 100.00	1318.82
    241	400800	     45	   12.0	43533.0	42991.7	 0.0204	 100.00	1319.00
    242	400800	     45	    8.0	43533.0	42993.9	 0.0203	 100.00	1319.17
    243	400800	     45	    6.0	43539.0	42996.1	 0.0202	 100.00	1319.32
    244	400800	     45	   12.0	43535.0	42998.3	 0.0203	 100.00	1319.47
    245	400800	     45	    8.0	43539.0	43000.5	 0.0202	 100.00	1319.66
    246	400800	     45	   20.0	43527.0	43002.6	 0.0202	 100.00	1319.84
    247	400800	     45	    6.0	43533.0	43004.8	 0.0202	 100.00	1320.01
    248	400800	     45	    8.0	43529.0	43006.9	 0.0201	 100.00	1320.18
    249	400800	     45	    8.0	43529.0	43009.0	 0.0200	 100.00	1320.32
    250	400800	     45	   10.0	43531.0	43011.1	 0.0199	 100.00	1320.50
    251	400800	     45	   10.0	43529.0	43013.1	 0.0199	 100.00	1320.68
    252	400800	     45	   10.0	43531.0	43015.2	 0.0199	 100.00	1320.85
    253	400800	     45	    6.0	43533.0	43017.2	 0.0198	 100.00	1321.04
    254	400800	     45	   12.0	43533.0	43019.2	 0.0198	 100.00	1321.22
    255	400800	     45	    6.0	43535.0	43021.2	 0.0197	 100.00	1321.35
    256	400800	     45	   14.0	43525.0	43023.2	 0.0202	 100.00	1321.53
    257	400800	     45	    6.0	43531.0	43025.2	 0.0201	 100.00	1321.70
    258	400800	     45	    8.0	43531.0	43027.1	 0.0200	 100.00	1321.87
    259	400800	     45	   10.0	43533.0	43029.1	 0.0199	 100.00	1322.05
    260	400800	     45	   10.0	43531.0	43031.0	 0.0199	 100.00	1322.20
    261	400800	     45	    6.0	43537.0	43032.9	 0.0201	 100.00	1322.35
    262	400800	     45	   12.0	43533.0	43034.8	 0.0201	 100.00	1322.51
    263	400800	     45	    8.0	43537.0	43036.7	 0.0201	 100.00	1322.65
    264	400800	     45	   10.0	43531.0	43038.6	 0.0202	 100.00	1322.84
    265	400800	     45	    6.0	43533.0	43040.4	 0.0201	 100.00	1322.99
    266	400800	     45	    8.0	43537.0	43042.3	 0.0203	 100.00	1323.19
    267	400800	     45	   14.0	43531.0	43044.1	 0.0205	 100.00	1323.29
    268	400800	     45	   12.0	43531.0	43045.9	 0.0205	 100.00	1323.44
    269	400800	     45	    8.0	43531.0	43047.7	 0.0205	 100.00	1323.62
    270	400800	     45	    8.0	43535.0	43049.5	 0.0204	 100.00	1323.78
    271	400800	     45	    6.0	43537.0	43051.3	 0.0203	 100.00	1323.93
    272	400800	     45	   12.0	43529.0	43053.1	 0.0203	 100.00	1324.06
    273	400800	     45	    8.0	43533.0	43054.8	 0.0203	 100.00	1324.22
    274	400800	     45	   10.0	43531.0	43056.6	 0.0202	 100.00	1324.37
    275	400800	     45	    6.0	43537.0	43058.3	 0.0201	 100.00	1324.55
    276	400800	     45	   10.0	43535.0	43060.0	 0.0202	 100.00	1324.69
    277	400800	     45	   14.0	43533.0	43061.7	 0.0201	 100.00	1324.87
    278	400800	     45	    8.0	43533.0	43063.4	 0.0201	 100.00	1324.96
    279	400800	     45	    6.0	43539.0	43065.1	 0.0200	 100.00	1325.12
    280	400800	     45	   10.0	43533.0	43066.8	 0.0199	 100.00	1325.26
    281	400800	     45	    6.0	43535.0	43068.4	 0.0199	 100.00	1325.42
    282	400800	     45	   14.0	43533.0	43070.1	 0.0199	 100.00	1325.56
    283	400800	     45	    6.0	43535.0	43071.7	 0.0198	 100.00	1325.70
    284	400800	     45	   10.0	43537.0	43073.3	 0.0198	 100.00	1325.81
    285	400800	     45	    8.0	43537.0	43075.0	 0.0198	 100.00	1325.95
    286	400800	     45	   10.0	43539.0	43076.6	 0.0198	 100.00	1326.06
    287	400800	     45	   16.0	43531.0	43078.2	 0.0199	 100.00	1326.22
    288	400800	     45	    8.0	43527.0	43079.7	 0.0202	 100.00	1326.33
    289	400800	     45	    6.0	43533.0	43081.3	 0.0202	 100.00	1326.48
    290	400800	     45	   10.0	43531.0	43082.8	 0.0201	 100.00	1326.54
    291	400800	     45	    8.0	43535.0	43084.4	 0.0200	 100.00	1326.84
    292	400800	     45	   14.0	43529.0	43085.9	 0.0201	 100.00	1326.94
    293	400800	     45	    6.0	43535.0	43087.4	 0.0200	 100.00	1327.09
    294	400800	     45	    8.0	43535.0	43088.9	 0.0200	 100.00	1327.18
    295	400800	     45	   10.0	43537.0	43090.4	 0.0199	 100.00	1327.32
    296	400800	     45	    8.0	43533.0	43091.9	 0.0198	 100.00	1327.38
    297	400800	     45	   12.0	43529.0	43093.4	 0.0199	 100.00	1327.52
    298	400800	     45	    8.0	43533.0	43094.9	 0.0198	 100.00	1327.65
    299	400800	     45	    6.0	43535.0	43096.3	 0.0197	 100.00	1327.80
    300	400800	     45	   14.0	43533.0	43097.8	 0.0197	 100.00	1327.92
    301	400800	     45	    6.0	43535.0	43099.2	 0.0196	 100.00	1328.06
    302	400800	     45	    8.0	43539.0	43100.7	 0.0196	 100.00	1328.13
    303	400800	     45	   10.0	43537.0	43102.1	 0.0195	 100.00	1328.26
    304	400800	     45	    8.0	43533.0	43103.5	 0.0195	 100.00	1328.35
    305	400800	     45	   10.0	43535.0	43105.0	 0.0194	 100.00	1328.48
    306	400800	     45	    8.0	43535.0	43106.4	 0.0194	 100.00	1328.56
    307	400800	     45	    6.0	43541.0	43107.8	 0.0193	 100.00	1328.69
    308	400800	     45	   18.0	43531.0	43109.1	 0.0192	 100.00	1328.76
    309	400800	     45	    8.0	43535.0	43110.5	 0.0192	 100.00	1328.89
    310	400800	     45	   10.0	43533.0	43111.9	 0.0191	 100.00	1328.99
    311	400800	     45	    6.0	43539.0	43113.2	 0.0191	 100.00	1329.12
    312	400800	     45	    8.0	43535.0	43114.6	 0.0190	 100.00	1329.21
    313	400800	     45	   10.0	43533.0	43115.9	 0.0190	 100.00	1329.33
    314	400800	     45	   10.0	43535.0	43117.2	 0.0189	 100.00	1329.40
    315	400800	     45	    8.0	43535.0	43118.6	 0.0188	 100.00	1329.54
    316	400800	     45	   10.0	43537.0	43119.9	 0.0189	 100.00	1329.62
    317	400800	     45	    6.0	43539.0	43121.2	 0.0189	 100.00	1329.74
    318	400800	     45	   16.0	43535.0	43122.5	 0.0189	 100.00	1329.84
    319	400800	     45	    6.0	43537.0	43123.8	 0.0189	 100.00	1329.96
    320	400800	     45	   10.0	43531.0	43125.1	 0.0190	 100.00	1330.03
    321	400800	     45	    6.0	43537.0	43126.3	 0.0189	 100.00	1330.15
    322	400800	     45	    8.0	43537.0	43127.6	 0.0189	 100.00	1330.25
    323	400800	     45	   12.0	43537.0	43128.9	 0.0189	 100.00	1330.37
    324	400800	     45	   10.0	43535.0	43130.1	 0.0189	 100.00	1330.47
    325	400800	     45	    6.0	43541.0	43131.4	 0.0190	 100.00	1330.60
    326	400800	     45	   10.0	43539.0	43132.6	 0.0190	 100.00	1330.65
    327	400800	     45	    8.0	43543.0	43133.9	 0.0189	 100.00	1330.78
    328	400800	     45	   24.0	43523.0	43135.1	 0.0192	 100.00	1330.88
    329	400800	     45	    6.0	43525.0	43136.3	 0.0191	 100.00	1331.01
    330	400800	     45	    8.0	43529.0	43137.4	 0.0190	 100.00	1331.10
    331	400800	     45	    8.0	43529.0	43138.6	 0.0190	 100.00	1331.24
    332	400800	     45	   12.0	43529.0	43139.8	 0.0189	 100.00	1331.30
    333	400800	     45	   10.0	43527.0	43140.9	 0.0190	 100.00	1331.43
    334	400800	     45	    8.0	43531.0	43142.1	 0.0189	 100.00	1331.53
    335	400800	     45	    6.0	43533.0	43143.3	 0.0189	 100.00	1331.65
    336	400800	     45	   10.0	43527.0	43144.4	 0.0188	 100.00	1331.75
    337	400800	     45	    8.0	43531.0	43145.6	 0.0188	 100.00	1331.87
    338	400800	     45	   14.0	43525.0	43146.7	 0.0187	 100.00	1331.95
    339	400800	     45	    6.0	43531.0	43147.8	 0.0187	 100.00	1332.07
    340	400800	     45	   10.0	43529.0	43148.9	 0.0186	 100.00	1332.12
    341	400800	     45	   10.0	43531.0	43150.0	 0.0186	 100.00	1332.25
    342	400800	     45	    8.0	43531.0	43151.2	 0.0185	 100.00	1332.34
    343	400800	     45	    6.0	43537.0	43152.3	 0.0185	 100.00	1332.46
    344	400800	     45	   12.0	43529.0	43153.4	 0.0184	 100.00	1332.52
    345	400800	     45	    6.0	43531.0	43154.5	 0.0184	 100.00	1332.63
    346	400800	     45	   12.0	43531.0	43155.5	 0.0183	 100.00	1332.72
    347	400800	     45	    6.0	43533.0	43156.6	 0.0183	 100.00	1332.84
    348	400800	     45	   10.0	43535.0	43157.7	 0.0185	 100.00	1332.92
    349	400800	     45	   14.0	43529.0	43158.8	 0.0186	 100.00	1333.09
    350	400800	     45	   10.0	43531.0	43159.8	 0.0185	 100.00	1333.09
    351	400800	     45	    8.0	43531.0	43160.9	 0.0185	 100.00	1333.22
    352	400800	     45	    8.0	43527.0	43161.9	 0.0186	 100.00	1333.28
    353	400800	     45	    6.0	43533.0	43163.0	 0.0185	 100.00	1333.29
    354	400800	     45	   12.0	43529.0	43164.0	 0.0185	 100.00	1333.37
    355	400800	     45	    8.0	43533.0	43165.0	 0.0184	 100.00	1333.45
    356	400800	     45	   12.0	43529.0	43166.1	 0.0184	 100.00	1333.53
    357	400800	     45	    6.0	43535.0	43167.1	 0.0184	 100.00	1333.63
    358	400800	     45	    8.0	43535.0	43168.1	 0.0183	 100.00	1333.71
    359	400800	     45	   14.0	43533.0	43169.1	 0.0184	 100.00	1333.80
    360	400800	     45	    8.0	43529.0	43170.1	 0.0183	 100.00	1333.89
    361	400800	     45	    8.0	43529.0	43171.1	 0.0183	 100.00	1333.94
    362	400800	     45	    8.0	43533.0	43172.1	 0.0183	 100.00	1334.03
    363	400800	     45	    6.0	43535.0	43173.1	 0.0182	 100.00	1334.11
    364	400800	     45	   16.0	43531.0	43174.1	 0.0182	 100.00	1334.20
    365	400800	     45	    6.0	43533.0	43175.1	 0.0182	 100.00	1334.26
    366	400800	     45	    8.0	43537.0	43176.1	 0.0181	 100.00	1334.35
    367	400800	     45	    8.0	43537.0	43177.0	 0.0181	 100.00	1334.39
    368	400800	     45	    8.0	43533.0	43178.0	 0.0181	 100.00	1334.47
    369	400800	     45	   18.0	43527.0	43178.9	 0.0182	 100.00	1334.54
    370	400800	     45	    8.0	43527.0	43179.9	 0.0182	 100.00	1334.63
    371	400800	     45	    6.0	43533.0	43180.8	 0.0181	 100.00	1334.69
    372	400800	     45	   12.0	43529.0	43181.8	 0.0181	 100.00	1334.77
    373	400800	     45	    8.0	43533.0	43182.7	 0.0180	 100.00	1334.81
    374	400800	     45	   12.0	43529.0	43183.6	 0.0180	 100.00	1334.90
    375	400800	     45	    6.0	43535.0	43184.6	 0.0179	 100.00	1334.99
    376	400800	     45	    8.0	43531.0	43185.5	 0.0179	 100.00	1335.07
    377	400800	     45	    8.0	43531.0	43186.4	 0.0178	 100.00	1335.11
    378	400800	     45	   10.0	43533.0	43187.3	 0.0178	 100.00	1335.19
    379	400800	     45	   12.0	43529.0	43188.2	 0.0178	 100.00	1335.24
    380	400800	     45	   10.0	43531.0	43189.1	 0.0178	 100.00	1335.31
    381	400800	     45	    6.0	43533.0	43190.0	 0.0177	 100.00	1335.40
    382	400800	     45	   12.0	43533.0	43190.9	 0.0177	 100.00	1335.47
    383	400800	     45	    6.0	43535.0	43191.8	 0.0177	 100.00	1335.55
    384	400800	     45	   12.0	43527.0	43192.7	 0.0177	 100.00	1335.62
    385	400800	     45	    6.0	43533.0	43193.6	 0.0177	 100.00	1335.67
    386	400800	     45	    8.0	43533.0	43194.4	 0.0176	 100.00	1335.74
    387	400800	     45	   10.0	43535.0	43195.3	 0.0176	 100.00	1335.81
    388	400800	     45	   10.0	43533.0	43196.2	 0.0175	 100.00	1335.88
    389	400800	     45	    6.0	43539.0	43197.1	 0.0177	 100.00	1335.95
    390	400800	     45	   16.0	43531.0	43197.9	 0.0177	 100.00	1336.03
    391	400800	     45	    8.0	43535.0	43198.8	 0.0176	 100.00	1336.08
    392	400800	     45	   10.0	43529.0	43199.6	 0.0176	 100.00	1336.14
    393	400800	     45	    6.0	43531.0	43200.5	 0.0176	 100.00	1336.21
    394	400800	     45	    8.0	43535.0	43201.3	 0.0175	 100.00	1336.30
    395	400800	     45	   10.0	43533.0	43202.1	 0.0175	 100.00	1336.40
    396	400800	     45	   12.0	43533.0	43203.0	 0.0174	 100.00	1336.49
    397	400800	     45	    8.0	43533.0	43203.8	 0.0174	 100.00	1336.55
    398	400800	     45	    8.0	43537.0	43204.6	 0.0174	 100.00	1336.64
    399	400800	     45	    6.0	43539.0	43205.5	 0.0175	 100.00	1336.74
    400	400800	     45	   14.0	43529.0	43206.3	 0.0175	 100.00	1336.83
    401	400800	     45	    8.0	43533.0	43207.1	 0.0175	 100.00	1336.91
    402	400800	     45	   10.0	43531.0	43207.9	 0.0177	 100.00	1337.00
    403	400800	     45	    6.0	43537.0	43208.7	 0.0176	 100.00	1337.07
    404	400800	     45	   10.0	43535.0	43209.5	 0.0176	 100.00	1337.16
    405	400800	     45	   12.0	43535.0	43210.3	 0.0176	 100.00	1337.25
    406	400800	     45	    8.0	43535.0	43211.1	 0.0176	 100.00	1337.34
    407	400800	     45	    6.0	43541.0	43211.9	 0.0175	 100.00	1337.43
    408	400800	     45	   10.0	43535.0	43212.7	 0.0175	 100.00	1337.53
    409	400800	     45	    6.0	43537.0	43213.5	 0.0175	 100.00	1337.60
    410	400800	     45	   22.0	43527.0	43214.3	 0.0179	 100.00	1337.71
    411	400800	     45	    6.0	43529.0	43215.0	 0.0179	 100.00	1337.80
    412	400800	     45	   10.0	43531.0	43215.8	 0.0179	 100.00	1337.89
    413	400800	     45	    8.0	43531.0	43216.6	 0.0179	 100.00	1337.99
    414	400800	     45	   10.0	43533.0	43217.3	 0.0178	 100.00	1338.09
    415	400800	     45	   10.0	43531.0	43218.1	 0.0178	 100.00	1338.16
    416	400800	     45	    8.0	43527.0	43218.8	 0.0178	 100.00	1338.24
    417	400800	     45	    6.0	43533.0	43219.6	 0.0178	 100.00	1338.33
    418	400800	     45	   10.0	43531.0	43220.3	 0.0177	 100.00	1338.43
    419	400800	     45	    8.0	43535.0	43221.1	 0.0177	 100.00	1338.52
    420	400800	     45	   16.0	43527.0	43221.8	 0.0178	 100.00	1338.60
    421	400800	     45	    6.0	43533.0	43222.5	 0.0177	 100.00	1338.67
    422	400800	     45	    8.0	43533.0	43223.3	 0.0177	 100.00	1338.75
    423	400800	     45	   10.0	43535.0	43224.0	 0.0177	 100.00	1338.84
    424	400800	     45	    8.0	43531.0	43224.7	 0.0176	 100.00	1338.93
    425	400800	     45	   10.0	43529.0	43225.4	 0.0176	 100.00	1339.01
    426	400800	     45	    8.0	43533.0	43226.1	 0.0176	 100.00	1339.10
    427	400800	     45	    6.0	43535.0	43226.9	 0.0175	 100.00	1339.17
    428	400800	     45	   14.0	43533.0	43227.6	 0.0175	 100.00	1339.25
    429	400800	     45	    6.0	43535.0	43228.3	 0.0175	 100.00	1339.34
    430	400800	     45	    8.0	43539.0	43229.0	 0.0177	 100.00	1339.43
    431	400800	     45	   14.0	43533.0	43229.7	 0.0179	 100.00	1339.51
    432	400800	     45	    8.0	43529.0	43230.4	 0.0178	 100.00	1339.59
    433	400800	     45	   10.0	43531.0	43231.1	 0.0178	 100.00	1339.65
    434	400800	     45	    8.0	43531.0	43231.8	 0.0177	 100.00	1339.70
    435	400800	     45	    6.0	43537.0	43232.5	 0.0177	 100.00	1339.78
    436	400800	     45	   14.0	43531.0	43233.2	 0.0177	 100.00	1339.87
    437	400800	     45	    8.0	43535.0	43233.9	 0.0177	 100.00	1339.95
    438	400800	     45	   10.0	43533.0	43234.6	 0.0176	 100.00	1340.04
    439	400800	     45	    6.0	43539.0	43235.2	 0.0176	 100.00	1340.10
    440	400800	     45	    8.0	43535.0	43235.9	 0.0176	 100.00	1340.18
    441	400800	     45	   12.0	43531.0	43236.6	 0.0176	 100.00	1340.26
    442	400800	     45	   10.0	43533.0	43237.3	 0.0176	 100.00	1340.34
    443	400800	     45	    8.0	43533.0	43237.9	 0.0175	 100.00	1340.41
    444	400800	     45	   10.0	43535.0	43238.6	 0.0176	 100.00	1340.49
    445	400800	     45	    6.0	43537.0	43239.3	 0.0175	 100.00	1340.55
    446	400800	     45	   14.0	43535.0	43239.9	 0.0175	 100.00	1340.63
    447	400800	     45	    6.0	43537.0	43240.6	 0.0174	 100.00	1340.71
    448	400800	     45	   10.0	43531.0	43241.2	 0.0175	 100.00	1340.78
    449	400800	     45	    6.0	43537.0	43241.9	 0.0174	 100.00	1340.86
    450	400800	     45	    8.0	43537.0	43242.5	 0.0174	 100.00	1340.94
    451	400800	     45	   18.0	43531.0	43243.2	 0.0175	 100.00	1341.00
    452	400800	     45	   10.0	43529.0	43243.8	 0.0175	 100.00	1341.08
    453	400800	     45	    6.0	43535.0	43244.5	 0.0174	 100.00	1341.16
    454	400800	     45	   10.0	43533.0	43245.1	 0.0174	 100.00	1341.24
    455	400800	     45	    8.0	43537.0	43245.7	 0.0174	 100.00	1341.32
    456	400800	     45	   12.0	43529.0	43246.4	 0.0173	 100.00	1341.42
    457	400800	     45	    6.0	43531.0	43247.0	 0.0173	 100.00	1341.45
    458	400800	     45	    8.0	43535.0	43247.6	 0.0172	 100.00	1341.54
    459	400800	     45	    8.0	43535.0	43248.2	 0.0172	 100.00	1341.61
    460	400800	     45	   12.0	43535.0	43248.8	 0.0172	 100.00	1341.69
    461	400800	     45	   12.0	43531.0	43249.5	 0.0173	 100.00	1341.73
    462	400800	     45	    8.0	43535.0	43250.1	 0.0173	 100.00	1341.81
    463	400800	     45	    6.0	43537.0	43250.7	 0.0172	 100.00	1341.82
    464	400800	     45	   10.0	43531.0	43251.3	 0.0172	 100.00	1341.88
    465	400800	     45	    8.0	43535.0	43251.9	 0.0172	 100.00	1341.93
    466	400800	     45	   12.0	43531.0	43252.5	 0.0171	 100.00	1341.99
    467	400800	     45	    6.0	43537.0	43253.1	 0.0171	 100.00	1342.05
    468	400800	     45	   10.0	43535.0	43253.7	 0.0171	 100.00	1342.08
    469	400800	     45	   10.0	43537.0	43254.3	 0.0171	 100.00	1342.14
    470	400800	     45	    8.0	43537.0	43254.9	 0.0170	 100.00	1342.19
    471	400800	     45	    6.0	43543.0	43255.5	 0.0171	 100.00	1342.24
    472	400800	     45	   16.0	43531.0	43256.1	 0.0171	 100.00	1342.29
    473	400800	     45	    6.0	43533.0	43256.7	 0.0171	 100.00	1342.35
    474	400800	     45	   12.0	43533.0	43257.3	 0.0171	 100.00	1342.38
    475	400800	     45	    6.0	43535.0	43257.9	 0.0170	 100.00	1342.43
    476	400800	     45	   10.0	43537.0	43258.4	 0.0170	 100.00	1342.48
    477	400800	     45	   10.0	43535.0	43259.0	 0.0170	 100.00	1342.53
    478	400800	     45	   10.0	43537.0	43259.6	 0.0169	 100.00	1342.58
    479	400800	     45	    8.0	43537.0	43260.2	 0.0169	 100.00	1342.62
    480	400800	     45	    8.0	43533.0	43260.7	 0.0169	 100.00	1342.63
    481	400800	     45	    6.0	43539.0	43261.3	 0.0169	 100.00	1342.69
    482	400800	     45	   14.0	43533.0	43261.9	 0.0169	 100.00	1342.71
    483	400800	     45	    8.0	43537.0	43262.5	 0.0168	 100.00	1342.78
    484	400800	     45	   12.0	43533.0	43263.0	 0.0168	 100.00	1342.80
    485	400800	     45	    6.0	43539.0	43263.6	 0.0168	 100.00	1342.86
    486	400800	     45	    8.0	43539.0	43264.1	 0.0167	 100.00	1342.86
    487	400800	     45	   12.0	43539.0	43264.7	 0.0167	 100.00	1342.92
    488	400800	     45	    8.0	43535.0	43265.3	 0.0167	 100.00	1342.96
    489	400800	     45	    8.0	43535.0	43265.8	 0.0167	 100.00	1343.02
    490	400800	     45	    8.0	43539.0	43266.4	 0.0166	 100.00	1343.07
    491	400800	     45	    6.0	43541.0	43266.9	 0.0166	 100.00	1343.13
    492	400800	     45	   26.0	43527.0	43267.5	 0.0168	 100.00	1343.15
    493	400800	     45	    6.0	 1286.0	43182.5	 0.0168	 100.00	1342.76
    494	400800	     45	    8.0	 1290.0	43097.8	 0.0169	 100.00	1342.85
    495	400800	     45	    8.0	    7.0	43011.0	 0.0169	 100.00	1343.04
    496	400800	     45	    8.0	    7.0	42924.4	 0.0168	 100.00	1343.08
    497	400800	     45	   12.0	   12.0	42838.3	 0.0168	 100.00	1343.25
    498	400800	     45	    8.0	    8.0	42752.4	 0.0168	 100.00	1343.24
    499	400800	     45	    6.0	    6.0	42666.9	 0.0167	 100.00	1343.41
    500	400800	     45	   12.0	   10.0	42581.8	 0.0167	 100.00	1343.41
    501	400800	     45	    8.0	    8.0	42497.0	 0.0167	 100.00	1343.58
    502	400800	     45	   14.0	   10.0	42412.5	 0.0167	 100.00	1343.60
    503	400800	     45	    6.0	    8.0	42328.4	 0.0166	 100.00	1343.76
    504	400800	     45	    8.0	   12.0	42244.6	 0.0166	 100.00	1343.76
    505	400800	     45	    8.0	    8.0	42161.1	 0.0166	 100.00	1343.93
    506	400800	     45	   10.0	    6.0	42078.0	 0.0165	 100.00	1343.95
    507	400800	     45	   10.0	   10.0	41995.2	 0.0165	 100.00	1344.13
    508	400800	     45	   10.0	   12.0	41912.7	 0.0165	 100.00	1344.17
    509	400800	     45	    6.0	    6.0	41830.5	 0.0165	 100.00	1344.35
    510	400800	     45	   12.0	    8.0	41748.7	 0.0166	 100.00	1344.38
    511	400800	     45	    6.0	    6.0	41667.1	 0.0165	 100.00	1344.55
    512	400800	     45	   16.0	   14.0	41585.9	 0.0166	 100.00	1344.59
    513	400800	     45	    6.0	    9.0	41505.1	 0.0165	 100.00	1344.76
    514	400800	     45	    8.0	    9.0	41424.5	 0.0165	 100.00	1344.78
    515	400800	     45	   10.0	   10.0	41344.2	 0.0165	 100.00	1344.93
    516	400800	     45	   10.0	    8.0	41264.3	 0.0164	 100.00	1344.95
    517	400800	     45	    6.0	    6.0	41184.6	 0.0164	 100.00	1345.10
    518	400800	     45	   12.0	   10.0	41105.3	 0.0165	 100.00	1345.12
    519	400800	     45	    8.0	   11.0	41026.3	 0.0164	 100.00	1345.27
    520	400800	     45	   10.0	   13.0	40947.5	 0.0164	 100.00	1345.24
    521	400800	     45	    6.0	    6.0	40869.1	 0.0164	 100.00	1345.39
    522	400800	     45	    8.0	    6.0	40791.0	 0.0164	 100.00	1345.41
    523	400800	     45	   12.0	   11.0	40713.1	 0.0164	 100.00	1345.55
    524	400800	     45	   12.0	   11.0	40635.6	 0.0165	 100.00	1345.52
    525	400800	     45	    8.0	   10.0	40558.4	 0.0165	 100.00	1345.66
    526	400800	     45	    8.0	   10.0	40481.4	 0.0165	 100.00	1345.67
    527	400800	     45	    6.0	    8.0	40404.8	 0.0165	 100.00	1345.82
    528	400800	     45	   12.0	    8.0	40328.4	 0.0166	 100.00	1345.82
    529	400800	     45	    8.0	   10.0	40252.3	 0.0166	 100.00	1345.96
    530	400800	     45	   10.0	    4.0	40176.5	 0.0165	 100.00	1345.93
    531	400800	     45	    6.0	    6.0	40101.0	 0.0165	 100.00	1346.07
    532	400800	     45	   10.0	    8.0	40025.8	 0.0165	 100.00	1346.07
    533	400800	     45	   18.0	   18.0	39950.9	 0.0168	 100.00	1346.20
    534	400800	     45	    8.0	   14.0	39876.3	 0.0167	 100.00	1346.22
    535	400800	     45	    6.0	   14.0	39801.9	 0.0168	 100.00	1346.36
    536	400800	     45	   10.0	   18.0	39727.8	 0.0167	 100.00	1346.33
    537	400800	     45	    6.0	   10.0	39654.0	 0.0168	 100.00	1346.47
    538	400800	     45	   14.0	    4.0	39580.4	 0.0167	 100.00	1346.47
    539	400800	     45	    6.0	   10.0	39507.1	 0.0167	 100.00	1346.68
    540	400800	     45	   10.0	    0.0	39434.1	 0.0167	 +99.82	1348.21
    541	400800	     45	    8.0	    8.0	39361.4	 0.0167	  99.82	1347.75
    542	400800	     45	   10.0	   10.0	39288.9	 0.0166	  99.82	1347.93
    543	400800	     45	   12.0	   10.0	39216.7	 0.0166	  99.82	1348.13
    544	400800	     45	    8.0	   10.0	39144.7	 0.0166	  99.82	1348.38
    545	400800	     45	    6.0	    0.0	39073.1	 0.0166	 +99.63	1350.21
    546	400800	     45	   10.0	   10.0	39001.6	 0.0166	  99.63	1349.76
    547	400800	     45	    8.0	    8.0	38930.5	 0.0165	  99.64	1349.63
    548	400800	     45	   14.0	   10.0	38859.6	 0.0165	  99.64	1349.88
    549	400800	     45	    6.0	    6.0	38788.9	 0.0165	  99.64	1350.06
    550	400800	     45	    8.0	    0.0	38718.6	 0.0164	 +99.46	1352.09
    551	400800	     45	   10.0	   10.0	38648.4	 0.0164	  99.46	1351.61
    552	400800	     45	    8.0	    8.0	38578.6	 0.0164	  99.46	1351.61
    553	400800	     45	   14.0	    3.0	38508.9	 0.0165	  99.46	1351.62
    554	400800	     45	    8.0	    3.0	38439.5	 0.0164	  99.46	1351.62
    555	400800	     45	    6.0	    9.0	38370.4	 0.0164	  99.46	1351.86
    556	400800	     45	   14.0	   14.0	38301.6	 0.0164	  99.46	1352.07
    557	400800	     45	    6.0	    0.0	38232.9	 0.0163	 +99.28	1354.26
    558	400800	     45	    8.0	    8.0	38164.5	 0.0164	  99.28	1353.95
    559	400800	     45	   10.0	    9.0	38096.4	 0.0164	  99.29	1354.17
    560	400800	     45	    8.0	    0.0	38028.5	 0.0163	 +99.11	1355.85
    561	400800	     45	   10.0	   10.0	37960.8	 0.0163	  99.11	1355.37
    562	400800	     45	    8.0	    8.0	37893.4	 0.0163	  99.11	1355.35
    563	400800	     45	    6.0	    3.0	37826.3	 0.0163	  99.11	1355.34
    564	400800	     45	   16.0	    1.0	37759.3	 0.0164	  99.12	1354.93
    565	400800	     45	    8.0	    2.0	37692.6	 0.0163	  99.12	1354.40
    566	400800	     45	   10.0	    0.0	37626.1	 0.0163	 +98.94	1356.10
    567	400800	     45	    6.0	    6.0	37559.9	 0.0163	  98.94	1355.59
    568	400800	     45	    8.0	    8.0	37493.9	 0.0162	  98.95	1355.59
    569	400800	     45	   10.0	    1.0	37428.1	 0.0163	  98.95	1355.61
    570	400800	     45	   10.0	    1.0	37362.6	 0.0162	  98.95	1355.22
    571	400800	     45	    8.0	    0.0	37297.2	 0.0162	 +98.78	1356.77
    572	400800	     45	   10.0	   10.0	37232.2	 0.0162	  98.78	1356.30
    573	400800	     45	    6.0	    6.0	37167.3	 0.0161	  98.78	1356.29
    574	400800	     45	   22.0	    7.0	37102.7	 0.0164	  98.78	1356.23
    575	400800	     45	    6.0	    7.0	37038.3	 0.0163	  98.78	1355.67
    576	400800	     45	   10.0	    2.0	36974.1	 0.0164	  98.79	1355.29
    577	400800	     45	    6.0	    2.0	36910.1	 0.0163	  98.79	1354.73
    578	400800	     45	    8.0	    0.0	36846.4	 0.0163	 +98.62	1356.40
    579	400800	     45	   12.0	   12.0	36782.9	 0.0163	  98.62	1355.95
    580	400800	     45	   10.0	   10.0	36719.6	 0.0163	  98.62	1355.93
    581	400800	     45	    6.0	    1.0	36656.5	 0.0163	  98.63	1355.94
    582	400800	     45	   10.0	    3.0	36593.6	 0.0162	  98.63	1355.45
    583	400800	     45	    8.0	    0.0	36531.0	 0.0162	 +98.46	1356.97
    584	400800	     45	   14.0	   14.0	36468.5	 0.0162	  98.46	1356.51
    585	400800	     45	    6.0	    8.0	36406.3	 0.0163	  98.46	1356.43
    586	400800	     45	    8.0	    6.0	36344.3	 0.0162	  98.47	1355.97
    587	400800	     45	    8.0	    0.0	36282.5	 0.0162	 +98.30	1357.48
    588	400800	     45	   12.0	   12.0	36220.9	 0.0162	  98.30	1356.98
    589	400800	     45	   10.0	   10.0	36159.6	 0.0162	  98.31	1356.48
    590	400800	     45	    8.0	    1.0	36098.4	 0.0162	  98.31	1356.06
    591	400800	     45	    6.0	    0.0	36037.4	 0.0161	 +98.14	1357.68
    592	400800	     45	   10.0	   10.0	35976.6	 0.0161	  98.15	1357.25
    593	400800	     45	    8.0	    8.0	35916.1	 0.0161	  98.15	1357.48
    594	400800	     45	   16.0	    0.0	35855.7	 0.0161	 +97.98	1358.48
    595	400800	     45	    6.0	    6.0	35795.6	 0.0160	  97.99	1357.79
    596	400800	     45	   10.0	   10.0	35735.6	 0.0160	  97.99	1357.07
    597	400800	     45	   10.0	    0.0	35675.9	 0.0160	 +97.83	1358.18
    598	400800	     45	    8.0	    8.0	35616.3	 0.0160	  97.83	1357.51
    599	400800	     45	    6.0	    6.0	35557.0	 0.0159	  97.83	1356.88
    600	400800	     45	   12.0	    0.0	35497.8	 0.0159	 +97.67	1358.33
    601	400800	     45	    6.0	    6.0	35438.9	 0.0159	  97.67	1357.66
    602	400800	     45	   12.0	   12.0	35380.1	 0.0159	  97.68	1357.02
    603	400800	     45	    6.0	    0.0	35321.5	 0.0158	 +97.52	1358.18
    604	400800	     45	   10.0	   10.0	35263.2	 0.0159	  97.52	1357.52
    605	400800	     45	   12.0	   12.0	35205.0	 0.0158	  97.52	1356.94
    606	400800	     45	   10.0	    1.0	35147.0	 0.0158	  97.53	1356.37
    607	400800	     45	    8.0	    0.0	35089.2	 0.0158	 +97.37	1357.01
    608	400800	     45	    8.0	    8.0	35031.6	 0.0158	  97.37	1356.35
    609	400800	     45	    6.0	    6.0	34974.2	 0.0157	  97.38	1355.74
    610	400800	     45	   12.0	    1.0	34916.9	 0.0157	  97.38	1355.26
    611	400800	     45	    8.0	    1.0	34859.9	 0.0157	  97.39	1354.68
    612	400800	     45	   12.0	    0.0	34803.0	 0.0157	 +97.23	1355.67
    613	400800	     45	    6.0	    6.0	34746.3	 0.0157	  97.23	1355.07
    614	400800	     45	    8.0	    8.0	34689.8	 0.0156	  97.24	1354.64
    615	400800	     45	   18.0	    4.0	34633.5	 0.0158	  97.24	1354.69
    616	400800	     45	    8.0	   12.0	34577.4	 0.0157	  97.24	1354.71
    617	400800	     45	    8.0	   12.0	34521.5	 0.0157	  97.25	1354.84
    618	400800	     45	    8.0	   12.0	34465.7	 0.0157	  97.25	1354.93
    619	400800	     45	    6.0	    7.0	34410.2	 0.0157	  97.26	1355.05
    620	400800	     45	   16.0	    9.0	34354.8	 0.0157	  97.26	1355.12
    621	400800	     45	    6.0	    6.0	34299.5	 0.0156	  97.27	1355.25
    622	400800	     45	    8.0	    0.0	34244.5	 0.0156	 +97.11	1356.26
    623	400800	     45	    8.0	    8.0	34189.6	 0.0156	  97.12	1355.76
    624	400800	     45	    8.0	    8.0	34134.9	 0.0156	  97.12	1355.93
    625	400800	     45	   14.0	   14.0	34080.4	 0.0156	  97.12	1355.94
    626	400800	     45	    8.0	   10.0	34026.1	 0.0156	  97.13	1355.95
    627	400800	     45	    6.0	    8.0	33971.9	 0.0155	  97.13	1355.86
    628	400800	     45	   12.0	   12.0	33917.9	 0.0155	  97.14	1355.72
    629	400800	     45	    8.0	    0.0	33864.1	 0.0155	 +96.98	1357.63
    630	400800	     45	   12.0	   12.0	33810.4	 0.0155	  96.99	1357.37
    631	400800	     45	    6.0	   10.0	33757.0	 0.0154	  96.99	1357.68
    632	400800	     45	    8.0	   10.0	33703.6	 0.0154	  97.00	1357.92
    633	400800	     45	    8.0	    0.0	33650.5	 0.0154	 +96.85	1359.33
    634	400800	     45	   10.0	   10.0	33597.5	 0.0154	  96.85	1358.91
    635	400800	     45	   14.0	   12.0	33544.7	 0.0154	  96.86	1358.70
    636	400800	     45	   10.0	   14.0	33492.1	 0.0155	  96.86	1358.55
    637	400800	     45	    6.0	    8.0	33439.6	 0.0155	  96.87	1358.36
    638	400800	     45	   12.0	    0.0	33387.3	 0.0154	 +96.71	1359.92
    639	400800	     45	    6.0	    6.0	33335.1	 0.0154	  96.72	1359.52
    640	400800	     45	   12.0	   11.0	33283.1	 0.0155	  96.72	1359.08
    641	400800	     45	    6.0	    5.0	33231.3	 0.0155	  96.73	1358.62
    642	400800	     45	    8.0	    1.0	33179.6	 0.0155	  96.73	1357.56
    643	400800	     45	   10.0	    6.0	33128.1	 0.0155	  96.74	1356.49
    644	400800	     45	   10.0	    1.0	33076.7	 0.0155	  96.74	1355.53
    645	400800	     45	    6.0	    7.0	33025.5	 0.0157	  96.75	1355.35
    646	400800	     45	   14.0	    9.0	32974.5	 0.0157	  96.75	1355.25
    647	400800	     45	    8.0	    1.0	32923.6	 0.0157	  96.76	1354.61
    648	400800	     45	   10.0	   11.0	32872.9	 0.0157	  96.76	1354.44
    649	400800	     45	    6.0	    6.0	32822.3	 0.0157	  96.77	1354.32
    650	400800	     45	    8.0	    4.0	32771.9	 0.0158	  96.77	1353.51
    651	400800	     45	   10.0	    6.0	32721.7	 0.0158	  96.78	1353.31
    652	400800	     45	   12.0	   16.0	32671.6	 0.0158	  96.78	1353.25
    653	400800	     45	    8.0	    0.0	32621.6	 0.0158	 +96.64	1354.08
    654	400800	     45	    8.0	    8.0	32571.8	 0.0158	  96.64	1353.54
    655	400800	     45	    6.0	    4.0	32522.2	 0.0158	  96.65	1353.18
    656	400800	     45	   26.0	   13.0	32472.7	 0.0162	  96.65	1352.32
    657	400800	     45	    8.0	   14.0	32423.4	 0.0162	  96.66	1351.34
    658	400800	     45	   10.0	    1.0	32374.2	 0.0161	  96.66	1350.34
    659	400800	     45	    6.0	    0.0	32325.1	 0.0161	 +96.52	1350.99
    660	400800	     45	   10.0	   10.0	32276.2	 0.0161	  96.52	1350.46
    661	400800	     45	   12.0	   11.0	32227.5	 0.0162	  96.53	1350.37
    662	400800	     45	    8.0	    2.0	32178.9	 0.0161	  96.53	1349.52
    663	400800	     45	    6.0	    8.0	32130.4	 0.0163	  96.54	1349.36
    664	400800	     45	   10.0	    8.0	32082.1	 0.0163	  96.54	1349.23
    665	400800	     45	    6.0	    1.0	32034.0	 0.0163	  96.55	1348.51
    666	400800	     45	   16.0	   15.0	31986.0	 0.0163	  96.55	1348.13
    667	400800	     45	    6.0	    7.0	31938.1	 0.0162	  96.56	1347.82
    668	400800	     45	   10.0	    4.0	31890.4	 0.0163	  96.56	1347.38
    669	400800	     45	    8.0	    4.0	31842.8	 0.0163	  96.57	1347.11
    670	400800	     45	   10.0	    8.0	31795.3	 0.0163	  96.57	1347.22
    671	400800	     45	   10.0	   10.0	31748.0	 0.0163	  96.58	1347.25
    672	400800	     45	    8.0	    9.0	31700.9	 0.0163	  96.58	1347.37
    673	400800	     45	    6.0	   11.0	31653.8	 0.0163	  96.59	1347.38
    674	400800	     45	   10.0	   11.0	31607.0	 0.0162	  96.59	1347.49
    675	400800	     45	    8.0	    5.0	31560.2	 0.0162	  96.60	1347.48
    676	400800	     45	   18.0	   18.0	31513.6	 0.0163	  96.60	1347.59
    677	400800	     45	    6.0	   16.0	31467.2	 0.0163	  96.61	1347.61
    678	400800	     45	    8.0	   10.0	31420.8	 0.0162	  96.61	1347.72
    679	400800	     45	   10.0	   10.0	31374.7	 0.0162	  96.62	1347.73
    680	400800	     45	    8.0	    8.0	31328.6	 0.0162	  96.62	1347.83
    681	400800	     45	   10.0	   10.0	31282.7	 0.0162	  96.63	1347.83
    682	400800	     45	    8.0	   10.0	31236.9	 0.0162	  96.63	1347.93
    683	400800	     45	    6.0	    8.0	31191.2	 0.0162	  96.64	1347.94
    684	400800	     45	   14.0	   14.0	31145.7	 0.0162	  96.64	1348.04
    685	400800	     45	    6.0	    8.0	31100.3	 0.0162	  96.65	1348.05
    686	400800	     45	    8.0	    9.0	31055.1	 0.0163	  96.65	1348.15
    687	400800	     45	   12.0	   13.0	31009.9	 0.0163	  96.66	1348.14
    688	400800	     45	    8.0	   10.0	30965.0	 0.0163	  96.66	1348.25
    689	400800	     45	   10.0	    8.0	30920.1	 0.0163	  96.67	1348.26
    690	400800	     45	    8.0	    8.0	30875.4	 0.0163	  96.67	1348.36
    691	400800	     45	    6.0	    6.0	30830.7	 0.0162	  96.68	1348.37
    692	400800	     45	   14.0	   14.0	30786.3	 0.0162	  96.68	1348.47
    693	400800	     45	    8.0	   10.0	30741.9	 0.0162	  96.69	1348.48
    694	400800	     45	   10.0	   11.0	30697.7	 0.0162	  96.69	1348.58
    695	400800	     45	    6.0	    9.0	30653.6	 0.0162	  96.70	1348.60
    696	400800	     45	    8.0	    9.0	30609.7	 0.0162	  96.70	1348.70
    697	400800	     45	   16.0	   17.0	30565.8	 0.0163	  96.70	1348.70
    698	400800	     45	   10.0	   15.0	30522.1	 0.0163	  96.71	1348.80
    699	400800	     45	    8.0	   11.0	30478.5	 0.0162	  96.71	1348.82
    700	400800	     45	   10.0	   10.0	30435.1	 0.0163	  96.72	1348.92
    701	400800	     45	    6.0	    8.0	30391.7	 0.0162	  96.72	1348.90
    702	400800	     45	   14.0	   16.0	30348.5	 0.0162	  96.73	1349.01
    703	400800	     45	    6.0	   10.0	30305.4	 0.0162	  96.73	1349.01
    704	400800	     45	   10.0	   10.0	30262.4	 0.0162	  96.74	1349.11
    705	400800	     45	    6.0	   12.0	30219.6	 0.0162	  96.74	1349.09
    706	400800	     45	    8.0	   10.0	30176.9	 0.0162	  96.75	1349.19
    707	400800	     45	   14.0	    8.0	30134.3	 0.0162	  96.75	1349.20
    708	400800	     45	   10.0	   13.0	30091.8	 0.0162	  96.76	1349.27
    709	400800	     45	    6.0	   11.0	30049.4	 0.0162	  96.76	1349.27
    710	400800	     45	   10.0	    9.0	30007.2	 0.0162	  96.77	1349.37
    711	400800	     45	    8.0	    5.0	29965.0	 0.0162	  96.77	1349.33
    712	400800	     45	   12.0	   14.0	29923.0	 0.0162	  96.77	1349.43
    713	400800	     45	    6.0	   12.0	29881.1	 0.0163	  96.78	1349.45
    714	400800	     45	    8.0	    8.0	29839.3	 0.0163	  96.78	1349.54
    715	400800	     45	    8.0	    6.0	29797.7	 0.0163	  96.79	1349.55
    716	400800	     45	   12.0	   10.0	29756.1	 0.0163	  96.79	1349.64
    717	400800	     45	   14.0	   12.0	29714.7	 0.0164	  96.80	1349.58
    718	400800	     45	    8.0	    9.0	29673.4	 0.0163	  96.80	1349.68
    719	400800	     45	    6.0	    7.0	29632.2	 0.0163	  96.81	1349.69
    720	400800	     45	   10.0	   10.0	29591.1	 0.0163	  96.81	1349.79
    721	400800	     45	    8.0	   10.0	29550.1	 0.0163	  96.81	1349.80
    722	400800	     45	   12.0	   11.0	29509.3	 0.0163	  96.82	1349.89
    723	400800	     45	    6.0	    9.0	29468.5	 0.0162	  96.82	1349.89
    724	400800	     45	   10.0	   10.0	29427.9	 0.0162	  96.83	1349.99
    725	400800	     45	   10.0	    8.0	29387.4	 0.0162	  96.83	1349.97
    726	400800	     45	    8.0	    8.0	29347.0	 0.0162	  96.84	1350.07
    727	400800	     45	    6.0	    6.0	29306.7	 0.0164	  96.84	1350.06
    728	400800	     45	   14.0	    6.0	29266.5	 0.0164	  96.84	1350.16
    729	400800	     45	    6.0	    8.0	29226.4	 0.0164	  96.85	1350.14
    730	400800	     45	   12.0	   13.0	29186.4	 0.0164	  96.85	1350.23
    731	400800	     45	    6.0	    7.0	29146.6	 0.0164	  96.86	1350.25
    732	400800	     45	   10.0	   10.0	29106.8	 0.0164	  96.86	1350.34
    733	400800	     45	   10.0	   12.0	29067.2	 0.0164	  96.87	1350.34
    734	400800	     45	   10.0	   17.0	29027.6	 0.0164	  96.87	1350.42
    735	400800	     45	    8.0	   11.0	28988.2	 0.0164	  96.88	1350.40
    736	400800	     45	    8.0	    9.0	28948.9	 0.0164	  96.88	1350.48
    737	400800	     45	    6.0	   11.0	28909.7	 0.0165	  96.88	1350.50
    738	400800	     45	   20.0	   14.0	28870.6	 0.0166	  96.89	1350.60
    739	400800	     45	    8.0	   10.0	28831.6	 0.0166	  96.89	1350.60
    740	400800	     45	   12.0	   19.0	28792.7	 0.0166	  96.90	1350.69
    741	400800	     45	    6.0	   17.0	28753.9	 0.0166	  96.90	1350.68
    742	400800	     45	    8.0	    8.0	28715.2	 0.0165	  96.90	1350.77
    743	400800	     45	   12.0	    8.0	28676.6	 0.0165	  96.91	1350.77
    744	400800	     45	    8.0	    8.0	28638.2	 0.0165	  96.91	1350.87
    745	400800	     45	    8.0	    8.0	28599.8	 0.0165	  96.92	1350.87
    746	400800	     45	    8.0	    8.0	28561.5	 0.0165	  96.92	1350.96
    747	400800	     45	    6.0	    6.0	28523.3	 0.0164	  96.93	1350.95
    748	400800	     45	   18.0	   18.0	28485.3	 0.0165	  96.93	1351.04
    749	400800	     45	    6.0	   12.0	28447.3	 0.0164	  96.93	1351.05
    750	400800	     45	    8.0	   10.0	28409.4	 0.0165	  96.94	1351.14
    751	400800	     45	    8.0	   10.0	28371.7	 0.0165	  96.94	1351.14
    752	400800	     45	    8.0	    9.0	28334.0	 0.0164	  96.95	1351.23
    753	400800	     45	   12.0	   11.0	28296.4	 0.0165	  96.95	1351.21
    754	400800	     45	    8.0	    7.0	28259.0	 0.0164	  96.95	1350.47
    755	400800	     45	    6.0	   17.0	28221.6	 0.0164	  96.96	1349.70
