./asc:main.c:294: warning: auxv random bytes were not cleared
  Round	    PC	Excited	Hamming	   Loss	 Regret	    MSE	  Error	   MIPS
      0	400144	     45	42326.0	42326.0	42326.0	 0.1365	 100.00	  25.38
      1	400820	     45	 1218.0	43536.0	21768.0	 0.1271	 100.00	 219.03
      2	400820	     45	    8.0	43536.0	14512.0	 0.0847	 100.00	 353.07
      3	400820	     45	   10.0	43538.0	10884.5	 0.0635	 100.00	 474.00
      4	400820	     45	   10.0	43536.0	17414.8	 0.0561	 100.00	 568.21
      5	400820	     45	    6.0	43542.0	21769.3	 0.0468	 100.00	 646.22
      6	400820	     45	   12.0	43538.0	24879.1	 0.0401	 100.00	 713.57
      7	400820	     45	    8.0	43542.0	27212.0	 0.0351	 100.00	 770.91
      8	400820	     45	   10.0	43536.0	29025.8	 0.0312	 100.00	 821.80
      9	400820	     45	    6.0	43538.0	30477.0	 0.0281	 100.00	 868.91
     10	400820	     45	    8.0	43542.0	31664.7	 0.0303	 100.00	 905.61
     11	400820	     45	   12.0	43538.0	32654.2	 0.0296	 100.00	 939.35
     12	400820	     45	   12.0	43538.0	33491.4	 0.0282	 100.00	 967.42
     13	400820	     45	    8.0	43538.0	34209.0	 0.0262	 100.00	 992.66
     14	400820	     45	    8.0	43542.0	34831.2	 0.0245	 100.00	1016.67
     15	400820	     45	    6.0	43544.0	35375.8	 0.0229	 100.00	1038.47
     16	400820	     45	   12.0	43536.0	35855.8	 0.0216	 100.00	1057.67
     17	400820	     45	    8.0	43540.0	36282.7	 0.0204	 100.00	1076.22
     18	400820	     45	   10.0	43538.0	36664.5	 0.0193	 100.00	1091.80
     19	400820	     45	    6.0	43544.0	37008.5	 0.0184	 100.00	1107.39
     20	400820	     45	   10.0	43542.0	37319.6	 0.0175	 100.00	1121.22
     21	400820	     45	   16.0	43538.0	37602.3	 0.0179	 100.00	1134.59
     22	400820	     45	    8.0	43538.0	37860.3	 0.0171	 100.00	1146.17
     23	400820	     45	    6.0	43544.0	38097.2	 0.0164	 100.00	1157.69
     24	400820	     45	   10.0	43538.0	38314.8	 0.0178	 100.00	1167.47
     25	400820	     45	    6.0	43540.0	38515.8	 0.0171	 100.00	1177.65
     26	400820	     45	   14.0	43538.0	38701.8	 0.0165	 100.00	1186.38
     27	400820	     45	    6.0	43540.0	38874.6	 0.0159	 100.00	1195.35
     28	400820	     45	   10.0	43542.0	39035.5	 0.0154	 100.00	1203.88
     29	400820	     45	    8.0	43542.0	39185.7	 0.0149	 100.00	1211.60
     30	400820	     45	   10.0	43544.0	39326.3	 0.0144	 100.00	1219.09
     31	400820	     45	   12.0	43540.0	39458.0	 0.0139	 100.00	1225.56
     32	400820	     45	    8.0	43536.0	39581.6	 0.0136	 100.00	1232.32
     33	400820	     45	    6.0	43542.0	39698.1	 0.0132	 100.00	1238.49
     34	400820	     45	   10.0	43540.0	39807.8	 0.0129	 100.00	1244.60
     35	400820	     45	    8.0	43544.0	39911.6	 0.0125	 100.00	1250.31
     36	400820	     45	   14.0	43538.0	40009.6	 0.0122	 100.00	1255.82
     37	400820	     45	    6.0	43544.0	40102.6	 0.0119	 100.00	1260.66
     38	400820	     45	    8.0	43544.0	40190.9	 0.0116	 100.00	1265.67
     39	400820	     45	   10.0	43546.0	40274.8	 0.0113	 100.00	1269.92
     40	400820	     45	    8.0	43542.0	40354.4	 0.0110	 100.00	1274.59
     41	400820	     45	   16.0	43534.0	40430.1	 0.0118	 100.00	1278.90
     42	400820	     45	    8.0	43538.0	40502.4	 0.0116	 100.00	1283.12
     43	400820	     45	    6.0	43540.0	40571.5	 0.0113	 100.00	1286.99
     44	400820	     45	   14.0	43538.0	40637.4	 0.0111	 100.00	1290.95
     45	400820	     45	    6.0	43540.0	40700.5	 0.0108	 100.00	1294.95
     46	400820	     45	    8.0	43544.0	40761.0	 0.0106	 100.00	1298.39
     47	400820	     45	   10.0	43542.0	40818.9	 0.0104	 100.00	1302.08
     48	400820	     45	    8.0	43538.0	40874.4	 0.0102	 100.00	1305.09
     49	400820	     45	   10.0	43540.0	40927.7	 0.0100	 100.00	1308.47
     50	400820	     45	    8.0	43540.0	40978.9	 0.0098	 100.00	1311.22
     51	400820	     45	    6.0	43546.0	41028.3	 0.0096	 100.00	1314.31
     52	400820	     45	   16.0	43538.0	41075.7	 0.0094	 100.00	1317.07
     53	400820	     45	    8.0	43542.0	41121.3	 0.0092	 100.00	1319.89
     54	400820	     45	   10.0	43540.0	41165.3	 0.0091	 100.00	1322.23
     55	400820	     45	    6.0	43546.0	41207.8	 0.0089	 100.00	1324.87
     56	400820	     45	    8.0	43542.0	41248.8	 0.0088	 100.00	1327.16
     57	400820	     45	   10.0	43540.0	41288.3	 0.0086	 100.00	1329.61
     58	400820	     45	   10.0	43542.0	41326.5	 0.0085	 100.00	1332.10
     59	400820	     45	    8.0	43542.0	41363.4	 0.0083	 100.00	1334.39
     60	400820	     45	   10.0	43544.0	41399.1	 0.0082	 100.00	1336.70
     61	400820	     45	    6.0	43546.0	41433.8	 0.0081	 100.00	1338.77
     62	400820	     45	   18.0	43540.0	41467.2	 0.0086	 100.00	1340.99
     63	400820	     45	    6.0	43542.0	41499.6	 0.0084	 100.00	1342.62
     64	400820	     45	   10.0	43536.0	41531.0	 0.0088	 100.00	1344.76
     65	400820	     45	    6.0	43542.0	41561.4	 0.0086	 100.00	1346.60
     66	400820	     45	    8.0	43542.0	41591.0	 0.0085	 100.00	1348.54
     67	400820	     45	   12.0	43542.0	41619.7	 0.0084	 100.00	1350.28
     68	400820	     45	   10.0	43540.0	41647.5	 0.0083	 100.00	1352.11
     69	400820	     45	    6.0	43546.0	41674.6	 0.0081	 100.00	1353.54
     70	400820	     45	   10.0	43544.0	41701.0	 0.0080	 100.00	1355.30
     71	400820	     45	    8.0	43548.0	41726.6	 0.0079	 100.00	1356.76
     72	400820	     45	   14.0	43538.0	41751.4	 0.0080	 100.00	1358.42
     73	400820	     45	    6.0	43540.0	41775.6	 0.0079	 100.00	1359.93
     74	400820	     45	    8.0	43544.0	41799.2	 0.0079	 100.00	1361.59
     75	400820	     45	    8.0	43544.0	41822.1	 0.0084	 100.00	1363.21
     76	400820	     45	   12.0	43544.0	41844.5	 0.0083	 100.00	1364.50
     77	400820	     45	   10.0	43542.0	41866.3	 0.0082	 100.00	1366.06
     78	400820	     45	    8.0	43546.0	41887.5	 0.0081	 100.00	1367.13
     79	400820	     45	    6.0	43548.0	41908.3	 0.0080	 100.00	1368.65
     80	400820	     45	   10.0	43542.0	41928.4	 0.0086	 100.00	1369.83
     81	400820	     45	    8.0	43546.0	41948.2	 0.0085	 100.00	1371.09
     82	400820	     45	   20.0	43534.0	41967.3	 0.0102	 100.00	1372.08
     83	400820	     45	    6.0	43540.0	41986.0	 0.0101	 100.00	1373.32
     84	400820	     45	   10.0	43538.0	42004.3	 0.0100	 100.00	1374.19
     85	400820	     45	   10.0	43540.0	42022.1	 0.0099	 100.00	1375.33
     86	400820	     45	    8.0	43540.0	42039.6	 0.0098	 100.00	1376.44
     87	400820	     45	    6.0	43546.0	42056.7	 0.0101	 100.00	1377.51
     88	400820	     45	   12.0	43538.0	42073.3	 0.0100	 100.00	1378.43
     89	400820	     45	    6.0	43540.0	42089.6	 0.0098	 100.00	1379.45
     90	400820	     45	   12.0	43540.0	42105.6	 0.0097	 100.00	1380.45
     91	400820	     45	    6.0	43542.0	42121.2	 0.0096	 100.00	1381.39
     92	400820	     45	   10.0	43544.0	42136.5	 0.0095	 100.00	1382.41
     93	400820	     45	   12.0	43540.0	42151.4	 0.0098	 100.00	1383.32
     94	400820	     45	   10.0	43542.0	42166.0	 0.0101	 100.00	1384.30
     95	400820	     45	    8.0	43542.0	42180.4	 0.0100	 100.00	1385.10
     96	400820	     45	    8.0	43538.0	42194.4	 0.0099	 100.00	1386.07
     97	400820	     45	    6.0	43544.0	42208.1	 0.0098	 100.00	1386.90
     98	400820	     45	   12.0	43540.0	42221.6	 0.0099	 100.00	1387.74
     99	400820	     45	    8.0	43544.0	42234.8	 0.0098	 100.00	1388.49
    100	400820	     45	   12.0	43540.0	42247.7	 0.0097	 100.00	1389.31
    101	400820	     45	    6.0	43546.0	42260.5	 0.0096	 100.00	1389.76
    102	400820	     45	    8.0	43546.0	42273.0	 0.0095	 100.00	1390.43
    103	400820	     45	   16.0	43542.0	42285.2	 0.0102	 100.00	1391.04
    104	400820	     45	    8.0	43538.0	42297.1	 0.0102	 100.00	1391.89
    105	400820	     45	    8.0	43538.0	42308.8	 0.0101	 100.00	1392.60
    106	400820	     45	    8.0	43542.0	42320.3	 0.0100	 100.00	1393.37
    107	400820	     45	    6.0	43544.0	42331.6	 0.0099	 100.00	1394.15
    108	400820	     45	   16.0	43540.0	42342.7	 0.0099	 100.00	1394.71
    109	400820	     45	    6.0	43542.0	42353.6	 0.0098	 100.00	1395.50
    110	400820	     45	    8.0	43546.0	42364.4	 0.0097	 100.00	1396.11
    111	400820	     45	    8.0	43546.0	42374.9	 0.0099	 100.00	1396.86
    112	400820	     45	    8.0	43542.0	42385.3	 0.0098	 100.00	1397.49
    113	400820	     45	   14.0	43540.0	42395.4	 0.0099	 100.00	1398.26
    114	400820	     45	    8.0	43540.0	42405.3	 0.0098	 100.00	1398.79
    115	400820	     45	    6.0	43546.0	42415.2	 0.0097	 100.00	1399.55
    116	400820	     45	   12.0	43542.0	42424.8	 0.0096	 100.00	1400.00
    117	400820	     45	    8.0	43546.0	42434.3	 0.0095	 100.00	1400.76
    118	400820	     45	   12.0	43542.0	42443.6	 0.0097	 100.00	1401.30
    119	400820	     45	    6.0	43548.0	42452.8	 0.0098	 100.00	1402.00
    120	400820	     45	    8.0	43544.0	42461.8	 0.0097	 100.00	1402.50
    121	400820	     45	    8.0	43544.0	42470.7	 0.0097	 100.00	1403.09
    122	400820	     45	   10.0	43546.0	42479.4	 0.0096	 100.00	1403.79
    123	400820	     45	   16.0	43538.0	42488.0	 0.0101	 100.00	1404.42
    124	400820	     45	   10.0	43540.0	42496.4	 0.0102	 100.00	1405.06
    125	400820	     45	    6.0	43542.0	42504.7	 0.0101	 100.00	1405.63
    126	400820	     45	   12.0	43542.0	42512.9	 0.0101	 100.00	1406.25
    127	400820	     45	    6.0	43544.0	42520.9	 0.0100	 100.00	1406.69
    128	400820	     45	   12.0	43536.0	42528.8	 0.0104	 100.00	1407.30
    129	400820	     45	    6.0	43542.0	42536.6	 0.0103	 100.00	1407.82
    130	400820	     45	    8.0	43542.0	42544.3	 0.0103	 100.00	1408.42
    131	400820	     45	   10.0	43544.0	42551.8	 0.0102	 100.00	1408.78
    132	400820	     45	   10.0	43542.0	42559.3	 0.0101	 100.00	1409.37
    133	400820	     45	    6.0	43548.0	42566.7	 0.0101	 100.00	1409.73
    134	400820	     45	   14.0	43542.0	42573.9	 0.0105	 100.00	1410.29
    135	400820	     45	    8.0	43546.0	42581.0	 0.0104	 100.00	1410.69
    136	400820	     45	   10.0	43540.0	42588.0	 0.0103	 100.00	1411.22
    137	400820	     45	    6.0	43542.0	42594.9	 0.0102	 100.00	1411.78
    138	400820	     45	    8.0	43546.0	42601.8	 0.0102	 100.00	1412.20
    139	400820	     45	   10.0	43544.0	42608.5	 0.0102	 100.00	1412.76
    140	400820	     45	   12.0	43544.0	42615.1	 0.0103	 100.00	1413.08
    141	400820	     45	    8.0	43544.0	42621.7	 0.0102	 100.00	1413.60
    142	400820	     45	    8.0	43548.0	42628.2	 0.0104	 100.00	1414.00
    143	400820	     45	    6.0	43550.0	42634.6	 0.0103	 100.00	1414.51
    144	400820	     45	   16.0	43538.0	42640.8	 0.0108	 100.00	1414.88
    145	400820	     45	    8.0	43542.0	42647.0	 0.0107	 100.00	1415.34
    146	400820	     45	   10.0	43540.0	42653.0	 0.0106	 100.00	1415.80
    147	400820	     45	    6.0	43546.0	42659.1	 0.0106	 100.00	1416.27
    148	400820	     45	   10.0	43544.0	42665.0	 0.0105	 100.00	1416.52
    149	400820	     45	   12.0	43544.0	42670.9	 0.0109	 100.00	1417.00
    150	400820	     45	    8.0	43544.0	42676.7	 0.0108	 100.00	1417.29
    151	400820	     45	    6.0	43550.0	42682.4	 0.0107	 100.00	1417.75
    152	400820	     45	   10.0	43544.0	42688.0	 0.0106	 100.00	1418.20
    153	400820	     45	    6.0	43546.0	42693.6	 0.0106	 100.00	1418.49
    154	400820	     45	   16.0	43542.0	42699.1	 0.0107	 100.00	1418.90
    155	400820	     45	    6.0	43544.0	42704.5	 0.0106	 100.00	1419.24
    156	400820	     45	   10.0	43546.0	42709.9	 0.0107	 100.00	1419.64
    157	400820	     45	    8.0	43546.0	42715.2	 0.0106	 100.00	1420.00
    158	400820	     45	   10.0	43548.0	42720.4	 0.0105	 100.00	1420.42
    159	400820	     45	   10.0	43546.0	42725.6	 0.0105	 100.00	1420.71
    160	400820	     45	    8.0	43542.0	42730.6	 0.0106	 100.00	1421.10
    161	400820	     45	    6.0	43548.0	42735.7	 0.0105	 100.00	1421.49
    162	400820	     45	   10.0	43546.0	42740.6	 0.0105	 100.00	1421.87
    163	400820	     45	    8.0	43550.0	42745.6	 0.0104	 100.00	1422.08
    164	400820	     45	   24.0	43534.0	42750.4	 0.0104	 100.00	1422.48
    165	400820	     45	    6.0	43540.0	42755.1	 0.0104	 100.00	1422.74
    166	400820	     45	    8.0	43540.0	42759.8	 0.0103	 100.00	1423.00
    167	400820	     45	   10.0	43542.0	42764.5	 0.0102	 100.00	1423.40
    168	400820	     45	    8.0	43538.0	42769.0	 0.0102	 100.00	1423.64
    169	400820	     45	   10.0	43536.0	42773.6	 0.0101	 100.00	1424.00
    170	400820	     45	    8.0	43540.0	42778.0	 0.0101	 100.00	1424.25
    171	400820	     45	    6.0	43542.0	42782.5	 0.0100	 100.00	1424.59
    172	400820	     45	   14.0	43540.0	42786.9	 0.0100	 100.00	1424.79
    173	400820	     45	    6.0	43542.0	42791.2	 0.0099	 100.00	1425.12
    174	400820	     45	    8.0	43546.0	42795.5	 0.0099	 100.00	1425.39
    175	400820	     45	   12.0	43542.0	42799.8	 0.0101	 100.00	1425.73
    176	400820	     45	    8.0	43538.0	42803.9	 0.0101	 100.00	1425.98
    177	400820	     45	   10.0	43540.0	42808.1	 0.0100	 100.00	1426.34
    178	400820	     45	    8.0	43540.0	42812.1	 0.0100	 100.00	1426.52
    179	400820	     45	    6.0	43546.0	42816.2	 0.0099	 100.00	1426.89
    180	400820	     45	   14.0	43540.0	42820.2	 0.0100	 100.00	1427.11
    181	400820	     45	    8.0	43544.0	42824.2	 0.0099	 100.00	1427.48
    182	400820	     45	   10.0	43542.0	42828.1	 0.0099	 100.00	1427.84
    183	400820	     45	    6.0	43548.0	42832.0	 0.0098	 100.00	1428.09
    184	400820	     45	    8.0	43544.0	42835.9	 0.0098	 100.00	1428.41
    185	400820	     45	   14.0	43538.0	42839.7	 0.0100	 100.00	1428.62
    186	400820	     45	   10.0	43540.0	42843.4	 0.0099	 100.00	1428.95
    187	400820	     45	    8.0	43540.0	42847.1	 0.0099	 100.00	1429.20
    188	400820	     45	   10.0	43542.0	42850.8	 0.0098	 100.00	1429.53
    189	400820	     45	    6.0	43544.0	42854.4	 0.0098	 100.00	1429.76
    190	400820	     45	   14.0	43542.0	42858.0	 0.0097	 100.00	1430.08
    191	400820	     45	    6.0	43544.0	42861.6	 0.0097	 100.00	1430.27
    192	400820	     45	   10.0	43538.0	42865.1	 0.0096	 100.00	1430.60
    193	400820	     45	    6.0	43544.0	42868.6	 0.0096	 100.00	1430.76
    194	400820	     45	    8.0	43544.0	42872.1	 0.0095	 100.00	1431.08
    195	400820	     45	   14.0	43542.0	42875.5	 0.0095	 100.00	1431.33
    196	400820	     45	   10.0	43540.0	42878.9	 0.0094	 100.00	1431.65
    197	400820	     45	    6.0	43546.0	42882.2	 0.0094	 100.00	1432.06
    198	400820	     45	   10.0	43544.0	42885.6	 0.0094	 100.00	1432.19
    199	400820	     45	    8.0	43548.0	42888.9	 0.0093	 100.00	1432.52
    200	400820	     45	   12.0	43540.0	42892.1	 0.0093	 100.00	1432.79
    201	400820	     45	    6.0	43542.0	42895.3	 0.0092	 100.00	1433.12
    202	400820	     45	    8.0	43546.0	42898.5	 0.0092	 100.00	1433.36
    203	400820	     45	    8.0	43546.0	42901.7	 0.0091	 100.00	1433.68
    204	400820	     45	   12.0	43546.0	42904.8	 0.0091	 100.00	1433.87
    205	400820	     45	   16.0	43538.0	42907.9	 0.0093	 100.00	1434.19
    206	400820	     45	    8.0	43542.0	42911.0	 0.0092	 100.00	1434.34
    207	400820	     45	    6.0	43544.0	42914.0	 0.0092	 100.00	1434.63
    208	400820	     45	   10.0	43538.0	42917.0	 0.0091	 100.00	1434.87
    209	400820	     45	    8.0	43542.0	42920.0	 0.0091	 100.00	1435.17
    210	400820	     45	   12.0	43538.0	42922.9	 0.0090	 100.00	1435.37
    211	400820	     45	    6.0	43544.0	42925.8	 0.0090	 100.00	1435.66
    212	400820	     45	   10.0	43542.0	42928.7	 0.0090	 100.00	1435.96
    213	400820	     45	   10.0	43544.0	42931.6	 0.0089	 100.00	1436.20
    214	400820	     45	    8.0	43544.0	42934.5	 0.0089	 100.00	1436.48
    215	400820	     45	    6.0	43550.0	42937.3	 0.0088	 100.00	1436.69
    216	400820	     45	   14.0	43540.0	42940.1	 0.0088	 100.00	1436.98
    217	400820	     45	    6.0	43542.0	42942.9	 0.0087	 100.00	1437.12
    218	400820	     45	   12.0	43542.0	42945.6	 0.0087	 100.00	1437.38
    219	400820	     45	    6.0	43544.0	42948.3	 0.0087	 100.00	1437.64
    220	400820	     45	   10.0	43546.0	42951.0	 0.0086	 100.00	1437.91
    221	400820	     45	   10.0	43544.0	42953.7	 0.0086	 100.00	1438.02
    222	400820	     45	   10.0	43546.0	42956.3	 0.0086	 100.00	1438.28
    223	400820	     45	    8.0	43546.0	42959.0	 0.0085	 100.00	1438.46
    224	400820	     45	    8.0	43542.0	42961.6	 0.0086	 100.00	1438.70
    225	400820	     45	    6.0	43548.0	42964.2	 0.0089	 100.00	1438.97
    226	400820	     45	   16.0	43540.0	42966.7	 0.0091	 100.00	1439.14
    227	400820	     45	    8.0	43544.0	42969.2	 0.0091	 100.00	1439.36
    228	400820	     45	   12.0	43540.0	42971.7	 0.0092	 100.00	1439.52
    229	400820	     45	    6.0	43546.0	42974.2	 0.0091	 100.00	1439.74
    230	400820	     45	    8.0	43546.0	42976.7	 0.0091	 100.00	1439.85
    231	400820	     45	   12.0	43546.0	42979.1	 0.0091	 100.00	1440.08
    232	400820	     45	    8.0	43542.0	42981.6	 0.0090	 100.00	1440.26
    233	400820	     45	    8.0	43542.0	42984.0	 0.0090	 100.00	1440.49
    234	400820	     45	    8.0	43546.0	42986.3	 0.0090	 100.00	1440.56
    235	400820	     45	    6.0	43548.0	42988.7	 0.0090	 100.00	1440.79
    236	400820	     45	   18.0	43542.0	42991.1	 0.0092	 100.00	1440.90
    237	400820	     45	    6.0	43544.0	42993.4	 0.0091	 100.00	1441.10
    238	400820	     45	    8.0	43548.0	42995.7	 0.0091	 100.00	1441.28
    239	400820	     45	    8.0	43548.0	42998.0	 0.0091	 100.00	1441.51
    240	400820	     45	    8.0	43544.0	43000.3	 0.0091	 100.00	1441.71
    241	400820	     45	   12.0	43544.0	43002.5	 0.0091	 100.00	1441.89
    242	400820	     45	    8.0	43544.0	43004.7	 0.0091	 100.00	1442.10
    243	400820	     45	    6.0	43550.0	43007.0	 0.0090	 100.00	1442.23
    244	400820	     45	   12.0	43546.0	43009.2	 0.0092	 100.00	1442.41
    245	400820	     45	    8.0	43550.0	43011.4	 0.0092	 100.00	1442.58
    246	400820	     45	   20.0	43538.0	43013.5	 0.0097	 100.00	1442.76
    247	400820	     45	    6.0	43544.0	43015.7	 0.0098	 100.00	1442.89
    248	400820	     45	    8.0	43540.0	43017.8	 0.0098	 100.00	1443.05
    249	400820	     45	    8.0	43540.0	43019.8	 0.0098	 100.00	1443.11
    250	400820	     45	   10.0	43542.0	43021.9	 0.0098	 100.00	1443.27
    251	400820	     45	   10.0	43540.0	43024.0	 0.0097	 100.00	1443.36
    252	400820	     45	   10.0	43542.0	43026.0	 0.0097	 100.00	1443.53
    253	400820	     45	    6.0	43544.0	43028.1	 0.0096	 100.00	1443.70
    254	400820	     45	   12.0	43544.0	43030.1	 0.0096	 100.00	1443.85
    255	400820	     45	    6.0	43546.0	43032.1	 0.0096	 100.00	1444.01
    256	400820	     45	   14.0	43536.0	43034.1	 0.0102	 100.00	1444.10
    257	400820	     45	    6.0	43542.0	43036.0	 0.0101	 100.00	1444.27
    258	400820	     45	    8.0	43542.0	43038.0	 0.0101	 100.00	1444.38
    259	400820	     45	   10.0	43544.0	43039.9	 0.0100	 100.00	1444.53
    260	400820	     45	   10.0	43542.0	43041.9	 0.0100	 100.00	1444.64
    261	400820	     45	    6.0	43548.0	43043.8	 0.0100	 100.00	1444.81
    262	400820	     45	   12.0	43544.0	43045.7	 0.0100	 100.00	1444.87
    263	400820	     45	    8.0	43548.0	43047.6	 0.0100	 100.00	1445.04
    264	400820	     45	   10.0	43542.0	43049.5	 0.0099	 100.00	1445.07
    265	400820	     45	    6.0	43544.0	43051.3	 0.0099	 100.00	1445.24
    266	400820	     45	    8.0	43548.0	43053.2	 0.0101	 100.00	1445.30
    267	400820	     45	   14.0	43542.0	43055.0	 0.0102	 100.00	1445.44
    268	400820	     45	   12.0	43542.0	43056.8	 0.0102	 100.00	1445.51
    269	400820	     45	    8.0	43542.0	43058.6	 0.0102	 100.00	1445.65
    270	400820	     45	    8.0	43546.0	43060.4	 0.0102	 100.00	1445.80
    271	400820	     45	    6.0	43548.0	43062.2	 0.0101	 100.00	1445.88
    272	400820	     45	   12.0	43540.0	43064.0	 0.0102	 100.00	1446.01
    273	400820	     45	    8.0	43544.0	43065.7	 0.0101	 100.00	1446.11
    274	400820	     45	   10.0	43542.0	43067.4	 0.0101	 100.00	1446.26
    275	400820	     45	    6.0	43548.0	43069.2	 0.0101	 100.00	1446.32
    276	400820	     45	   10.0	43546.0	43070.9	 0.0100	 100.00	1446.45
    277	400820	     45	   14.0	43544.0	43072.6	 0.0100	 100.00	1446.56
    278	400820	     45	    8.0	43544.0	43074.3	 0.0100	 100.00	1446.69
    279	400820	     45	    6.0	43550.0	43076.0	 0.0101	 100.00	1446.78
    280	400820	     45	   10.0	43544.0	43077.7	 0.0101	 100.00	1446.91
    281	400820	     45	    6.0	43546.0	43079.3	 0.0100	 100.00	1446.91
    282	400820	     45	   14.0	43544.0	43081.0	 0.0100	 100.00	1447.05
    283	400820	     45	    6.0	43546.0	43082.6	 0.0099	 100.00	1447.10
    284	400820	     45	   10.0	43548.0	43084.2	 0.0100	 100.00	1447.25
    285	400820	     45	    8.0	43548.0	43085.9	 0.0100	 100.00	1447.39
    286	400820	     45	   10.0	43550.0	43087.5	 0.0099	 100.00	1447.43
    287	400820	     45	   16.0	43542.0	43089.0	 0.0101	 100.00	1447.59
    288	400820	     45	    8.0	43538.0	43090.6	 0.0101	 100.00	1447.62
    289	400820	     45	    6.0	43544.0	43092.2	 0.0100	 100.00	1447.75
    290	400820	     45	   10.0	43542.0	43093.7	 0.0100	 100.00	1447.83
    291	400820	     45	    8.0	43546.0	43095.3	 0.0100	 100.00	1447.97
    292	400820	     45	   14.0	43540.0	43096.8	 0.0099	 100.00	1448.05
    293	400820	     45	    6.0	43546.0	43098.3	 0.0099	 100.00	1448.19
    294	400820	     45	    8.0	43546.0	43099.8	 0.0099	 100.00	1448.31
    295	400820	     45	   10.0	43548.0	43101.3	 0.0099	 100.00	1448.44
    296	400820	     45	    8.0	43544.0	43102.8	 0.0099	 100.00	1448.45
    297	400820	     45	   12.0	43540.0	43104.3	 0.0102	 100.00	1448.58
    298	400820	     45	    8.0	43544.0	43105.8	 0.0102	 100.00	1448.68
    299	400820	     45	    6.0	43546.0	43107.2	 0.0102	 100.00	1448.79
    300	400820	     45	   14.0	43544.0	43108.7	 0.0101	 100.00	1448.95
    301	400820	     45	    6.0	43546.0	43110.1	 0.0101	 100.00	1448.97
    302	400820	     45	    8.0	43550.0	43111.6	 0.0101	 100.00	1449.08
    303	400820	     45	   10.0	43548.0	43113.0	 0.0100	 100.00	1449.15
    304	400820	     45	    8.0	43544.0	43114.4	 0.0100	 100.00	1449.28
    305	400820	     45	   10.0	43546.0	43115.8	 0.0100	 100.00	1449.36
    306	400820	     45	    8.0	43546.0	43117.2	 0.0099	 100.00	1449.48
    307	400820	     45	    6.0	43552.0	43118.7	 0.0099	 100.00	1449.52
    308	400820	     45	   18.0	43542.0	43120.0	 0.0100	 100.00	1449.64
    309	400820	     45	    8.0	43546.0	43121.4	 0.0100	 100.00	1449.73
    310	400820	     45	   10.0	43544.0	43122.8	 0.0100	 100.00	1449.84
    311	400820	     45	    6.0	43550.0	43124.1	 0.0101	 100.00	1449.85
    312	400820	     45	    8.0	43546.0	43125.5	 0.0101	 100.00	1449.97
    313	400820	     45	   10.0	43544.0	43126.8	 0.0101	 100.00	1450.03
    314	400820	     45	   10.0	43546.0	43128.1	 0.0100	 100.00	1450.12
    315	400820	     45	    8.0	43546.0	43129.5	 0.0100	 100.00	1450.26
    316	400820	     45	   10.0	43548.0	43130.8	 0.0100	 100.00	1450.36
    317	400820	     45	    6.0	43550.0	43132.1	 0.0099	 100.00	1450.47
    318	400820	     45	   16.0	43546.0	43133.4	 0.0100	 100.00	1450.55
    319	400820	     45	    6.0	43548.0	43134.7	 0.0100	 100.00	1450.67
    320	400820	     45	   10.0	43542.0	43136.0	 0.0101	 100.00	1450.72
    321	400820	     45	    6.0	43548.0	43137.2	 0.0101	 100.00	1450.84
    322	400820	     45	    8.0	43548.0	43138.5	 0.0101	 100.00	1450.91
    323	400820	     45	   12.0	43548.0	43139.8	 0.0101	 100.00	1451.03
    324	400820	     45	   10.0	43546.0	43141.0	 0.0101	 100.00	1451.09
    325	400820	     45	    6.0	43552.0	43142.3	 0.0101	 100.00	1451.20
    326	400820	     45	   10.0	43550.0	43143.5	 0.0101	 100.00	1451.21
    327	400820	     45	    8.0	43554.0	43144.8	 0.0100	 100.00	1451.33
    328	400820	     45	   24.0	43534.0	43146.0	 0.0105	 100.00	1451.37
    329	400820	     45	    6.0	43536.0	43147.2	 0.0105	 100.00	1451.50
    330	400820	     45	    8.0	43540.0	43148.3	 0.0104	 100.00	1451.61
    331	400820	     45	    8.0	43540.0	43149.5	 0.0104	 100.00	1451.66
    332	400820	     45	   12.0	43540.0	43150.7	 0.0106	 100.00	1451.77
    333	400820	     45	   10.0	43538.0	43151.9	 0.0106	 100.00	1451.82
    334	400820	     45	    8.0	43542.0	43153.0	 0.0107	 100.00	1451.92
    335	400820	     45	    6.0	43544.0	43154.2	 0.0107	 100.00	1451.98
    336	400820	     45	   10.0	43538.0	43155.3	 0.0107	 100.00	1452.08
    337	400820	     45	    8.0	43542.0	43156.5	 0.0107	 100.00	1452.13
    338	400820	     45	   14.0	43536.0	43157.6	 0.0108	 100.00	1452.23
    339	400820	     45	    6.0	43542.0	43158.7	 0.0108	 100.00	1452.27
    340	400820	     45	   10.0	43540.0	43159.8	 0.0108	 100.00	1452.36
    341	400820	     45	   10.0	43542.0	43160.9	 0.0108	 100.00	1452.36
    342	400820	     45	    8.0	43542.0	43162.1	 0.0108	 100.00	1452.45
    343	400820	     45	    6.0	43548.0	43163.2	 0.0108	 100.00	1452.51
    344	400820	     45	   12.0	43540.0	43164.3	 0.0108	 100.00	1452.60
    345	400820	     45	    6.0	43542.0	43165.4	 0.0107	 100.00	1452.64
    346	400820	     45	   12.0	43542.0	43166.4	 0.0107	 100.00	1452.73
    347	400820	     45	    6.0	43544.0	43167.5	 0.0107	 100.00	1452.84
    348	400820	     45	   10.0	43546.0	43168.6	 0.0109	 100.00	1452.92
    349	400820	     45	   14.0	43540.0	43169.7	 0.0109	 100.00	1453.02
    350	400820	     45	   10.0	43542.0	43170.7	 0.0109	 100.00	1453.08
    351	400820	     45	    8.0	43542.0	43171.8	 0.0109	 100.00	1453.17
    352	400820	     45	    8.0	43538.0	43172.8	 0.0112	 100.00	1453.20
    353	400820	     45	    6.0	43544.0	43173.9	 0.0112	 100.00	1453.30
    354	400820	     45	   12.0	43540.0	43174.9	 0.0112	 100.00	1453.35
    355	400820	     45	    8.0	43544.0	43175.9	 0.0111	 100.00	1453.45
    356	400820	     45	   12.0	43540.0	43177.0	 0.0111	 100.00	1453.44
    357	400820	     45	    6.0	43546.0	43178.0	 0.0111	 100.00	1453.54
    358	400820	     45	    8.0	43546.0	43179.0	 0.0111	 100.00	1453.58
    359	400820	     45	   14.0	43544.0	43180.0	 0.0111	 100.00	1453.67
    360	400820	     45	    8.0	43540.0	43181.0	 0.0111	 100.00	1453.76
    361	400820	     45	    8.0	43540.0	43182.0	 0.0111	 100.00	1453.85
    362	400820	     45	    8.0	43544.0	43183.0	 0.0111	 100.00	1453.93
    363	400820	     45	    6.0	43546.0	43184.0	 0.0110	 100.00	1454.01
    364	400820	     45	   16.0	43542.0	43185.0	 0.0111	 100.00	1454.10
    365	400820	     45	    6.0	43544.0	43186.0	 0.0111	 100.00	1454.12
    366	400820	     45	    8.0	43548.0	43187.0	 0.0111	 100.00	1454.21
    367	400820	     45	    8.0	43548.0	43188.0	 0.0111	 100.00	1454.28
    368	400820	     45	    8.0	43544.0	43188.9	 0.0111	 100.00	1454.37
    369	400820	     45	   18.0	43538.0	43189.9	 0.0113	 100.00	1454.43
    370	400820	     45	    8.0	43538.0	43190.8	 0.0113	 100.00	1454.52
    371	400820	     45	    6.0	43544.0	43191.7	 0.0113	 100.00	1454.52
    372	400820	     45	   12.0	43540.0	43192.7	 0.0113	 100.00	1454.61
    373	400820	     45	    8.0	43544.0	43193.6	 0.0112	 100.00	1454.69
    374	400820	     45	   12.0	43540.0	43194.5	 0.0113	 100.00	1454.77
    375	400820	     45	    6.0	43546.0	43195.5	 0.0116	 100.00	1454.79
    376	400820	     45	    8.0	43542.0	43196.4	 0.0115	 100.00	1454.88
    377	400820	     45	    8.0	43542.0	43197.3	 0.0115	 100.00	1454.96
    378	400820	     45	   10.0	43544.0	43198.2	 0.0115	 100.00	1454.99
    379	400820	     45	   12.0	43540.0	43199.1	 0.0115	 100.00	1455.07
    380	400820	     45	   10.0	43542.0	43200.0	 0.0114	 100.00	1455.12
    381	400820	     45	    6.0	43544.0	43200.9	 0.0114	 100.00	1455.21
    382	400820	     45	   12.0	43544.0	43201.8	 0.0114	 100.00	1455.24
    383	400820	     45	    6.0	43546.0	43202.7	 0.0114	 100.00	1455.33
    384	400820	     45	   12.0	43538.0	43203.6	 0.0116	 100.00	1455.33
    385	400820	     45	    6.0	43544.0	43204.5	 0.0116	 100.00	1455.41
    386	400820	     45	    8.0	43544.0	43205.3	 0.0116	 100.00	1455.46
    387	400820	     45	   10.0	43546.0	43206.2	 0.0115	 100.00	1455.54
    388	400820	     45	   10.0	43544.0	43207.1	 0.0115	 100.00	1455.53
    389	400820	     45	    6.0	43550.0	43208.0	 0.0115	 100.00	1455.61
    390	400820	     45	   16.0	43542.0	43208.8	 0.0115	 100.00	1455.63
    391	400820	     45	    8.0	43546.0	43209.7	 0.0115	 100.00	1455.70
    392	400820	     45	   10.0	43540.0	43210.5	 0.0115	 100.00	1455.82
    393	400820	     45	    6.0	43542.0	43211.4	 0.0115	 100.00	1455.85
    394	400820	     45	    8.0	43546.0	43212.2	 0.0115	 100.00	1455.94
    395	400820	     45	   10.0	43544.0	43213.1	 0.0115	 100.00	1455.98
    396	400820	     45	   12.0	43544.0	43213.9	 0.0115	 100.00	1456.05
    397	400820	     45	    8.0	43544.0	43214.7	 0.0114	 100.00	1456.06
    398	400820	     45	    8.0	43548.0	43215.6	 0.0114	 100.00	1456.13
    399	400820	     45	    6.0	43550.0	43216.4	 0.0114	 100.00	1456.18
    400	400820	     45	   14.0	43540.0	43217.2	 0.0114	 100.00	1456.23
    401	400820	     45	    8.0	43544.0	43218.0	 0.0114	 100.00	1456.31
    402	400820	     45	   10.0	43542.0	43218.8	 0.0113	 100.00	1456.38
    403	400820	     45	    6.0	43548.0	43219.6	 0.0113	 100.00	1456.36
    404	400820	     45	   10.0	43546.0	43220.4	 0.0113	 100.00	1456.43
    405	400820	     45	   12.0	43546.0	43221.2	 0.0114	 100.00	1456.45
    406	400820	     45	    8.0	43546.0	43222.0	 0.0114	 100.00	1456.49
    407	400820	     45	    6.0	43552.0	43222.8	 0.0113	 100.00	1456.58
    408	400820	     45	   10.0	43546.0	43223.6	 0.0113	 100.00	1456.59
    409	400820	     45	    6.0	43548.0	43224.4	 0.0113	 100.00	1456.67
    410	400820	     45	   22.0	43538.0	43225.2	 0.0115	 100.00	1456.68
    411	400820	     45	    6.0	43540.0	43226.0	 0.0115	 100.00	1456.76
    412	400820	     45	   10.0	43542.0	43226.7	 0.0115	 100.00	1456.80
    413	400820	     45	    8.0	43542.0	43227.5	 0.0114	 100.00	1456.83
    414	400820	     45	   10.0	43544.0	43228.2	 0.0114	 100.00	1456.88
    415	400820	     45	   10.0	43542.0	43229.0	 0.0114	 100.00	1456.96
    416	400820	     45	    8.0	43538.0	43229.7	 0.0115	 100.00	1456.96
    417	400820	     45	    6.0	43544.0	43230.5	 0.0115	 100.00	1457.03
    418	400820	     45	   10.0	43542.0	43231.2	 0.0115	 100.00	1457.02
    419	400820	     45	    8.0	43546.0	43232.0	 0.0115	 100.00	1457.08
    420	400820	     45	   16.0	43538.0	43232.7	 0.0115	 100.00	1457.13
    421	400820	     45	    6.0	43544.0	43233.4	 0.0115	 100.00	1457.20
    422	400820	     45	    8.0	43544.0	43234.2	 0.0115	 100.00	1457.22
    423	400820	     45	   10.0	43546.0	43234.9	 0.0115	 100.00	1457.29
    424	400820	     45	    8.0	43542.0	43235.6	 0.0114	 100.00	1457.36
    425	400820	     45	   10.0	43540.0	43236.4	 0.0114	 100.00	1457.40
    426	400820	     45	    8.0	43544.0	43237.1	 0.0114	 100.00	1457.47
    427	400820	     45	    6.0	43546.0	43237.8	 0.0114	 100.00	1457.52
    428	400820	     45	   14.0	43544.0	43238.5	 0.0114	 100.00	1457.59
    429	400820	     45	    6.0	43546.0	43239.2	 0.0115	 100.00	1457.60
    430	400820	     45	    8.0	43550.0	43239.9	 0.0115	 100.00	1457.66
    431	400820	     45	   14.0	43544.0	43240.6	 0.0116	 100.00	1457.70
    432	400820	     45	    8.0	43540.0	43241.3	 0.0116	 100.00	1457.78
    433	400820	     45	   10.0	43542.0	43242.0	 0.0115	 100.00	1457.76
    434	400820	     45	    8.0	43542.0	43242.7	 0.0115	 100.00	1457.83
    435	400820	     45	    6.0	43548.0	43243.4	 0.0116	 100.00	1457.86
    436	400820	     45	   14.0	43542.0	43244.1	 0.0115	 100.00	1457.92
    437	400820	     45	    8.0	43546.0	43244.8	 0.0115	 100.00	1457.97
    438	400820	     45	   10.0	43544.0	43245.5	 0.0115	 100.00	1458.03
    439	400820	     45	    6.0	43550.0	43246.2	 0.0115	 100.00	1458.10
    440	400820	     45	    8.0	43546.0	43246.8	 0.0115	 100.00	1458.15
    441	400820	     45	   12.0	43542.0	43247.5	 0.0115	 100.00	1458.21
    442	400820	     45	   10.0	43544.0	43248.2	 0.0115	 100.00	1458.22
    443	400820	     45	    8.0	43544.0	43248.9	 0.0115	 100.00	1458.29
    444	400820	     45	   10.0	43546.0	43249.5	 0.0114	 100.00	1458.31
    445	400820	     45	    6.0	43548.0	43250.2	 0.0114	 100.00	1458.37
    446	400820	     45	   14.0	43546.0	43250.9	 0.0114	 100.00	1458.39
    447	400820	     45	    6.0	43548.0	43251.5	 0.0114	 100.00	1458.44
    448	400820	     45	   10.0	43542.0	43252.2	 0.0115	 100.00	1458.47
    449	400820	     45	    6.0	43548.0	43252.8	 0.0114	 100.00	1458.52
    450	400820	     45	    8.0	43548.0	43253.5	 0.0114	 100.00	1458.50
    451	400820	     45	   18.0	43542.0	43254.1	 0.0115	 100.00	1458.56
    452	400820	     45	   10.0	43540.0	43254.7	 0.0115	 100.00	1458.55
    453	400820	     45	    6.0	43546.0	43255.4	 0.0115	 100.00	1458.61
    454	400820	     45	   10.0	43544.0	43256.0	 0.0115	 100.00	1458.68
    455	400820	     45	    8.0	43548.0	43256.7	 0.0114	 100.00	1458.67
    456	400820	     45	   12.0	43540.0	43257.3	 0.0114	 100.00	1458.74
    457	400820	     45	    6.0	43542.0	43257.9	 0.0114	 100.00	1458.77
    458	400820	     45	    8.0	43546.0	43258.5	 0.0114	 100.00	1458.83
    459	400820	     45	    8.0	43546.0	43259.2	 0.0114	 100.00	1458.86
    460	400820	     45	   12.0	43546.0	43259.8	 0.0113	 100.00	1458.92
    461	400820	     45	   12.0	43542.0	43260.4	 0.0114	 100.00	1458.95
    462	400820	     45	    8.0	43546.0	43261.0	 0.0114	 100.00	1458.99
    463	400820	     45	    6.0	43548.0	43261.6	 0.0114	 100.00	1459.02
    464	400820	     45	   10.0	43542.0	43262.2	 0.0113	 100.00	1459.08
    465	400820	     45	    8.0	43546.0	43262.8	 0.0113	 100.00	1459.06
    466	400820	     45	   12.0	43542.0	43263.4	 0.0113	 100.00	1459.11
    467	400820	     45	    6.0	43548.0	43264.0	 0.0113	 100.00	1459.12
    468	400820	     45	   10.0	43546.0	43264.6	 0.0113	 100.00	1459.17
    469	400820	     45	   10.0	43548.0	43265.2	 0.0113	 100.00	1459.22
    470	400820	     45	    8.0	43548.0	43265.8	 0.0113	 100.00	1459.26
    471	400820	     45	    6.0	43554.0	43266.5	 0.0113	 100.00	1459.32
    472	400820	     45	   16.0	43542.0	43267.0	 0.0114	 100.00	1459.35
    473	400820	     45	    6.0	43544.0	43267.6	 0.0113	 100.00	1459.40
    474	400820	     45	   12.0	43544.0	43268.2	 0.0113	 100.00	1459.41
    475	400820	     45	    6.0	43546.0	43268.8	 0.0113	 100.00	1459.46
    476	400820	     45	   10.0	43548.0	43269.4	 0.0113	 100.00	1459.49
    477	400820	     45	   10.0	43546.0	43269.9	 0.0113	 100.00	1459.54
    478	400820	     45	   10.0	43548.0	43270.5	 0.0113	 100.00	1459.56
    479	400820	     45	    8.0	43548.0	43271.1	 0.0113	 100.00	1459.61
    480	400820	     45	    8.0	43544.0	43271.7	 0.0113	 100.00	1459.55
    481	400820	     45	    6.0	43550.0	43272.3	 0.0112	 100.00	1459.62
    482	400820	     45	   14.0	43544.0	43272.8	 0.0113	 100.00	1459.61
    483	400820	     45	    8.0	43548.0	43273.4	 0.0112	 100.00	1459.66
    484	400820	     45	   12.0	43544.0	43273.9	 0.0112	 100.00	1459.68
    485	400820	     45	    6.0	43550.0	43274.5	 0.0112	 100.00	1459.73
    486	400820	     45	    8.0	43550.0	43275.1	 0.0112	 100.00	1459.74
    487	400820	     45	   12.0	43550.0	43275.6	 0.0112	 100.00	1459.74
    488	400820	     45	    8.0	43546.0	43276.2	 0.0112	 100.00	1459.79
    489	400820	     45	    8.0	43546.0	43276.7	 0.0111	 100.00	1459.81
    490	400820	     45	    8.0	43550.0	43277.3	 0.0111	 100.00	1459.85
    491	400820	     45	    6.0	43552.0	43277.9	 0.0111	 100.00	1459.87
    492	400820	     45	   26.0	43538.0	43278.4	 0.0113	 100.00	1459.92
    493	400820	     45	    6.0	43540.0	43278.9	 0.0113	 100.00	1459.93
    494	400820	     45	    8.0	43544.0	43279.5	 0.0113	 100.00	1459.97
    495	400820	     45	    8.0	43544.0	43280.0	 0.0113	 100.00	1459.98
    496	400820	     45	    8.0	43540.0	43280.5	 0.0112	 100.00	1460.03
    497	400820	     45	   12.0	43540.0	43281.0	 0.0112	 100.00	1460.01
    498	400820	     45	    8.0	43540.0	43281.5	 0.0112	 100.00	1460.05
    499	400820	     45	    6.0	43546.0	43282.1	 0.0112	 100.00	1460.05
    500	400820	     45	   12.0	43542.0	43282.6	 0.0111	 100.00	1460.09
    501	400820	     45	    8.0	43546.0	43283.1	 0.0111	 100.00	1460.11
    502	400820	     45	   14.0	43540.0	43283.6	 0.0112	 100.00	1460.15
    503	400820	     45	    6.0	43546.0	43284.2	 0.0111	 100.00	1460.20
    504	400820	     45	    8.0	43542.0	43284.7	 0.0111	 100.00	1460.23
    505	400820	     45	    8.0	43542.0	43285.2	 0.0111	 100.00	1460.27
    506	400820	     45	   10.0	43544.0	43285.7	 0.0111	 100.00	1460.26
    507	400820	     45	   10.0	43542.0	43286.2	 0.0110	 100.00	1460.31
    508	400820	     45	   10.0	43544.0	43286.7	 0.0110	 100.00	1460.32
    509	400820	     45	    6.0	43546.0	43287.2	 0.0110	 100.00	1460.37
    510	400820	     45	   12.0	43546.0	43287.7	 0.0110	 100.00	1460.39
    511	400820	     45	    6.0	43548.0	43288.2	 0.0110	 100.00	1460.47
    512	400820	     45	   16.0	43536.0	43288.7	 0.0112	 100.00	1460.47
    513	400820	     45	    6.0	43542.0	43289.2	 0.0112	 100.00	1460.55
    514	400820	     45	    8.0	43542.0	43289.7	 0.0112	 100.00	1460.57
    515	400820	     45	   10.0	43544.0	43290.2	 0.0112	 100.00	1460.64
    516	400820	     45	   10.0	43542.0	43290.7	 0.0111	 100.00	1460.69
    517	400820	     45	    6.0	43548.0	43291.2	 0.0111	 100.00	1460.76
    518	400820	     45	   12.0	43544.0	43291.6	 0.0111	 100.00	1460.83
    519	400820	     45	    8.0	43548.0	43292.1	 0.0111	 100.00	1460.86
    520	400820	     45	   10.0	43542.0	43292.6	 0.0110	 100.00	1460.93
    521	400820	     45	    6.0	43544.0	43293.1	 0.0110	 100.00	1460.95
    522	400820	     45	    8.0	43548.0	43293.6	 0.0111	 100.00	1461.01
    523	400820	     45	   12.0	43544.0	43294.1	 0.0111	 100.00	1461.04
    524	400820	     45	   12.0	43544.0	43294.5	 0.0111	 100.00	1461.07
    525	400820	     45	    8.0	43544.0	43295.0	 0.0111	 100.00	1461.07
    526	400820	     45	    8.0	43548.0	43295.5	 0.0111	 100.00	1461.10
    527	400820	     45	    6.0	43550.0	43296.0	 0.0111	 100.00	1461.07
    528	400820	     45	   12.0	43542.0	43296.4	 0.0111	 100.00	1461.11
    529	400820	     45	    8.0	43546.0	43296.9	 0.0110	 100.00	1461.13
    530	400820	     45	   10.0	43544.0	43297.4	 0.0110	 100.00	1461.16
    531	400820	     45	    6.0	43550.0	43297.9	 0.0110	 100.00	1461.16
    532	400820	     45	   10.0	43548.0	43298.3	 0.0110	 100.00	1461.19
    533	400820	     45	   18.0	43542.0	43298.8	 0.0111	 100.00	1461.24
    534	400820	     45	    8.0	43542.0	43299.2	 0.0110	 100.00	1461.25
    535	400820	     45	    6.0	43548.0	43299.7	 0.0110	 100.00	1461.32
    536	400820	     45	   10.0	 1283.0	43221.5	 0.0110	 100.00	1461.28
    537	400820	     45	    6.0	 1285.0	43143.5	 0.0110	 100.00	1461.29
    538	400820	     45	   14.0	   14.0	43063.5	 0.0110	 100.00	1461.40
    539	400820	     45	    6.0	    8.0	42983.8	 0.0110	 100.00	1461.42
    540	400820	     45	   10.0	   11.0	42904.3	 0.0110	 100.00	1461.54
    541	400820	     45	    8.0	   11.0	42825.2	 0.0110	 100.00	1461.57
    542	400820	     45	   10.0	   12.0	42746.3	 0.0109	 100.00	1461.68
    543	400820	     45	   12.0	    8.0	42667.8	 0.0109	 100.00	1461.70
    544	400820	     45	    8.0	    8.0	42589.5	 0.0109	 100.00	1461.75
    545	400820	     45	    6.0	   10.0	42511.5	 0.0109	 100.00	1461.80
    546	400820	     45	   10.0	   11.0	42433.8	 0.0109	 100.00	1462.02
    547	400820	     45	    8.0	    5.0	42356.4	 0.0109	 100.00	1462.06
    548	400820	     45	   14.0	   14.0	42279.3	 0.0109	 100.00	1462.26
    549	400820	     45	    6.0	   12.0	42202.4	 0.0109	 100.00	1462.32
    550	400820	     45	    8.0	   10.0	42125.8	 0.0109	 100.00	1462.53
    551	400820	     45	   10.0	    8.0	42049.5	 0.0109	 100.00	1462.56
    552	400820	     45	    8.0	    8.0	41973.5	 0.0109	 100.00	1462.76
    553	400820	     45	   14.0	   14.0	41897.8	 0.0109	 100.00	1462.78
    554	400820	     45	    8.0	    9.0	41822.3	 0.0108	 100.00	1462.92
    555	400820	     45	    6.0	    7.0	41747.1	 0.0108	 100.00	1462.91
    556	400820	     45	   14.0	   14.0	41672.2	 0.0108	 100.00	1463.05
    557	400820	     45	    6.0	    8.0	41597.5	 0.0108	 100.00	1463.12
    558	400820	     45	    8.0	    8.0	41523.1	 0.0108	 100.00	1463.17
    559	400820	     45	   10.0	   10.0	41449.0	 0.0107	 100.00	1463.25
    560	400820	     45	    8.0	    8.0	41375.1	 0.0107	 100.00	1463.42
    561	400820	     45	   10.0	   10.0	41301.5	 0.0107	 100.00	1463.51
    562	400820	     45	    8.0	    8.0	41228.2	 0.0107	 100.00	1463.69
    563	400820	     45	    6.0	    6.0	41155.1	 0.0108	 100.00	1463.77
    564	400820	     45	   16.0	   16.0	41082.3	 0.0109	 100.00	1463.93
    565	400820	     45	    8.0	   12.0	41009.7	 0.0109	 100.00	1463.95
    566	400820	     45	   10.0	   12.0	40937.4	 0.0108	 100.00	1464.05
    567	400820	     45	    6.0	   10.0	40865.3	 0.0108	 100.00	1464.08
    568	400820	     45	    8.0	    8.0	40793.5	 0.0108	 100.00	1464.22
    569	400820	     45	   10.0	   10.0	40722.0	 0.0108	 100.00	1464.24
    570	400820	     45	   10.0	   12.0	40650.7	 0.0108	 100.00	1464.38
    571	400820	     45	    8.0	    8.0	40579.6	 0.0108	 100.00	1464.37
    572	400820	     45	   10.0	   10.0	40508.8	 0.0108	 100.00	1464.50
    573	400820	     45	    6.0	    8.0	40438.3	 0.0108	 100.00	1464.51
    574	400820	     45	   22.0	   20.0	40368.0	 0.0110	 100.00	1464.65
    575	400820	     45	    6.0	   14.0	40297.9	 0.0110	 100.00	1464.67
    576	400820	     45	   10.0	   17.0	40228.1	 0.0110	 100.00	1464.81
    577	400820	     45	    6.0	   19.0	40158.5	 0.0110	 100.00	1464.49
    578	400820	     45	    8.0	   10.0	40089.2	 0.0110	 100.00	1464.44
    579	400820	     45	   12.0	    6.0	40020.1	 0.0110	 100.00	1464.07
    580	400820	     45	   10.0	   10.0	39951.2	 0.0109	 100.00	1463.66
    581	400820	     45	    6.0	    8.0	39882.6	 0.0109	 100.00	1463.38
    582	400820	     45	   10.0	   10.0	39814.2	 0.0109	 100.00	1463.10
    583	400820	     45	    8.0	    6.0	39746.0	 0.0109	 100.00	1462.64
    584	400820	     45	   14.0	   14.0	39678.1	 0.0109	 100.00	1462.09
    585	400820	     45	    6.0	    0.0	39610.4	 0.0108	 +99.83	1462.54
    586	400820	     45	    8.0	    8.0	39542.9	 0.0108	  99.83	1461.78
    587	400820	     45	    8.0	    8.0	39475.7	 0.0108	  99.83	1461.43
    588	400820	     45	   12.0	    0.0	39408.7	 0.0108	 +99.66	1462.01
    589	400820	     45	   10.0	   10.0	39341.9	 0.0108	  99.66	1461.28
    590	400820	     45	    8.0	    8.0	39275.4	 0.0108	  99.66	1460.74
    591	400820	     45	    6.0	    0.0	39209.0	 0.0107	 +99.49	1461.05
    592	400820	     45	   10.0	   10.0	39142.9	 0.0107	  99.49	1460.23
    593	400820	     45	    8.0	    8.0	39077.0	 0.0107	  99.49	1459.13
    594	400820	     45	   16.0	    2.0	39011.3	 0.0107	  99.50	1458.22
    595	400820	     45	    6.0	    2.0	38945.9	 0.0107	  99.50	1456.51
    596	400820	     45	   10.0	    0.0	38880.7	 0.0107	 +99.33	1457.34
    597	400820	     45	   10.0	   10.0	38815.7	 0.0107	  99.33	1456.50
    598	400820	     45	    8.0	    8.0	38750.9	 0.0107	  99.33	1455.67
    599	400820	     45	    6.0	    0.0	38686.3	 0.0107	 +99.17	1456.64
    600	400820	     45	   12.0	   12.0	38621.9	 0.0106	  99.17	1455.87
    601	400820	     45	    6.0	    6.0	38557.8	 0.0106	  99.17	1455.10
    602	400820	     45	   12.0	    0.0	38493.8	 0.0106	 +99.00	1456.20
    603	400820	     45	    6.0	    6.0	38430.1	 0.0106	  99.01	1455.46
    604	400820	     45	   10.0	   10.0	38366.6	 0.0106	  99.01	1454.64
    605	400820	     45	   12.0	    2.0	38303.3	 0.0106	  99.01	1453.39
    606	400820	     45	   10.0	    2.0	38240.2	 0.0106	  99.01	1452.33
    607	400820	     45	    8.0	    1.0	38177.3	 0.0106	  99.01	1451.38
    608	400820	     45	    8.0	    5.0	38114.6	 0.0106	  99.01	1450.15
    609	400820	     45	    6.0	    0.0	38052.2	 0.0106	 +98.85	1450.96
    610	400820	     45	   12.0	   12.0	37989.9	 0.0107	  98.85	1450.25
    611	400820	     45	    8.0	   11.0	37927.8	 0.0107	  98.86	1449.63
    612	400820	     45	   12.0	    0.0	37866.0	 0.0107	 +98.69	1450.73
    613	400820	     45	    6.0	    6.0	37804.3	 0.0106	  98.70	1450.03
    614	400820	     45	    8.0	    8.0	37742.9	 0.0106	  98.70	1449.40
    615	400820	     45	   18.0	    2.0	37681.6	 0.0107	  98.70	1448.10
    616	400820	     45	    8.0	   10.0	37620.5	 0.0106	  98.70	1447.63
    617	400820	     45	    8.0	   10.0	37559.7	 0.0106	  98.71	1446.83
    618	400820	     45	    8.0	    0.0	37499.0	 0.0106	 +98.55	1447.62
    619	400820	     45	    6.0	    6.0	37438.5	 0.0106	  98.55	1446.85
    620	400820	     45	   16.0	   16.0	37378.3	 0.0106	  98.55	1445.81
    621	400820	     45	    6.0	    0.0	37318.2	 0.0106	 +98.39	1446.94
    622	400820	     45	    8.0	    8.0	37258.3	 0.0105	  98.39	1446.14
    623	400820	     45	    8.0	    8.0	37198.6	 0.0105	  98.40	1445.41
    624	400820	     45	    8.0	    0.0	37139.1	 0.0105	 +98.24	1446.33
    625	400820	     45	   14.0	   14.0	37079.8	 0.0105	  98.24	1445.59
    626	400820	     45	    8.0	    8.0	37020.6	 0.0105	  98.25	1444.84
    627	400820	     45	    6.0	    0.0	36961.7	 0.0105	 +98.09	1445.92
    628	400820	     45	   12.0	   12.0	36902.9	 0.0105	  98.09	1445.16
    629	400820	     45	    8.0	    8.0	36844.4	 0.0104	  98.10	1444.72
    630	400820	     45	   12.0	    0.0	36786.0	 0.0104	 +97.94	1445.66
    631	400820	     45	    6.0	    6.0	36727.8	 0.0104	  97.94	1445.02
    632	400820	     45	    8.0	    8.0	36669.8	 0.0104	  97.95	1444.45
    633	400820	     45	    8.0	    0.0	36611.9	 0.0104	 +97.79	1445.53
    634	400820	     45	   10.0	   10.0	36554.3	 0.0104	  97.80	1444.77
    635	400820	     45	   14.0	   14.0	36496.8	 0.0103	  97.80	1443.93
    636	400820	     45	   10.0	    0.0	36439.5	 0.0103	 +97.65	1444.87
    637	400820	     45	    6.0	    6.0	36382.4	 0.0103	  97.65	1444.14
    638	400820	     45	   12.0	   12.0	36325.5	 0.0103	  97.65	1443.42
    639	400820	     45	    6.0	    0.0	36268.8	 0.0103	 +97.50	1444.39
    640	400820	     45	   12.0	   12.0	36212.2	 0.0104	  97.50	1443.70
    641	400820	     45	    6.0	    9.0	36155.8	 0.0104	  97.51	1443.59
    642	400820	     45	    8.0	    9.0	36099.6	 0.0103	  97.51	1443.38
    643	400820	     45	   10.0	   10.0	36043.6	 0.0103	  97.52	1443.36
    644	400820	     45	   10.0	    8.0	35987.7	 0.0103	  97.52	1443.18
    645	400820	     45	    6.0	    6.0	35932.0	 0.0103	  97.52	1443.13
    646	400820	     45	   14.0	   12.0	35876.5	 0.0103	  97.53	1443.05
    647	400820	     45	    8.0	   10.0	35821.1	 0.0103	  97.53	1443.01
    648	400820	     45	   10.0	   12.0	35765.9	 0.0103	  97.53	1442.85
    649	400820	     45	    6.0	    6.0	35710.9	 0.0103	  97.54	1442.83
    650	400820	     45	    8.0	    6.0	35656.1	 0.0103	  97.54	1442.67
    651	400820	     45	   10.0	   10.0	35601.4	 0.0102	  97.55	1442.67
    652	400820	     45	   12.0	   10.0	35546.9	 0.0102	  97.55	1442.54
    653	400820	     45	    8.0	    8.0	35492.6	 0.0102	  97.55	1442.54
    654	400820	     45	    8.0	    8.0	35438.4	 0.0102	  97.56	1442.41
    655	400820	     45	    6.0	    6.0	35384.4	 0.0102	  97.56	1442.42
    656	400820	     45	   26.0	   24.0	35330.6	 0.0105	  97.56	1442.28
    657	400820	     45	    8.0	   18.0	35276.9	 0.0105	  97.57	1442.29
    658	400820	     45	   10.0	   16.0	35223.4	 0.0104	  97.57	1442.19
    659	400820	     45	    6.0	    6.0	35170.0	 0.0104	  97.58	1442.20
    660	400820	     45	   10.0	    8.0	35116.8	 0.0105	  97.58	1442.00
    661	400820	     45	   12.0	   10.0	35063.8	 0.0105	  97.58	1441.99
    662	400820	     45	    8.0	    6.0	35010.9	 0.0104	  97.59	1441.79
    663	400820	     45	    6.0	    6.0	34958.2	 0.0104	  97.59	1441.83
    664	400820	     45	   10.0	   12.0	34905.7	 0.0104	  97.59	1441.70
    665	400820	     45	    6.0	    6.0	34853.3	 0.0104	  97.60	1441.73
    666	400820	     45	   16.0	   10.0	34801.0	 0.0105	  97.60	1441.61
    667	400820	     45	    6.0	    9.0	34748.9	 0.0105	  97.60	1441.65
    668	400820	     45	   10.0	   11.0	34697.0	 0.0104	  97.61	1441.51
    669	400820	     45	    8.0	    8.0	34645.2	 0.0104	  97.61	1441.52
    670	400820	     45	   10.0	    6.0	34593.6	 0.0104	  97.62	1441.41
    671	400820	     45	   10.0	   10.0	34542.1	 0.0104	  97.62	1441.42
    672	400820	     45	    8.0	   10.0	34490.8	 0.0104	  97.62	1441.28
    673	400820	     45	    6.0	    6.0	34439.7	 0.0104	  97.63	1441.29
    674	400820	     45	   10.0	    8.0	34388.7	 0.0103	  97.63	1441.15
    675	400820	     45	    8.0	    8.0	34337.8	 0.0103	  97.63	1441.16
    676	400820	     45	   18.0	   14.0	34287.1	 0.0104	  97.64	1441.05
    677	400820	     45	    6.0	    9.0	34236.5	 0.0104	  97.64	1441.06
    678	400820	     45	    8.0	    9.0	34186.1	 0.0104	  97.64	1440.93
    679	400820	     45	   10.0	   10.0	34135.9	 0.0104	  97.65	1440.93
    680	400820	     45	    8.0	   10.0	34085.8	 0.0103	  97.65	1440.79
    681	400820	     45	   10.0	   10.0	34035.8	 0.0103	  97.65	1440.77
    682	400820	     45	    8.0	   10.0	33986.0	 0.0103	  97.66	1440.63
    683	400820	     45	    6.0	    6.0	33936.3	 0.0103	  97.66	1440.60
    684	400820	     45	   14.0	    8.0	33886.8	 0.0103	  97.66	1440.46
    685	400820	     45	    6.0	    6.0	33837.4	 0.0103	  97.67	1440.44
    686	400820	     45	    8.0	    6.0	33788.1	 0.0103	  97.67	1440.28
    687	400820	     45	   12.0	   12.0	33739.0	 0.0103	  97.67	1440.27
    688	400820	     45	    8.0	   12.0	33690.1	 0.0103	  97.68	1440.16
    689	400820	     45	   10.0	   11.0	33641.3	 0.0103	  97.68	1440.13
    690	400820	     45	    8.0	    7.0	33592.6	 0.0103	  97.68	1440.03
    691	400820	     45	    6.0	    6.0	33544.1	 0.0102	  97.69	1440.00
    692	400820	     45	   14.0	   12.0	33495.7	 0.0102	  97.69	1439.91
    693	400820	     45	    8.0	    9.0	33447.4	 0.0102	  97.69	1439.84
    694	400820	     45	   10.0	    7.0	33399.3	 0.0103	  97.70	1439.73
    695	400820	     45	    6.0	    8.0	33351.3	 0.0103	  97.70	1439.69
    696	400820	     45	    8.0	    8.0	33303.5	 0.0103	  97.70	1439.57
    697	400820	     45	   16.0	   17.0	33255.8	 0.0104	  97.71	1439.52
    698	400820	     45	   10.0	   15.0	33208.3	 0.0104	  97.71	1439.41
    699	400820	     45	    8.0	   12.0	33160.8	 0.0103	  97.71	1439.32
    700	400820	     45	   10.0	   14.0	33113.6	 0.0103	  97.72	1439.21
    701	400820	     45	    6.0	    6.0	33066.4	 0.0103	  97.72	1439.18
    702	400820	     45	   14.0	    8.0	33019.4	 0.0103	  97.72	1439.06
    703	400820	     45	    6.0	    6.0	32972.5	 0.0103	  97.73	1439.04
    704	400820	     45	   10.0	    8.0	32925.7	 0.0103	  97.73	1438.92
    705	400820	     45	    6.0	    7.0	32879.1	 0.0103	  97.73	1438.88
    706	400820	     45	    8.0	    7.0	32832.6	 0.0103	  97.74	1438.76
    707	400820	     45	   14.0	   14.0	32786.2	 0.0103	  97.74	1438.72
    708	400820	     45	   10.0	   12.0	32740.0	 0.0102	  97.74	1438.60
    709	400820	     45	    6.0	    6.0	32693.9	 0.0102	  97.75	1438.55
    710	400820	     45	   10.0	    8.0	32647.9	 0.0102	  97.75	1438.44
    711	400820	     45	    8.0	    8.0	32602.1	 0.0102	  97.75	1438.38
    712	400820	     45	   12.0	   12.0	32556.4	 0.0102	  97.76	1438.28
    713	400820	     45	    6.0	    6.0	32510.8	 0.0102	  97.76	1438.25
    714	400820	     45	    8.0	    6.0	32465.3	 0.0102	  97.76	1438.14
    715	400820	     45	    8.0	    8.0	32420.0	 0.0102	  97.77	1438.13
    716	400820	     45	   12.0	    8.0	32374.8	 0.0101	  97.77	1438.02
    717	400820	     45	   14.0	   14.0	32329.7	 0.0102	  97.77	1437.97
    718	400820	     45	    8.0	   14.0	32284.8	 0.0102	  97.77	1437.83
    719	400820	     45	    6.0	    8.0	32240.0	 0.0101	  97.78	1437.79
    720	400820	     45	   10.0	   10.0	32195.2	 0.0101	  97.78	1437.67
    721	400820	     45	    8.0	    8.0	32150.7	 0.0101	  97.78	1437.63
    722	400820	     45	   12.0	    8.0	32106.2	 0.0101	  97.79	1437.51
    723	400820	     45	    6.0	    7.0	32061.9	 0.0101	  97.79	1437.46
    724	400820	     45	   10.0	    9.0	32017.7	 0.0101	  97.79	1437.34
    725	400820	     45	   10.0	   10.0	31973.6	 0.0101	  97.80	1437.29
    726	400820	     45	    8.0	    6.0	31929.6	 0.0101	  97.80	1437.17
    727	400820	     45	    6.0	    6.0	31885.8	 0.0101	  97.80	1437.14
    728	400820	     45	   14.0	   16.0	31842.0	 0.0101	  97.81	1437.02
    729	400820	     45	    6.0	   10.0	31798.4	 0.0101	  97.81	1436.98
    730	400820	     45	   12.0	    8.0	31754.9	 0.0101	  97.81	1436.88
    731	400820	     45	    6.0	    7.0	31711.6	 0.0100	  97.81	1436.86
    732	400820	     45	   10.0	    9.0	31668.3	 0.0100	  97.82	1436.76
    733	400820	     45	   10.0	   10.0	31625.2	 0.0100	  97.82	1436.75
    734	400820	     45	   10.0	    8.0	31582.2	 0.0100	  97.82	1436.64
    735	400820	     45	    8.0	    8.0	31539.3	 0.0100	  97.83	1436.60
    736	400820	     45	    8.0	    8.0	31496.5	 0.0100	  97.83	1436.49
    737	400820	     45	    6.0	    6.0	31453.8	 0.0100	  97.83	1436.45
    738	400820	     45	   20.0	   18.0	31411.3	 0.0101	  97.83	1436.34
    739	400820	     45	    8.0	   14.0	31368.9	 0.0101	  97.84	1436.30
    740	400820	     45	   12.0	   14.0	31326.5	 0.0101	  97.84	1436.19
    741	400820	     45	    6.0	    6.0	31284.3	 0.0101	  97.84	1436.13
    742	400820	     45	    8.0	    6.0	31242.2	 0.0101	  97.85	1436.02
    743	400820	     45	   12.0	   14.0	31200.3	 0.0101	  97.85	1435.98
    744	400820	     45	    8.0	   10.0	31158.4	 0.0101	  97.85	1435.87
    745	400820	     45	    8.0	    8.0	31116.6	 0.0101	  97.86	1435.83
    746	400820	     45	    8.0	    8.0	31075.0	 0.0101	  97.86	1435.72
    747	400820	     45	    6.0	    6.0	31033.5	 0.0100	  97.86	1435.68
    748	400820	     45	   18.0	   12.0	30992.0	 0.0101	  97.86	1435.58
    749	400820	     45	    6.0	    8.0	30950.7	 0.0100	  97.87	1435.57
    750	400820	     45	    8.0	    8.0	30909.5	 0.0100	  97.87	1435.47
    751	400820	     45	    8.0	    9.0	30868.4	 0.0100	  97.87	1434.66
    752	400820	     45	    8.0	    1.0	30827.4	 0.0100	  97.88	1433.99
    753	400820	     45	   12.0	    0.0	30786.6	 0.0100	 +97.75	1435.03
    754	400820	     45	    8.0	    8.0	30745.8	 0.0100	  97.75	1434.62
    755	400820	     45	    6.0	   12.0	30705.1	 0.0100	  97.75	1433.00
