./asc:main.c:294: warning: auxv random bytes were not cleared
  Round	    PC	Excited	Hamming	   Loss	 Regret	    MSE	  Error	   MIPS
      0	400144	     46	42321.0	42321.0	42321.0	 0.1280	 100.00	  20.67
      1	400824	     46	 1216.0	43531.0	21765.5	 0.1222	 100.00	 225.58
      2	400824	     46	    9.0	43532.0	14510.7	 0.0890	 100.00	 361.80
      3	400824	     46	   11.0	43533.0	10883.2	 0.0667	 100.00	 459.46
      4	400824	     46	   10.0	43531.0	17412.8	 0.0620	 100.00	 557.29
      5	400824	     46	    7.0	43538.0	21767.0	 0.0517	 100.00	 627.72
      6	400824	     46	   13.0	43533.0	24876.4	 0.0444	 100.00	 686.19
      7	400824	     46	    9.0	43538.0	27209.1	 0.0417	 100.00	 737.37
      8	400824	     46	   11.0	43531.0	29022.7	 0.0371	 100.00	 781.20
      9	400824	     46	    6.0	43533.0	30473.7	 0.0340	 100.00	 819.31
     10	400824	     46	    8.0	43537.0	31661.3	 0.0315	 100.00	 852.49
     11	400824	     46	   12.0	43533.0	32650.6	 0.0307	 100.00	 882.75
     12	400824	     46	   13.0	43534.0	33487.8	 0.0332	 100.00	 909.35
     13	400824	     46	    8.0	43534.0	34205.4	 0.0308	 100.00	 933.09
     14	400824	     46	    8.0	43538.0	34827.5	 0.0296	 100.00	 954.73
     15	400824	     46	    6.0	43540.0	35372.1	 0.0277	 100.00	 974.12
     16	400824	     46	   13.0	43531.0	35852.0	 0.0324	 100.00	 991.93
     17	400824	     46	    9.0	43536.0	36278.9	 0.0307	 100.00	1008.01
     18	400824	     46	   11.0	43533.0	36660.7	 0.0302	 100.00	1023.17
     19	400824	     46	    7.0	43540.0	37004.7	 0.0301	 100.00	1037.36
     20	400824	     46	   10.0	43538.0	37315.8	 0.0297	 100.00	1049.98
     21	400824	     46	   17.0	43533.0	37598.4	 0.0303	 100.00	1061.61
     22	400824	     46	    9.0	43534.0	37856.4	 0.0315	 100.00	1072.55
     23	400824	     46	    7.0	43539.0	38093.2	 0.0302	 100.00	1083.36
     24	400824	     46	   11.0	43534.0	38310.8	 0.0296	 100.00	1092.69
     25	400824	     46	    6.0	43536.0	38511.8	 0.0285	 100.00	1101.67
     26	400824	     46	   14.0	43534.0	38697.8	 0.0289	 100.00	1110.22
     27	400824	     46	    6.0	43536.0	38870.6	 0.0279	 100.00	1118.08
     28	400824	     46	   11.0	43537.0	39031.5	 0.0270	 100.00	1125.56
     29	400824	     46	    8.0	43537.0	39181.7	 0.0274	 100.00	1132.65
     30	400824	     46	   10.0	43539.0	39322.3	 0.0265	 100.00	1139.09
     31	400824	     46	   12.0	43535.0	39453.9	 0.0264	 100.00	1144.90
     32	400824	     46	    9.0	43532.0	39577.5	 0.0256	 100.00	1150.65
     33	400824	     46	    7.0	43537.0	39693.9	 0.0253	 100.00	1155.55
     34	400824	     46	   11.0	43536.0	39803.7	 0.0251	 100.00	1160.93
     35	400824	     46	    9.0	43539.0	39907.5	 0.0244	 100.00	1165.94
     36	400824	     46	   14.0	43533.0	40005.5	 0.0244	 100.00	1170.34
     37	400824	     46	    7.0	43540.0	40098.5	 0.0238	 100.00	1174.53
     38	400824	     46	    9.0	43539.0	40186.7	 0.0231	 100.00	1178.89
     39	400824	     46	   11.0	43542.0	40270.6	 0.0226	 100.00	1183.10
     40	400824	     46	    9.0	43537.0	40350.2	 0.0221	 100.00	1187.10
     41	400824	     46	   16.0	43529.0	40425.9	 0.0231	 100.00	1190.89
     42	400824	     46	    8.0	43533.0	40498.2	 0.0225	 100.00	1194.59
     43	400824	     46	    6.0	43535.0	40567.2	 0.0220	 100.00	1197.90
     44	400824	     46	   15.0	43534.0	40633.1	 0.0216	 100.00	1201.29
     45	400824	     46	    6.0	43536.0	40696.2	 0.0211	 100.00	1204.14
     46	400824	     46	    8.0	43540.0	40756.7	 0.0213	 100.00	1207.23
     47	400824	     46	   10.0	43538.0	40814.7	 0.0209	 100.00	1210.09
     48	400824	     46	    9.0	43533.0	40870.2	 0.0205	 100.00	1212.90
     49	400824	     46	   11.0	43536.0	40923.5	 0.0201	 100.00	1215.54
     50	400824	     46	    9.0	43535.0	40974.7	 0.0201	 100.00	1218.22
     51	400824	     46	    7.0	43542.0	41024.1	 0.0197	 100.00	1220.84
     52	400824	     46	   16.0	43534.0	41071.4	 0.0204	 100.00	1223.53
     53	400824	     46	    9.0	43537.0	41117.1	 0.0200	 100.00	1225.92
     54	400824	     46	   11.0	43536.0	41161.1	 0.0196	 100.00	1228.49
     55	400824	     46	    7.0	43541.0	41203.6	 0.0193	 100.00	1230.92
     56	400824	     46	    9.0	43538.0	41244.5	 0.0189	 100.00	1233.30
     57	400824	     46	   10.0	43536.0	41284.0	 0.0193	 100.00	1235.33
     58	400824	     46	   10.0	43538.0	41322.2	 0.0190	 100.00	1237.51
     59	400824	     46	    8.0	43538.0	41359.2	 0.0190	 100.00	1239.68
     60	400824	     46	   11.0	43539.0	41394.9	 0.0193	 100.00	1241.83
     61	400824	     46	    6.0	43541.0	41429.5	 0.0193	 100.00	1243.85
     62	400824	     46	   18.0	43535.0	41462.9	 0.0203	 100.00	1245.84
     63	400824	     46	    6.0	43537.0	41495.3	 0.0200	 100.00	1247.53
     64	400824	     46	   11.0	43532.0	41526.7	 0.0203	 100.00	1249.39
     65	400824	     46	    7.0	43537.0	41557.1	 0.0200	 100.00	1251.14
     66	400824	     46	    9.0	43538.0	41586.7	 0.0200	 100.00	1252.96
     67	400824	     46	   13.0	43537.0	41615.4	 0.0197	 100.00	1254.34
     68	400824	     46	   10.0	43535.0	41643.2	 0.0194	 100.00	1256.11
     69	400824	     46	    7.0	43542.0	41670.3	 0.0191	 100.00	1257.57
     70	400824	     46	   11.0	43539.0	41696.6	 0.0192	 100.00	1259.19
     71	400824	     46	    9.0	43544.0	41722.3	 0.0189	 100.00	1260.73
     72	400824	     46	   15.0	43533.0	41747.1	 0.0189	 100.00	1262.20
     73	400824	     46	    6.0	43535.0	41771.3	 0.0187	 100.00	1263.62
     74	400824	     46	    8.0	43539.0	41794.8	 0.0187	 100.00	1265.09
     75	400824	     46	    8.0	43539.0	41817.8	 0.0185	 100.00	1266.34
     76	400824	     46	   13.0	43540.0	41840.1	 0.0183	 100.00	1267.72
     77	400824	     46	   10.0	43538.0	41861.9	 0.0180	 100.00	1269.00
     78	400824	     46	    8.0	43542.0	41883.2	 0.0183	 100.00	1270.37
     79	400824	     46	    6.0	43544.0	41903.9	 0.0181	 100.00	1271.64
     80	400824	     46	   11.0	43537.0	41924.1	 0.0179	 100.00	1272.90
     81	400824	     46	    9.0	43542.0	41943.8	 0.0177	 100.00	1273.91
     82	400824	     46	   21.0	43529.0	41962.9	 0.0194	 100.00	1275.15
     83	400824	     46	    7.0	43536.0	41981.7	 0.0192	 100.00	1276.25
     84	400824	     46	   10.0	43534.0	41999.9	 0.0192	 100.00	1277.40
     85	400824	     46	   11.0	43535.0	42017.8	 0.0190	 100.00	1278.41
     86	400824	     46	    9.0	43536.0	42035.2	 0.0188	 100.00	1279.54
     87	400824	     46	    7.0	43541.0	42052.3	 0.0186	 100.00	1280.44
     88	400824	     46	   13.0	43534.0	42069.0	 0.0183	 100.00	1281.55
     89	400824	     46	    6.0	43536.0	42085.3	 0.0181	 100.00	1282.48
     90	400824	     46	   12.0	43536.0	42101.2	 0.0182	 100.00	1283.51
     91	400824	     46	    6.0	43538.0	42116.8	 0.0182	 100.00	1284.51
     92	400824	     46	   11.0	43539.0	42132.1	 0.0182	 100.00	1285.48
     93	400824	     46	   12.0	43535.0	42147.1	 0.0184	 100.00	1286.20
     94	400824	     46	   10.0	43537.0	42161.7	 0.0184	 100.00	1287.18
     95	400824	     46	    8.0	43537.0	42176.0	 0.0182	 100.00	1288.13
     96	400824	     46	    9.0	43534.0	42190.0	 0.0188	 100.00	1289.06
     97	400824	     46	    7.0	43539.0	42203.8	 0.0186	 100.00	1289.85
     98	400824	     46	   13.0	43536.0	42217.2	 0.0187	 100.00	1290.78
     99	400824	     46	    9.0	43539.0	42230.4	 0.0185	 100.00	1291.47
    100	400824	     46	   12.0	43535.0	42243.4	 0.0186	 100.00	1292.36
    101	400824	     46	    7.0	43542.0	42256.1	 0.0185	 100.00	1293.12
    102	400824	     46	    9.0	43541.0	42268.6	 0.0184	 100.00	1293.96
    103	400824	     46	   17.0	43538.0	42280.8	 0.0185	 100.00	1294.67
    104	400824	     46	    9.0	43533.0	42292.7	 0.0183	 100.00	1295.48
    105	400824	     46	    8.0	43533.0	42304.4	 0.0182	 100.00	1296.04
    106	400824	     46	    8.0	43537.0	42315.9	 0.0183	 100.00	1296.73
    107	400824	     46	    6.0	43539.0	42327.2	 0.0181	 100.00	1297.27
    108	400824	     46	   17.0	43536.0	42338.3	 0.0181	 100.00	1297.91
    109	400824	     46	    6.0	43538.0	42349.2	 0.0180	 100.00	1298.43
    110	400824	     46	    8.0	43542.0	42360.0	 0.0180	 100.00	1299.05
    111	400824	     46	    8.0	43542.0	42370.5	 0.0178	 100.00	1299.48
    112	400824	     46	    9.0	43537.0	42380.9	 0.0179	 100.00	1300.07
    113	400824	     46	   15.0	43536.0	42391.0	 0.0179	 100.00	1300.55
    114	400824	     46	    9.0	43535.0	42400.9	 0.0180	 100.00	1301.13
    115	400824	     46	    7.0	43542.0	42410.8	 0.0178	 100.00	1301.65
    116	400824	     46	   12.0	43538.0	42420.4	 0.0177	 100.00	1302.20
    117	400824	     46	    9.0	43541.0	42429.9	 0.0176	 100.00	1302.62
    118	400824	     46	   13.0	43538.0	42439.2	 0.0175	 100.00	1303.14
    119	400824	     46	    7.0	43543.0	42448.4	 0.0173	 100.00	1303.64
    120	400824	     46	    9.0	43540.0	42457.4	 0.0172	 100.00	1304.16
    121	400824	     46	    8.0	43540.0	42466.3	 0.0170	 100.00	1304.62
    122	400824	     46	   10.0	43542.0	42475.1	 0.0169	 100.00	1305.13
    123	400824	     46	   16.0	43534.0	42483.6	 0.0172	 100.00	1305.45
    124	400824	     46	   11.0	43535.0	42492.0	 0.0171	 100.00	1306.06
    125	400824	     46	    6.0	43537.0	42500.3	 0.0169	 100.00	1306.44
    126	400824	     46	   12.0	43537.0	42508.5	 0.0168	 100.00	1307.04
    127	400824	     46	    6.0	43539.0	42516.5	 0.0167	 100.00	1307.39
    128	400824	     46	   13.0	43532.0	42524.4	 0.0166	 100.00	1307.70
    129	400824	     46	    7.0	43537.0	42532.2	 0.0166	 100.00	1308.16
    130	400824	     46	    9.0	43538.0	42539.9	 0.0167	 100.00	1308.58
    131	400824	     46	   11.0	43539.0	42547.4	 0.0166	 100.00	1309.00
    132	400824	     46	   10.0	43537.0	42554.9	 0.0164	 100.00	1309.44
    133	400824	     46	    7.0	43544.0	42562.3	 0.0163	 100.00	1309.86
    134	400824	     46	   15.0	43537.0	42569.5	 0.0164	 100.00	1310.20
    135	400824	     46	    9.0	43542.0	42576.6	 0.0163	 100.00	1310.59
    136	400824	     46	   11.0	43535.0	42583.6	 0.0162	 100.00	1311.00
    137	400824	     46	    6.0	43537.0	42590.5	 0.0162	 100.00	1311.40
    138	400824	     46	    8.0	43541.0	42597.4	 0.0162	 100.00	1311.80
    139	400824	     46	   10.0	43539.0	42604.1	 0.0161	 100.00	1312.19
    140	400824	     46	   13.0	43540.0	42610.7	 0.0160	 100.00	1312.48
    141	400824	     46	    8.0	43540.0	42617.3	 0.0159	 100.00	1312.88
    142	400824	     46	    8.0	43544.0	42623.8	 0.0159	 100.00	1313.25
    143	400824	     46	    6.0	43546.0	42630.2	 0.0158	 100.00	1313.61
    144	400824	     46	   17.0	43533.0	42636.4	 0.0161	 100.00	1313.90
    145	400824	     46	    9.0	43538.0	42642.6	 0.0160	 100.00	1314.29
    146	400824	     46	   11.0	43535.0	42648.6	 0.0160	 100.00	1314.49
    147	400824	     46	    7.0	43542.0	42654.7	 0.0160	 100.00	1314.87
    148	400824	     46	   10.0	43540.0	42660.6	 0.0160	 100.00	1315.11
    149	400824	     46	   13.0	43539.0	42666.5	 0.0160	 100.00	1315.50
    150	400824	     46	    9.0	43540.0	42672.3	 0.0159	 100.00	1315.74
    151	400824	     46	    7.0	43545.0	42678.0	 0.0161	 100.00	1316.13
    152	400824	     46	   11.0	43540.0	42683.6	 0.0160	 100.00	1316.30
    153	400824	     46	    6.0	43542.0	42689.2	 0.0159	 100.00	1316.63
    154	400824	     46	   16.0	43538.0	42694.7	 0.0158	 100.00	1316.95
    155	400824	     46	    6.0	43540.0	42700.1	 0.0157	 100.00	1317.27
    156	400824	     46	   11.0	43541.0	42705.5	 0.0156	 100.00	1317.51
    157	400824	     46	    8.0	43541.0	42710.7	 0.0155	 100.00	1317.83
    158	400824	     46	   10.0	43543.0	42716.0	 0.0155	 100.00	1318.01
    159	400824	     46	   10.0	43541.0	42721.1	 0.0155	 100.00	1318.34
    160	400824	     46	    9.0	43538.0	42726.2	 0.0154	 100.00	1318.57
    161	400824	     46	    7.0	43543.0	42731.2	 0.0153	 100.00	1318.88
    162	400824	     46	   11.0	43542.0	42736.2	 0.0153	 100.00	1319.16
    163	400824	     46	    9.0	43545.0	42741.2	 0.0152	 100.00	1319.46
    164	400824	     46	   24.0	43529.0	42745.9	 0.0160	 100.00	1319.61
    165	400824	     46	    7.0	43536.0	42750.7	 0.0159	 100.00	1319.91
    166	400824	     46	    9.0	43535.0	42755.4	 0.0158	 100.00	1320.16
    167	400824	     46	   11.0	43538.0	42760.0	 0.0158	 100.00	1320.46
    168	400824	     46	    9.0	43533.0	42764.6	 0.0157	 100.00	1320.72
    169	400824	     46	   10.0	43531.0	42769.1	 0.0156	 100.00	1321.01
    170	400824	     46	    8.0	43535.0	42773.6	 0.0156	 100.00	1321.19
    171	400824	     46	    6.0	43537.0	42778.0	 0.0155	 100.00	1321.50
    172	400824	     46	   15.0	43536.0	42782.4	 0.0154	 100.00	1321.75
    173	400824	     46	    6.0	43538.0	42786.8	 0.0154	 100.00	1322.04
    174	400824	     46	    8.0	43542.0	42791.1	 0.0153	 100.00	1322.28
    175	400824	     46	   12.0	43538.0	42795.3	 0.0153	 100.00	1322.58
    176	400824	     46	    9.0	43533.0	42799.5	 0.0152	 100.00	1322.74
    177	400824	     46	   11.0	43536.0	42803.6	 0.0151	 100.00	1323.01
    178	400824	     46	    9.0	43535.0	42807.7	 0.0151	 100.00	1323.20
    179	400824	     46	    7.0	43542.0	42811.8	 0.0151	 100.00	1323.46
    180	400824	     46	   14.0	43536.0	42815.8	 0.0151	 100.00	1323.70
    181	400824	     46	    9.0	43539.0	42819.8	 0.0150	 100.00	1323.98
    182	400824	     46	   11.0	43538.0	42823.7	 0.0150	 100.00	1324.10
    183	400824	     46	    7.0	43543.0	42827.6	 0.0149	 100.00	1324.37
    184	400824	     46	    9.0	43540.0	42831.5	 0.0148	 100.00	1324.59
    185	400824	     46	   14.0	43534.0	42835.2	 0.0150	 100.00	1324.85
    186	400824	     46	   10.0	43536.0	42839.0	 0.0150	 100.00	1325.01
    187	400824	     46	    8.0	43536.0	42842.7	 0.0149	 100.00	1325.27
    188	400824	     46	   11.0	43537.0	42846.4	 0.0148	 100.00	1325.42
    189	400824	     46	    6.0	43539.0	42850.0	 0.0147	 100.00	1325.66
    190	400824	     46	   14.0	43537.0	42853.6	 0.0147	 100.00	1325.87
    191	400824	     46	    6.0	43539.0	42857.2	 0.0146	 100.00	1326.12
    192	400824	     46	   11.0	43534.0	42860.7	 0.0146	 100.00	1326.29
    193	400824	     46	    7.0	43539.0	42864.2	 0.0146	 100.00	1326.50
    194	400824	     46	    9.0	43540.0	42867.6	 0.0147	 100.00	1326.64
    195	400824	     46	   15.0	43537.0	42871.1	 0.0147	 100.00	1326.87
    196	400824	     46	   10.0	43535.0	42874.4	 0.0147	 100.00	1327.02
    197	400824	     46	    7.0	43542.0	42877.8	 0.0146	 100.00	1327.25
    198	400824	     46	   11.0	43539.0	42881.1	 0.0146	 100.00	1327.41
    199	400824	     46	    9.0	43544.0	42884.4	 0.0145	 100.00	1327.64
    200	400824	     46	   13.0	43535.0	42887.7	 0.0145	 100.00	1327.75
    201	400824	     46	    6.0	43537.0	42890.9	 0.0144	 100.00	1327.98
    202	400824	     46	    8.0	43541.0	42894.1	 0.0146	 100.00	1328.16
    203	400824	     46	    8.0	43541.0	42897.3	 0.0145	 100.00	1328.37
    204	400824	     46	   13.0	43542.0	42900.4	 0.0145	 100.00	1328.55
    205	400824	     46	   16.0	43534.0	42903.5	 0.0154	 100.00	1328.80
    206	400824	     46	    8.0	43538.0	42906.5	 0.0154	 100.00	1328.86
    207	400824	     46	    6.0	43540.0	42909.6	 0.0153	 100.00	1329.15
    208	400824	     46	   11.0	43533.0	42912.6	 0.0152	 100.00	1329.26
    209	400824	     46	    9.0	43538.0	42915.6	 0.0152	 100.00	1329.47
    210	400824	     46	   13.0	43533.0	42918.5	 0.0153	 100.00	1329.64
    211	400824	     46	    7.0	43540.0	42921.4	 0.0152	 100.00	1329.77
    212	400824	     46	   10.0	43538.0	42924.3	 0.0153	 100.00	1329.94
    213	400824	     46	   11.0	43539.0	42927.2	 0.0154	 100.00	1330.11
    214	400824	     46	    9.0	43540.0	42930.0	 0.0153	 100.00	1330.29
    215	400824	     46	    7.0	43545.0	42932.9	 0.0154	 100.00	1330.48
    216	400824	     46	   15.0	43536.0	42935.7	 0.0154	 100.00	1330.65
    217	400824	     46	    6.0	43538.0	42938.4	 0.0153	 100.00	1330.79
    218	400824	     46	   12.0	43538.0	42941.2	 0.0153	 100.00	1330.95
    219	400824	     46	    6.0	43540.0	42943.9	 0.0152	 100.00	1331.07
    220	400824	     46	   11.0	43541.0	42946.6	 0.0156	 100.00	1331.26
    221	400824	     46	   10.0	43539.0	42949.2	 0.0157	 100.00	1331.43
    222	400824	     46	   10.0	43541.0	42951.9	 0.0156	 100.00	1331.59
    223	400824	     46	    8.0	43541.0	42954.5	 0.0155	 100.00	1331.69
    224	400824	     46	    9.0	43538.0	42957.1	 0.0155	 100.00	1331.85
    225	400824	     46	    7.0	43543.0	42959.7	 0.0154	 100.00	1331.93
    226	400824	     46	   17.0	43536.0	42962.3	 0.0155	 100.00	1332.10
    227	400824	     46	    9.0	43539.0	42964.8	 0.0156	 100.00	1332.19
    228	400824	     46	   12.0	43535.0	42967.3	 0.0155	 100.00	1332.33
    229	400824	     46	    7.0	43542.0	42969.8	 0.0154	 100.00	1332.36
    230	400824	     46	    9.0	43541.0	42972.2	 0.0156	 100.00	1332.53
    231	400824	     46	   13.0	43542.0	42974.7	 0.0158	 100.00	1332.60
    232	400824	     46	    9.0	43537.0	42977.1	 0.0157	 100.00	1332.76
    233	400824	     46	    8.0	43537.0	42979.5	 0.0157	 100.00	1332.89
    234	400824	     46	    8.0	43541.0	42981.9	 0.0156	 100.00	1333.05
    235	400824	     46	    6.0	43543.0	42984.3	 0.0156	 100.00	1333.20
    236	400824	     46	   19.0	43538.0	42986.6	 0.0157	 100.00	1333.34
    237	400824	     46	    6.0	43540.0	42988.9	 0.0156	 100.00	1333.39
    238	400824	     46	    8.0	43544.0	42991.3	 0.0158	 100.00	1333.53
    239	400824	     46	    8.0	43544.0	42993.6	 0.0158	 100.00	1333.63
    240	400824	     46	    9.0	43539.0	42995.8	 0.0158	 100.00	1333.77
    241	400824	     46	   13.0	43540.0	42998.1	 0.0159	 100.00	1333.82
    242	400824	     46	    9.0	43539.0	43000.3	 0.0160	 100.00	1333.96
    243	400824	     46	    7.0	43546.0	43002.5	 0.0160	 100.00	1334.08
    244	400824	     46	   12.0	43542.0	43004.7	 0.0160	 100.00	1334.21
    245	400824	     46	    9.0	43545.0	43006.9	 0.0159	 100.00	1334.32
    246	400824	     46	   21.0	43534.0	43009.1	 0.0168	 100.00	1334.46
    247	400824	     46	    7.0	43539.0	43011.2	 0.0167	 100.00	1334.53
    248	400824	     46	    9.0	43536.0	43013.3	 0.0166	 100.00	1334.66
    249	400824	     46	    8.0	43536.0	43015.4	 0.0166	 100.00	1334.76
    250	400824	     46	   10.0	43538.0	43017.5	 0.0165	 100.00	1334.90
    251	400824	     46	   10.0	43536.0	43019.5	 0.0166	 100.00	1335.03
    252	400824	     46	   11.0	43537.0	43021.6	 0.0166	 100.00	1335.21
    253	400824	     46	    6.0	43539.0	43023.6	 0.0165	 100.00	1335.30
    254	400824	     46	   12.0	43539.0	43025.6	 0.0164	 100.00	1335.49
    255	400824	     46	    6.0	43541.0	43027.7	 0.0164	 100.00	1335.65
    256	400824	     46	   15.0	43532.0	43029.6	 0.0165	 100.00	1335.83
    257	400824	     46	    7.0	43537.0	43031.6	 0.0164	 100.00	1335.95
    258	400824	     46	    9.0	43538.0	43033.5	 0.0165	 100.00	1336.13
    259	400824	     46	   11.0	43539.0	43035.5	 0.0165	 100.00	1336.29
    260	400824	     46	   10.0	43537.0	43037.4	 0.0164	 100.00	1336.47
    261	400824	     46	    7.0	43544.0	43039.3	 0.0164	 100.00	1336.73
    262	400824	     46	   13.0	43539.0	43041.2	 0.0163	 100.00	1336.91
    263	400824	     46	    9.0	43544.0	43043.1	 0.0163	 100.00	1337.06
    264	400824	     46	   11.0	43537.0	43045.0	 0.0162	 100.00	1337.24
    265	400824	     46	    6.0	43539.0	43046.9	 0.0161	 100.00	1337.34
    266	400824	     46	    8.0	43543.0	43048.7	 0.0163	 100.00	1337.50
    267	400824	     46	   14.0	43537.0	43050.5	 0.0163	 100.00	1337.64
    268	400824	     46	   13.0	43538.0	43052.4	 0.0163	 100.00	1337.79
    269	400824	     46	    8.0	43538.0	43054.2	 0.0162	 100.00	1338.15
    270	400824	     46	    8.0	43542.0	43056.0	 0.0162	 100.00	1338.32
    271	400824	     46	    6.0	43544.0	43057.8	 0.0161	 100.00	1338.40
    272	400824	     46	   13.0	43535.0	43059.5	 0.0160	 100.00	1338.55
    273	400824	     46	    9.0	43540.0	43061.3	 0.0160	 100.00	1338.69
    274	400824	     46	   11.0	43537.0	43063.0	 0.0160	 100.00	1338.85
    275	400824	     46	    7.0	43544.0	43064.7	 0.0160	 100.00	1338.96
    276	400824	     46	   10.0	43542.0	43066.5	 0.0160	 100.00	1339.11
    277	400824	     46	   15.0	43539.0	43068.2	 0.0161	 100.00	1339.24
    278	400824	     46	    9.0	43540.0	43069.8	 0.0161	 100.00	1339.37
    279	400824	     46	    7.0	43545.0	43071.5	 0.0161	 100.00	1339.45
    280	400824	     46	   11.0	43540.0	43073.2	 0.0161	 100.00	1339.58
    281	400824	     46	    6.0	43542.0	43074.9	 0.0160	 100.00	1339.69
    282	400824	     46	   14.0	43540.0	43076.5	 0.0160	 100.00	1339.83
    283	400824	     46	    6.0	43542.0	43078.2	 0.0160	 100.00	1339.87
    284	400824	     46	   11.0	43543.0	43079.8	 0.0160	 100.00	1339.96
    285	400824	     46	    8.0	43543.0	43081.4	 0.0159	 100.00	1340.02
    286	400824	     46	   10.0	43545.0	43083.0	 0.0161	 100.00	1340.11
    287	400824	     46	   16.0	43537.0	43084.6	 0.0166	 100.00	1340.19
    288	400824	     46	    9.0	43534.0	43086.1	 0.0166	 100.00	1340.27
    289	400824	     46	    7.0	43539.0	43087.7	 0.0165	 100.00	1340.30
    290	400824	     46	   11.0	43538.0	43089.3	 0.0165	 100.00	1340.38
    291	400824	     46	    9.0	43541.0	43090.8	 0.0165	 100.00	1340.45
    292	400824	     46	   14.0	43535.0	43092.3	 0.0166	 100.00	1340.56
    293	400824	     46	    7.0	43542.0	43093.9	 0.0165	 100.00	1340.60
    294	400824	     46	    9.0	43541.0	43095.4	 0.0165	 100.00	1340.70
    295	400824	     46	   11.0	43544.0	43096.9	 0.0166	 100.00	1340.72
    296	400824	     46	    9.0	43539.0	43098.4	 0.0165	 100.00	1340.80
    297	400824	     46	   12.0	43535.0	43099.8	 0.0165	 100.00	1340.84
    298	400824	     46	    8.0	43539.0	43101.3	 0.0165	 100.00	1340.92
    299	400824	     46	    6.0	43541.0	43102.8	 0.0164	 100.00	1340.97
    300	400824	     46	   15.0	43540.0	43104.2	 0.0164	 100.00	1341.06
    301	400824	     46	    6.0	43542.0	43105.7	 0.0163	 100.00	1341.08
    302	400824	     46	    8.0	43546.0	43107.1	 0.0164	 100.00	1341.17
    303	400824	     46	   10.0	43544.0	43108.6	 0.0164	 100.00	1341.23
    304	400824	     46	    9.0	43539.0	43110.0	 0.0164	 100.00	1341.36
    305	400824	     46	   11.0	43542.0	43111.4	 0.0165	 100.00	1341.37
    306	400824	     46	    9.0	43541.0	43112.8	 0.0165	 100.00	1341.50
    307	400824	     46	    7.0	43548.0	43114.2	 0.0168	 100.00	1341.50
    308	400824	     46	   18.0	43538.0	43115.6	 0.0168	 100.00	1341.52
    309	400824	     46	    9.0	43541.0	43116.9	 0.0168	 100.00	1341.60
    310	400824	     46	   11.0	43540.0	43118.3	 0.0168	 100.00	1341.65
    311	400824	     46	    7.0	43545.0	43119.7	 0.0168	 100.00	1341.73
    312	400824	     46	    9.0	43542.0	43121.0	 0.0167	 100.00	1341.76
    313	400824	     46	   10.0	43540.0	43122.4	 0.0168	 100.00	1341.82
    314	400824	     46	   10.0	43542.0	43123.7	 0.0168	 100.00	1341.90
    315	400824	     46	    8.0	43542.0	43125.0	 0.0168	 100.00	1341.98
    316	400824	     46	   11.0	43543.0	43126.3	 0.0168	 100.00	1342.06
    317	400824	     46	    6.0	43545.0	43127.6	 0.0168	 100.00	1342.14
    318	400824	     46	   16.0	43541.0	43128.9	 0.0169	 100.00	1342.18
    319	400824	     46	    6.0	43543.0	43130.2	 0.0168	 100.00	1342.25
    320	400824	     46	   11.0	43538.0	43131.5	 0.0168	 100.00	1342.28
    321	400824	     46	    7.0	43543.0	43132.8	 0.0167	 100.00	1342.37
    322	400824	     46	    9.0	43544.0	43134.1	 0.0167	 100.00	1342.39
    323	400824	     46	   13.0	43543.0	43135.3	 0.0167	 100.00	1342.47
    324	400824	     46	   10.0	43541.0	43136.6	 0.0167	 100.00	1342.45
    325	400824	     46	    7.0	43548.0	43137.8	 0.0167	 100.00	1342.55
    326	400824	     46	   11.0	43545.0	43139.1	 0.0167	 100.00	1342.58
    327	400824	     46	    9.0	43550.0	43140.3	 0.0167	 100.00	1342.66
    328	400824	     46	   25.0	43529.0	43141.5	 0.0174	 100.00	1342.73
    329	400824	     46	    6.0	43531.0	43142.7	 0.0173	 100.00	1342.81
    330	400824	     46	    8.0	43535.0	43143.9	 0.0173	 100.00	1342.88
    331	400824	     46	    8.0	43535.0	43145.1	 0.0173	 100.00	1342.96
    332	400824	     46	   13.0	43536.0	43146.2	 0.0174	 100.00	1343.00
    333	400824	     46	   10.0	43534.0	43147.4	 0.0174	 100.00	1343.09
    334	400824	     46	    8.0	43538.0	43148.6	 0.0174	 100.00	1343.13
    335	400824	     46	    6.0	43540.0	43149.7	 0.0173	 100.00	1343.21
    336	400824	     46	   11.0	43533.0	43150.9	 0.0173	 100.00	1343.22
    337	400824	     46	    9.0	43538.0	43152.0	 0.0173	 100.00	1343.28
    338	400824	     46	   15.0	43531.0	43153.1	 0.0173	 100.00	1343.32
    339	400824	     46	    7.0	43538.0	43154.2	 0.0173	 100.00	1343.40
    340	400824	     46	   10.0	43536.0	43155.4	 0.0172	 100.00	1343.40
    341	400824	     46	   11.0	43537.0	43156.5	 0.0172	 100.00	1343.47
    342	400824	     46	    9.0	43538.0	43157.6	 0.0172	 100.00	1343.45
    343	400824	     46	    7.0	43543.0	43158.7	 0.0174	 100.00	1343.53
    344	400824	     46	   13.0	43536.0	43159.8	 0.0175	 100.00	1343.59
    345	400824	     46	    6.0	43538.0	43160.9	 0.0175	 100.00	1343.66
    346	400824	     46	   12.0	43538.0	43162.0	 0.0174	 100.00	1343.69
    347	400824	     46	    6.0	43540.0	43163.1	 0.0174	 100.00	1343.77
    348	400824	     46	   11.0	43541.0	43164.2	 0.0175	 100.00	1343.84
    349	400824	     46	   14.0	43535.0	43165.2	 0.0179	 100.00	1343.87
    350	400824	     46	   10.0	43537.0	43166.3	 0.0178	 100.00	1343.88
    351	400824	     46	    8.0	43537.0	43167.3	 0.0178	 100.00	1343.96
    352	400824	     46	    9.0	43534.0	43168.4	 0.0177	 100.00	1344.00
    353	400824	     46	    7.0	43539.0	43169.4	 0.0178	 100.00	1344.08
    354	400824	     46	   13.0	43536.0	43170.5	 0.0178	 100.00	1344.09
    355	400824	     46	    9.0	43539.0	43171.5	 0.0178	 100.00	1344.17
    356	400824	     46	   12.0	43535.0	43172.5	 0.0177	 100.00	1344.24
    357	400824	     46	    7.0	43542.0	43173.5	 0.0177	 100.00	1344.31
    358	400824	     46	    9.0	43541.0	43174.6	 0.0176	 100.00	1344.33
    359	400824	     46	   15.0	43540.0	43175.6	 0.0177	 100.00	1344.41
    360	400824	     46	    9.0	43535.0	43176.6	 0.0176	 100.00	1344.42
    361	400824	     46	    8.0	43535.0	43177.6	 0.0176	 100.00	1344.47
    362	400824	     46	    8.0	43539.0	43178.6	 0.0175	 100.00	1344.51
    363	400824	     46	    6.0	43541.0	43179.6	 0.0175	 100.00	1344.58
    364	400824	     46	   17.0	43538.0	43180.5	 0.0176	 100.00	1344.61
    365	400824	     46	    6.0	43540.0	43181.5	 0.0176	 100.00	1344.68
    366	400824	     46	    8.0	43544.0	43182.5	 0.0175	 100.00	1344.69
    367	400824	     46	    8.0	43544.0	43183.5	 0.0175	 100.00	1344.75
    368	400824	     46	    9.0	43539.0	43184.4	 0.0175	 100.00	1344.75
    369	400824	     46	   19.0	43534.0	43185.4	 0.0178	 100.00	1344.81
    370	400824	     46	    9.0	43533.0	43186.3	 0.0179	 100.00	1344.83
    371	400824	     46	    7.0	43540.0	43187.3	 0.0179	 100.00	1344.89
    372	400824	     46	   12.0	43536.0	43188.2	 0.0178	 100.00	1344.86
    373	400824	     46	    9.0	43539.0	43189.2	 0.0178	 100.00	1344.92
    374	400824	     46	   13.0	43536.0	43190.1	 0.0177	 100.00	1344.96
    375	400824	     46	    7.0	43541.0	43191.0	 0.0177	 100.00	1345.00
    376	400824	     46	    9.0	43538.0	43191.9	 0.0177	 100.00	1345.05
    377	400824	     46	    8.0	43538.0	43192.8	 0.0177	 100.00	1345.05
    378	400824	     46	   10.0	43540.0	43193.8	 0.0176	 100.00	1345.10
    379	400824	     46	   12.0	43536.0	43194.7	 0.0176	 100.00	1345.15
    380	400824	     46	   11.0	43537.0	43195.6	 0.0176	 100.00	1345.19
    381	400824	     46	    6.0	43539.0	43196.5	 0.0175	 100.00	1345.24
    382	400824	     46	   12.0	43539.0	43197.4	 0.0176	 100.00	1345.33
    383	400824	     46	    6.0	43541.0	43198.3	 0.0176	 100.00	1345.38
    384	400824	     46	   13.0	43534.0	43199.1	 0.0176	 100.00	1345.47
    385	400824	     46	    7.0	43539.0	43200.0	 0.0175	 100.00	1345.53
    386	400824	     46	    9.0	43540.0	43200.9	 0.0176	 100.00	1345.62
    387	400824	     46	   11.0	43541.0	43201.8	 0.0175	 100.00	1345.69
    388	400824	     46	   10.0	43539.0	43202.6	 0.0175	 100.00	1345.76
    389	400824	     46	    7.0	43546.0	43203.5	 0.0177	 100.00	1345.78
    390	400824	     46	   17.0	43537.0	43204.4	 0.0177	 100.00	1345.87
    391	400824	     46	    9.0	43542.0	43205.2	 0.0177	 100.00	1345.92
    392	400824	     46	   11.0	43535.0	43206.1	 0.0176	 100.00	1346.01
    393	400824	     46	    6.0	43537.0	43206.9	 0.0176	 100.00	1346.05
    394	400824	     46	    8.0	43541.0	43207.7	 0.0176	 100.00	1346.13
    395	400824	     46	   10.0	43539.0	43208.6	 0.0176	 100.00	1346.14
    396	400824	     46	   13.0	43540.0	43209.4	 0.0175	 100.00	1346.21
    397	400824	     46	    8.0	43540.0	43210.2	 0.0175	 100.00	1346.24
    398	400824	     46	    8.0	43544.0	43211.1	 0.0175	 100.00	1346.33
    399	400824	     46	    6.0	43546.0	43211.9	 0.0174	 100.00	1346.37
    400	400824	     46	   15.0	43535.0	43212.7	 0.0174	 100.00	1346.45
    401	400824	     46	    9.0	43540.0	43213.5	 0.0174	 100.00	1346.45
    402	400824	     46	   11.0	43537.0	43214.3	 0.0174	 100.00	1346.54
    403	400824	     46	    7.0	43544.0	43215.2	 0.0173	 100.00	1346.62
    404	400824	     46	   10.0	43542.0	43216.0	 0.0174	 100.00	1346.70
    405	400824	     46	   13.0	43541.0	43216.8	 0.0175	 100.00	1346.78
    406	400824	     46	    9.0	43542.0	43217.6	 0.0174	 100.00	1346.86
    407	400824	     46	    7.0	43547.0	43218.4	 0.0174	 100.00	1346.93
    408	400824	     46	   11.0	43542.0	43219.2	 0.0174	 100.00	1347.02
    409	400824	     46	    6.0	43544.0	43220.0	 0.0174	 100.00	1347.09
    410	400824	     46	   22.0	43534.0	43220.7	 0.0177	 100.00	1347.18
    411	400824	     46	    6.0	43536.0	43221.5	 0.0177	 100.00	1347.23
    412	400824	     46	   11.0	43537.0	43222.3	 0.0177	 100.00	1347.30
    413	400824	     46	    8.0	43537.0	43223.0	 0.0177	 100.00	1347.38
    414	400824	     46	   10.0	43539.0	43223.8	 0.0177	 100.00	1347.44
    415	400824	     46	   10.0	43537.0	43224.5	 0.0176	 100.00	1347.47
    416	400824	     46	    9.0	43534.0	43225.3	 0.0176	 100.00	1347.54
    417	400824	     46	    7.0	43539.0	43226.0	 0.0176	 100.00	1347.59
    418	400824	     46	   11.0	43538.0	43226.8	 0.0176	 100.00	1347.75
    419	400824	     46	    9.0	43541.0	43227.5	 0.0176	 100.00	1347.78
    420	400824	     46	   16.0	43533.0	43228.2	 0.0177	 100.00	1347.86
    421	400824	     46	    7.0	43540.0	43229.0	 0.0176	 100.00	1347.93
    422	400824	     46	    9.0	43539.0	43229.7	 0.0176	 100.00	1347.99
    423	400824	     46	   11.0	43542.0	43230.4	 0.0176	 100.00	1348.03
    424	400824	     46	    9.0	43537.0	43231.2	 0.0175	 100.00	1348.10
    425	400824	     46	   10.0	43535.0	43231.9	 0.0175	 100.00	1348.13
    426	400824	     46	    8.0	43539.0	43232.6	 0.0175	 100.00	1348.20
    427	400824	     46	    6.0	43541.0	43233.3	 0.0174	 100.00	1348.26
    428	400824	     46	   15.0	43540.0	43234.0	 0.0174	 100.00	1348.33
    429	400824	     46	    6.0	43542.0	43234.8	 0.0173	 100.00	1348.40
    430	400824	     46	    8.0	43546.0	43235.5	 0.0174	 100.00	1348.48
    431	400824	     46	   14.0	43540.0	43236.2	 0.0175	 100.00	1348.51
    432	400824	     46	    9.0	43535.0	43236.9	 0.0175	 100.00	1348.59
    433	400824	     46	   11.0	43538.0	43237.6	 0.0175	 100.00	1348.67
    434	400824	     46	    9.0	43537.0	43238.3	 0.0175	 100.00	1348.75
    435	400824	     46	    7.0	43544.0	43239.0	 0.0175	 100.00	1348.83
    436	400824	     46	   14.0	43538.0	43239.6	 0.0176	 100.00	1348.91
    437	400824	     46	    9.0	43541.0	43240.3	 0.0176	 100.00	1348.95
    438	400824	     46	   11.0	43540.0	43241.0	 0.0175	 100.00	1349.02
    439	400824	     46	    7.0	43545.0	43241.7	 0.0176	 100.00	1349.09
    440	400824	     46	    9.0	43542.0	43242.4	 0.0176	 100.00	1349.16
    441	400824	     46	   12.0	43538.0	43243.0	 0.0177	 100.00	1349.23
    442	400824	     46	   10.0	43540.0	43243.7	 0.0177	 100.00	1349.30
    443	400824	     46	    8.0	43540.0	43244.4	 0.0178	 100.00	1349.33
    444	400824	     46	   11.0	43541.0	43245.1	 0.0179	 100.00	1349.41
    445	400824	     46	    6.0	43543.0	43245.7	 0.0179	 100.00	1349.47
    446	400824	     46	   14.0	43541.0	43246.4	 0.0181	 100.00	1349.54
    447	400824	     46	    6.0	43543.0	43247.0	 0.0181	 100.00	1349.61
    448	400824	     46	   11.0	43538.0	43247.7	 0.0181	 100.00	1349.67
    449	400824	     46	    7.0	43543.0	43248.3	 0.0181	 100.00	1349.74
    450	400824	     46	    9.0	43544.0	43249.0	 0.0181	 100.00	1349.81
    451	400824	     46	   19.0	43537.0	43249.6	 0.0185	 100.00	1349.83
    452	400824	     46	   10.0	43535.0	43250.3	 0.0185	 100.00	1349.89
    453	400824	     46	    7.0	43542.0	43250.9	 0.0185	 100.00	1349.94
    454	400824	     46	   11.0	43539.0	43251.5	 0.0185	 100.00	1350.01
    455	400824	     46	    9.0	43544.0	43252.2	 0.0186	 100.00	1350.04
    456	400824	     46	   13.0	43535.0	43252.8	 0.0185	 100.00	1350.12
    457	400824	     46	    6.0	43537.0	43253.4	 0.0185	 100.00	1350.17
    458	400824	     46	    8.0	43541.0	43254.1	 0.0185	 100.00	1350.24
    459	400824	     46	    8.0	43541.0	43254.7	 0.0184	 100.00	1350.31
    460	400824	     46	   13.0	43542.0	43255.3	 0.0184	 100.00	1350.37
    461	400824	     46	   12.0	43538.0	43255.9	 0.0184	 100.00	1350.41
    462	400824	     46	    8.0	43542.0	43256.5	 0.0183	 100.00	1350.49
    463	400824	     46	    6.0	43544.0	43257.1	 0.0183	 100.00	1350.54
    464	400824	     46	   11.0	43537.0	43257.8	 0.0183	 100.00	1350.61
    465	400824	     46	    9.0	43542.0	43258.4	 0.0182	 100.00	1350.67
    466	400824	     46	   13.0	43537.0	43259.0	 0.0182	 100.00	1350.74
    467	400824	     46	    7.0	43544.0	43259.6	 0.0182	 100.00	1350.76
    468	400824	     46	   10.0	43542.0	43260.2	 0.0181	 100.00	1350.80
    469	400824	     46	   11.0	43543.0	43260.8	 0.0181	 100.00	1350.79
    470	400824	     46	    9.0	43544.0	43261.4	 0.0181	 100.00	1350.83
    471	400824	     46	    7.0	43549.0	43262.0	 0.0180	 100.00	1350.86
    472	400824	     46	   17.0	43538.0	43262.6	 0.0181	 100.00	1350.90
    473	400824	     46	    6.0	43540.0	43263.1	 0.0181	 100.00	1350.90
    474	400824	     46	   12.0	43540.0	43263.7	 0.0182	 100.00	1350.95
    475	400824	     46	    6.0	43542.0	43264.3	 0.0181	 100.00	1350.96
    476	400824	     46	   11.0	43543.0	43264.9	 0.0181	 100.00	1351.01
    477	400824	     46	   10.0	43541.0	43265.5	 0.0181	 100.00	1351.03
    478	400824	     46	   10.0	43543.0	43266.1	 0.0180	 100.00	1351.07
    479	400824	     46	    8.0	43543.0	43266.6	 0.0181	 100.00	1351.07
    480	400824	     46	    9.0	43540.0	43267.2	 0.0181	 100.00	1351.13
    481	400824	     46	    7.0	43545.0	43267.8	 0.0182	 100.00	1351.16
    482	400824	     46	   15.0	43540.0	43268.3	 0.0183	 100.00	1351.21
    483	400824	     46	    9.0	43543.0	43268.9	 0.0183	 100.00	1351.24
    484	400824	     46	   12.0	43539.0	43269.5	 0.0183	 100.00	1351.28
    485	400824	     46	    7.0	43546.0	43270.0	 0.0183	 100.00	1351.29
    486	400824	     46	    9.0	43545.0	43270.6	 0.0184	 100.00	1351.33
    487	400824	     46	   13.0	43546.0	43271.2	 0.0184	 100.00	1351.35
    488	400824	     46	    9.0	43541.0	43271.7	 0.0184	 100.00	1351.39
    489	400824	     46	    8.0	43541.0	43272.3	 0.0184	 100.00	1351.41
    490	400824	     46	    8.0	43545.0	43272.8	 0.0184	 100.00	1351.45
    491	400824	     46	    6.0	43547.0	43273.4	 0.0184	 100.00	1351.45
    492	400824	     46	   27.0	43534.0	43273.9	 0.0188	 100.00	1351.50
    493	400824	     46	    6.0	43536.0	43274.4	 0.0188	 100.00	1351.53
    494	400824	     46	    8.0	43540.0	43275.0	 0.0188	 100.00	1351.58
    495	400824	     46	    8.0	 1298.0	43190.3	 0.0188	 100.00	1351.12
    496	400824	     46	    9.0	 1293.0	43106.0	 0.0187	 100.00	1351.06
    497	400824	     46	   13.0	   13.0	43019.5	 0.0189	 100.00	1350.97
    498	400824	     46	    9.0	    4.0	42933.3	 0.0189	 100.00	1349.85
    499	400824	     46	    7.0	   11.0	42847.5	 0.0189	 100.00	1349.65
    500	400824	     46	   12.0	   13.0	42762.0	 0.0189	 100.00	1349.52
    501	400824	     46	    9.0	    1.0	42676.8	 0.0188	 100.00	1348.42
    502	400824	     46	   15.0	   14.0	42592.0	 0.0189	 100.00	1348.21
    503	400824	     46	    7.0	    9.0	42507.5	 0.0188	 100.00	1348.08
    504	400824	     46	    9.0	    2.0	42423.3	 0.0189	 100.00	1347.02
    505	400824	     46	    8.0	    6.0	42339.5	 0.0188	 100.00	1346.76
    506	400824	     46	   10.0	   17.0	42256.0	 0.0188	 100.00	1346.65
    507	400824	     46	   10.0	    2.0	42172.8	 0.0189	 100.00	1345.63
    508	400824	     46	   11.0	   13.0	42090.0	 0.0188	 100.00	1345.40
    509	400824	     46	    6.0	    8.0	42007.5	 0.0188	 100.00	1345.32
    510	400824	     46	   12.0	    4.0	41925.3	 0.0188	 100.00	1344.27
    511	400824	     46	    6.0	   10.0	41843.4	 0.0188	 100.00	1344.01
    512	400824	     46	   17.0	   15.0	41761.9	 0.0190	 100.00	1343.94
    513	400824	     46	    7.0	    7.0	41680.6	 0.0190	 100.00	1342.92
    514	400824	     46	    9.0	   16.0	41599.7	 0.0190	 100.00	1342.73
    515	400824	     46	   11.0	    7.0	41519.1	 0.0191	 100.00	1342.62
    516	400824	     46	   10.0	    3.0	41438.8	 0.0191	 100.00	1341.65
    517	400824	     46	    7.0	    8.0	41358.9	 0.0192	 100.00	1341.46
    518	400824	     46	   13.0	   10.0	41279.2	 0.0192	 100.00	1341.31
    519	400824	     46	    9.0	    0.0	41199.8	 0.0192	 +99.81	1342.19
    520	400824	     46	   11.0	   11.0	41120.7	 0.0191	  99.81	1341.59
    521	400824	     46	    6.0	    6.0	41042.0	 0.0191	  99.81	1341.49
    522	400824	     46	    8.0	    4.0	40963.5	 0.0192	  99.81	1340.20
    523	400824	     46	   12.0	    5.0	40885.3	 0.0192	  99.81	1339.23
    524	400824	     46	   13.0	    2.0	40807.5	 0.0192	  99.81	1338.51
    525	400824	     46	    8.0	    1.0	40729.9	 0.0192	  99.81	1337.49
    526	400824	     46	    8.0	    1.0	40652.6	 0.0192	  99.81	1336.62
    527	400824	     46	    6.0	    0.0	40575.6	 0.0191	 +99.62	1337.79
    528	400824	     46	   13.0	   13.0	40498.9	 0.0191	  99.62	1337.12
    529	400824	     46	    9.0	   11.0	40422.5	 0.0191	  99.62	1337.04
    530	400824	     46	   11.0	    8.0	40346.4	 0.0192	  99.62	1336.84
    531	400824	     46	    7.0	    8.0	40270.6	 0.0192	  99.62	1336.74
    532	400824	     46	   10.0	    1.0	40195.1	 0.0192	  99.62	1335.76
    533	400824	     46	   19.0	    4.0	40119.8	 0.0194	  99.63	1334.51
    534	400824	     46	    9.0	    6.0	40044.8	 0.0193	  99.63	1333.34
    535	400824	     46	    7.0	    2.0	39970.1	 0.0193	  99.63	1332.24
    536	400824	     46	   11.0	    2.0	39895.7	 0.0193	  99.63	1331.02
    537	400824	     46	    6.0	    0.0	39821.5	 0.0193	 +99.44	1331.83
    538	400824	     46	   14.0	   14.0	39747.7	 0.0194	  99.44	1331.14
    539	400824	     46	    6.0	   11.0	39674.1	 0.0194	  99.44	1330.73
    540	400824	     46	   11.0	    0.0	39600.8	 0.0193	 +99.26	1332.14
    541	400824	     46	    8.0	    8.0	39527.7	 0.0193	  99.26	1331.43
    542	400824	     46	   10.0	   11.0	39454.9	 0.0193	  99.26	1331.12
    543	400824	     46	   12.0	    1.0	39382.4	 0.0193	  99.26	1330.70
    544	400824	     46	    9.0	    1.0	39310.1	 0.0192	  99.27	1329.70
    545	400824	     46	    7.0	    0.0	39238.1	 0.0192	 +99.08	1330.80
    546	400824	     46	   11.0	   11.0	39166.4	 0.0192	  99.09	1330.23
    547	400824	     46	    9.0	    8.0	39095.0	 0.0192	  99.09	1329.85
    548	400824	     46	   14.0	    2.0	39023.8	 0.0192	  99.09	1329.47
    549	400824	     46	    7.0	    2.0	38952.8	 0.0192	  99.09	1328.70
    550	400824	     46	    9.0	    0.0	38882.1	 0.0191	 +98.91	1329.87
    551	400824	     46	   11.0	   11.0	38811.7	 0.0191	  98.91	1329.20
    552	400824	     46	    9.0	    9.0	38741.5	 0.0190	  98.92	1328.95
    553	400824	     46	   14.0	    6.0	38671.6	 0.0192	  98.92	1328.95
    554	400824	     46	    8.0	    7.0	38602.0	 0.0192	  98.92	1328.24
    555	400824	     46	    6.0	   13.0	38532.5	 0.0192	  98.92	1328.11
    556	400824	     46	   15.0	   14.0	38463.4	 0.0191	  98.92	1328.08
    557	400824	     46	    6.0	    1.0	38394.5	 0.0191	  98.92	1327.93
    558	400824	     46	    8.0	    9.0	38325.8	 0.0192	  98.93	1327.99
    559	400824	     46	   10.0	   11.0	38257.4	 0.0192	  98.93	1328.12
    560	400824	     46	    9.0	   10.0	38189.2	 0.0192	  98.93	1328.19
    561	400824	     46	   11.0	   12.0	38121.3	 0.0192	  98.93	1328.32
    562	400824	     46	    9.0	    7.0	38053.6	 0.0192	  98.93	1328.39
    563	400824	     46	    7.0	    7.0	37986.1	 0.0192	  98.94	1328.51
    564	400824	     46	   16.0	   13.0	37918.9	 0.0194	  98.94	1328.57
    565	400824	     46	    9.0	   12.0	37851.9	 0.0193	  98.94	1328.70
    566	400824	     46	   11.0	   11.0	37785.2	 0.0193	  98.94	1328.76
    567	400824	     46	    7.0	    8.0	37718.7	 0.0193	  98.94	1328.90
    568	400824	     46	    9.0	   11.0	37652.4	 0.0193	  98.95	1328.95
    569	400824	     46	   10.0	   10.0	37586.4	 0.0192	  98.95	1329.07
    570	400824	     46	   10.0	    8.0	37520.6	 0.0192	  98.95	1329.11
    571	400824	     46	    8.0	    9.0	37455.0	 0.0192	  98.95	1329.23
    572	400824	     46	   11.0	   10.0	37389.6	 0.0192	  98.95	1329.29
    573	400824	     46	    6.0	    8.0	37324.5	 0.0193	  98.95	1329.42
    574	400824	     46	   22.0	   16.0	37259.6	 0.0194	  98.96	1329.47
    575	400824	     46	    6.0	   18.0	37195.0	 0.0194	  98.96	1329.59
    576	400824	     46	   11.0	   17.0	37130.5	 0.0195	  98.96	1329.63
    577	400824	     46	    7.0	    6.0	37066.3	 0.0195	  98.96	1329.76
    578	400824	     46	    9.0	    7.0	37002.3	 0.0194	  98.96	1329.81
    579	400824	     46	   13.0	   13.0	36938.5	 0.0195	  98.97	1329.94
    580	400824	     46	   10.0	   11.0	36875.0	 0.0195	  98.97	1329.99
    581	400824	     46	    7.0	    9.0	36811.6	 0.0194	  98.97	1330.09
    582	400824	     46	   11.0	   10.0	36748.5	 0.0195	  98.97	1330.15
    583	400824	     46	    9.0	   12.0	36685.6	 0.0194	  98.97	1330.26
    584	400824	     46	   15.0	   15.0	36622.9	 0.0195	  98.97	1330.31
    585	400824	     46	    6.0	    7.0	36560.4	 0.0194	  98.98	1330.45
    586	400824	     46	    8.0	    7.0	36498.2	 0.0195	  98.98	1330.50
    587	400824	     46	    8.0	    9.0	36436.1	 0.0194	  98.98	1330.61
    588	400824	     46	   13.0	    8.0	36374.2	 0.0194	  98.98	1330.67
    589	400824	     46	   10.0	   11.0	36312.6	 0.0194	  98.98	1330.79
    590	400824	     46	    8.0	   11.0	36251.2	 0.0195	  98.98	1330.84
    591	400824	     46	    6.0	   10.0	36190.0	 0.0195	  98.99	1330.96
    592	400824	     46	   11.0	   11.0	36129.0	 0.0194	  98.99	1331.00
    593	400824	     46	    9.0	    9.0	36068.2	 0.0194	  98.99	1331.11
    594	400824	     46	   17.0	   12.0	36007.6	 0.0194	  98.99	1331.18
    595	400824	     46	    7.0	    9.0	35947.2	 0.0194	  98.99	1331.31
    596	400824	     46	   10.0	   11.0	35887.0	 0.0194	  98.99	1331.38
    597	400824	     46	   11.0	   11.0	35827.0	 0.0194	  99.00	1331.51
    598	400824	     46	    9.0	    6.0	35767.2	 0.0193	  99.00	1331.58
    599	400824	     46	    7.0	    8.0	35707.6	 0.0194	  99.00	1331.70
    600	400824	     46	   13.0	   13.0	35648.2	 0.0193	  99.00	1331.77
    601	400824	     46	    6.0	   10.0	35589.0	 0.0193	  99.00	1331.90
    602	400824	     46	   12.0	    6.0	35530.0	 0.0193	  99.00	1331.96
    603	400824	     46	    6.0	    7.0	35471.2	 0.0193	  99.01	1332.10
    604	400824	     46	   11.0	    8.0	35412.5	 0.0193	  99.01	1332.16
    605	400824	     46	   12.0	   10.0	35354.1	 0.0193	  99.01	1332.25
    606	400824	     46	   10.0	    8.0	35295.9	 0.0193	  99.01	1332.31
    607	400824	     46	    8.0	    9.0	35237.9	 0.0193	  99.01	1332.43
    608	400824	     46	    9.0	    8.0	35180.0	 0.0192	  99.01	1332.50
    609	400824	     46	    7.0	    8.0	35122.3	 0.0192	  99.02	1332.62
    610	400824	     46	   13.0	    9.0	35064.9	 0.0192	  99.02	1332.68
    611	400824	     46	    9.0	    9.0	35007.6	 0.0192	  99.02	1332.77
    612	400824	     46	   12.0	    9.0	34950.5	 0.0192	  99.02	1332.84
    613	400824	     46	    7.0	    7.0	34893.6	 0.0191	  99.02	1332.98
    614	400824	     46	    9.0	    6.0	34836.9	 0.0191	  99.02	1333.05
    615	400824	     46	   19.0	   19.0	34780.3	 0.0192	  99.03	1333.19
    616	400824	     46	    9.0	   18.0	34724.0	 0.0192	  99.03	1333.26
    617	400824	     46	    8.0	   11.0	34667.8	 0.0191	  99.03	1333.38
    618	400824	     46	    8.0	   11.0	34611.8	 0.0191	  99.03	1333.44
    619	400824	     46	    6.0	    7.0	34556.0	 0.0191	  99.03	1333.56
    620	400824	     46	   17.0	   10.0	34500.4	 0.0191	  99.03	1333.62
    621	400824	     46	    6.0	    8.0	34444.9	 0.0191	  99.04	1333.74
    622	400824	     46	    8.0	    8.0	34389.7	 0.0191	  99.04	1333.81
    623	400824	     46	    8.0	    9.0	34334.6	 0.0191	  99.04	1333.88
    624	400824	     46	    9.0	    8.0	34279.6	 0.0191	  99.04	1333.95
    625	400824	     46	   15.0	   13.0	34224.9	 0.0192	  99.04	1334.08
    626	400824	     46	    9.0	    8.0	34170.3	 0.0192	  99.04	1334.16
    627	400824	     46	    7.0	   10.0	34115.9	 0.0192	  99.04	1334.32
    628	400824	     46	   12.0	   14.0	34061.7	 0.0192	  99.05	1334.38
    629	400824	     46	    9.0	   10.0	34007.7	 0.0192	  99.05	1334.53
    630	400824	     46	   13.0	    7.0	33953.8	 0.0192	  99.05	1334.59
    631	400824	     46	    7.0	    7.0	33900.1	 0.0191	  99.05	1334.78
    632	400824	     46	    9.0	   10.0	33846.5	 0.0191	  99.05	1334.79
    633	400824	     46	    8.0	    8.0	33793.2	 0.0191	  99.05	1334.91
    634	400824	     46	   10.0	    6.0	33740.0	 0.0191	  99.06	1334.97
    635	400824	     46	   14.0	   12.0	33686.9	 0.0193	  99.06	1335.07
    636	400824	     46	   11.0	   15.0	33634.1	 0.0192	  99.06	1335.12
    637	400824	     46	    6.0	   12.0	33581.4	 0.0192	  99.06	1335.26
    638	400824	     46	   12.0	   12.0	33528.8	 0.0192	  99.06	1335.31
    639	400824	     46	    6.0	    9.0	33476.5	 0.0192	  99.06	1335.44
    640	400824	     46	   13.0	   12.0	33424.2	 0.0193	  99.06	1335.50
    641	400824	     46	    7.0	   10.0	33372.2	 0.0192	  99.07	1335.67
    642	400824	     46	    9.0	    9.0	33320.3	 0.0192	  99.07	1335.66
    643	400824	     46	   11.0	   10.0	33268.6	 0.0192	  99.07	1335.82
    644	400824	     46	   10.0	    8.0	33217.0	 0.0192	  99.07	1335.88
    645	400824	     46	    7.0	    7.0	33165.6	 0.0192	  99.07	1336.03
    646	400824	     46	   15.0	   12.0	33114.4	 0.0192	  99.07	1336.07
    647	400824	     46	    9.0	    9.0	33063.3	 0.0192	  99.07	1336.20
    648	400824	     46	   11.0	   12.0	33012.4	 0.0192	  99.08	1336.22
    649	400824	     46	    6.0	    7.0	32961.6	 0.0191	  99.08	1336.33
    650	400824	     46	    8.0	    7.0	32911.0	 0.0191	  99.08	1336.36
    651	400824	     46	   10.0	   11.0	32860.5	 0.0191	  99.08	1336.48
    652	400824	     46	   13.0	   10.0	32810.2	 0.0191	  99.08	1336.51
    653	400824	     46	    8.0	    8.0	32760.0	 0.0191	  99.08	1336.62
    654	400824	     46	    8.0	    8.0	32710.0	 0.0191	  99.08	1336.63
    655	400824	     46	    6.0	    7.0	32660.2	 0.0190	  99.09	1336.76
    656	400824	     46	   27.0	   24.0	32610.5	 0.0194	  99.09	1336.80
    657	400824	     46	    9.0	   21.0	32561.0	 0.0193	  99.09	1336.93
    658	400824	     46	   11.0	   18.0	32511.6	 0.0193	  99.09	1336.96
    659	400824	     46	    7.0	    6.0	32462.3	 0.0193	  99.09	1337.09
    660	400824	     46	   10.0	    8.0	32413.2	 0.0193	  99.09	1337.10
    661	400824	     46	   13.0	   13.0	32364.3	 0.0193	  99.09	1337.24
    662	400824	     46	    9.0	    8.0	32315.5	 0.0192	  99.10	1337.26
    663	400824	     46	    7.0	   21.0	32266.9	 0.0193	  99.10	1336.79
    664	400824	     46	   11.0	   14.0	32218.4	 0.0193	  99.10	1336.94
    665	400824	     46	    6.0	   20.0	32170.0	 0.0193	  99.10	1336.89
    666	400824	     46	   16.0	   15.0	32121.8	 0.0193	  99.10	1336.84
    667	400824	     46	    6.0	    3.0	32073.7	 0.0193	  99.10	1336.02
    668	400824	     46	   11.0	   14.0	32025.8	 0.0193	  99.10	1335.88
    669	400824	     46	    8.0	    7.0	31978.0	 0.0193	  99.10	1335.80
    670	400824	     46	   10.0	    2.0	31930.4	 0.0193	  99.11	1335.06
    671	400824	     46	   10.0	   12.0	31882.9	 0.0194	  99.11	1334.92
    672	400824	     46	    9.0	   13.0	31835.5	 0.0194	  99.11	1334.82
    673	400824	     46	    7.0	    0.0	31788.3	 0.0193	 +98.96	1335.71
    674	400824	     46	   11.0	   11.0	31741.2	 0.0193	  98.96	1335.18
    675	400824	     46	    9.0	    8.0	31694.3	 0.0193	  98.96	1335.12
    676	400824	     46	   18.0	   14.0	31647.5	 0.0193	  98.97	1334.97
    677	400824	     46	    7.0	    9.0	31600.8	 0.0193	  98.97	1334.92
    678	400824	     46	    9.0	    0.0	31554.3	 0.0193	 +98.82	1336.24
    679	400824	     46	   11.0	   11.0	31507.9	 0.0192	  98.82	1335.75
    680	400824	     46	    9.0	    9.0	31461.6	 0.0192	  98.83	1335.64
    681	400824	     46	   10.0	    0.0	31415.5	 0.0192	 +98.68	1337.12
    682	400824	     46	    8.0	    8.0	31369.5	 0.0192	  98.68	1336.66
    683	400824	     46	    6.0	    7.0	31323.6	 0.0192	  98.68	1336.22
    684	400824	     46	   15.0	    1.0	31277.9	 0.0191	  98.69	1335.78
    685	400824	     46	    6.0	    3.0	31232.3	 0.0192	  98.69	1334.81
    686	400824	     46	    8.0	    2.0	31186.9	 0.0191	  98.69	1333.79
    687	400824	     46	   12.0	    2.0	31141.5	 0.0192	  98.69	1332.94
    688	400824	     46	    9.0	    9.0	31096.4	 0.0191	  98.69	1333.10
    689	400824	     46	   11.0	   11.0	31051.3	 0.0191	  98.70	1333.16
    690	400824	     46	    9.0	    1.0	31006.4	 0.0191	  98.70	1332.64
    691	400824	     46	    7.0	    6.0	30961.6	 0.0191	  98.70	1332.75
    692	400824	     46	   14.0	   13.0	30916.9	 0.0192	  98.70	1332.82
    693	400824	     46	    9.0	    8.0	30872.4	 0.0191	  98.70	1332.88
    694	400824	     46	   11.0	   12.0	30828.0	 0.0191	  98.71	1333.00
    695	400824	     46	    7.0	   11.0	30783.7	 0.0191	  98.71	1333.06
    696	400824	     46	    9.0	    9.0	30739.5	 0.0191	  98.71	1333.18
    697	400824	     46	   16.0	   17.0	30695.5	 0.0192	  98.71	1333.24
    698	400824	     46	   10.0	   16.0	30651.6	 0.0192	  98.71	1333.35
    699	400824	     46	    8.0	   12.0	30607.9	 0.0192	  98.71	1333.39
    700	400824	     46	   11.0	   12.0	30564.2	 0.0192	  98.72	1333.50
    701	400824	     46	    6.0	   10.0	30520.7	 0.0191	  98.72	1333.55
    702	400824	     46	   14.0	   13.0	30477.3	 0.0191	  98.72	1333.67
    703	400824	     46	    6.0	    7.0	30434.0	 0.0191	  98.72	1333.71
    704	400824	     46	   11.0	   11.0	30390.9	 0.0191	  98.72	1333.73
    705	400824	     46	    7.0	   12.0	30347.8	 0.0191	  98.73	1333.65
    706	400824	     46	    9.0	   10.0	30304.9	 0.0191	  98.73	1333.60
    707	400824	     46	   15.0	    2.0	30262.1	 0.0191	  98.73	1332.97
    708	400824	     46	   10.0	   12.0	30219.5	 0.0191	  98.73	1332.83
    709	400824	     46	    7.0	    8.0	30176.9	 0.0191	  98.73	1332.79
    710	400824	     46	   11.0	    4.0	30134.5	 0.0191	  98.73	1332.18
    711	400824	     46	    9.0	   13.0	30092.2	 0.0191	  98.74	1332.22
    712	400824	     46	   13.0	   13.0	30050.0	 0.0191	  98.74	1332.35
    713	400824	     46	    6.0	   11.0	30007.9	 0.0190	  98.74	1332.37
    714	400824	     46	    8.0	    9.0	29965.9	 0.0190	  98.74	1332.49
    715	400824	     46	    8.0	    9.0	29924.1	 0.0190	  98.74	1332.40
    716	400824	     46	   13.0	   12.0	29882.4	 0.0190	  98.74	1332.54
    717	400824	     46	   14.0	   14.0	29840.8	 0.0190	  98.75	1332.57
    718	400824	     46	    8.0	    8.0	29799.3	 0.0190	  98.75	1332.70
    719	400824	     46	    6.0	    6.0	29757.9	 0.0189	  98.75	1332.72
    720	400824	     46	   11.0	   10.0	29716.7	 0.0189	  98.75	1332.84
    721	400824	     46	    9.0	   11.0	29675.5	 0.0189	  98.75	1332.84
    722	400824	     46	   13.0	   13.0	29634.5	 0.0189	  98.76	1332.99
    723	400824	     46	    7.0	   10.0	29593.6	 0.0188	  98.76	1333.03
    724	400824	     46	   10.0	   10.0	29552.8	 0.0188	  98.76	1333.18
    725	400824	     46	   11.0	    9.0	29512.1	 0.0188	  98.76	1333.21
    726	400824	     46	    9.0	    8.0	29471.5	 0.0188	  98.76	1333.36
    727	400824	     46	    7.0	    7.0	29431.0	 0.0188	  98.76	1333.30
    728	400824	     46	   15.0	   15.0	29390.7	 0.0188	  98.77	1333.44
    729	400824	     46	    6.0	   13.0	29350.4	 0.0188	  98.77	1333.47
    730	400824	     46	   12.0	   14.0	29310.3	 0.0188	  98.77	1333.60
    731	400824	     46	    6.0	    8.0	29270.3	 0.0187	  98.77	1333.62
    732	400824	     46	   11.0	   11.0	29230.3	 0.0187	  98.77	1333.75
    733	400824	     46	   10.0	   13.0	29190.5	 0.0187	  98.77	1333.63
    734	400824	     46	   10.0	    9.0	29150.8	 0.0187	  98.78	1333.80
    735	400824	     46	    8.0	    5.0	29111.2	 0.0187	  98.78	1333.84
    736	400824	     46	    9.0	    9.0	29071.7	 0.0186	  98.78	1333.99
    737	400824	     46	    7.0	   10.0	29032.4	 0.0186	  98.78	1334.02
    738	400824	     46	   21.0	   21.0	28993.1	 0.0188	  98.78	1334.17
    739	400824	     46	    9.0	   16.0	28954.0	 0.0188	  98.78	1334.11
    740	400824	     46	   12.0	   19.0	28914.9	 0.0187	  98.79	1334.26
    741	400824	     46	    7.0	   18.0	28876.0	 0.0187	  98.79	1334.28
    742	400824	     46	    9.0	    9.0	28837.1	 0.0187	  98.79	1334.39
    743	400824	     46	   13.0	    8.0	28798.4	 0.0187	  98.79	1334.42
    744	400824	     46	    9.0	    9.0	28759.7	 0.0187	  98.79	1334.55
    745	400824	     46	    8.0	    9.0	28721.2	 0.0187	  98.79	1334.43
    746	400824	     46	    8.0	    8.0	28682.7	 0.0187	  98.80	1334.60
    747	400824	     46	    6.0	    6.0	28644.4	 0.0186	  98.80	1334.63
    748	400824	     46	   19.0	   18.0	28606.2	 0.0186	  98.80	1334.77
    749	400824	     46	    6.0	   12.0	28568.1	 0.0186	  98.80	1334.81
    750	400824	     46	    8.0	    9.0	28530.0	 0.0186	  98.80	1334.95
    751	400824	     46	    8.0	    9.0	28492.1	 0.0186	  98.80	1335.02
    752	400824	     46	    9.0	    9.0	28454.3	 0.0185	  98.80	1335.13
    753	400824	     46	   13.0	   12.0	28416.6	 0.0186	  98.81	1335.14
    754	400824	     46	    9.0	    6.0	28378.9	 0.0186	  98.81	1334.64
    755	400824	     46	    7.0	   11.0	28341.4	 0.0185	  98.81	1333.69
