./asc:main.c:294: warning: auxv random bytes were not cleared
  Round	    PC	Excited	Hamming	   Loss	 Regret	    MSE	  Error	   MIPS
      0	400144	     45	42317.0	42317.0	42317.0	 0.1303	 100.00	  26.12
      1	400806	     45	 1220.0	43531.0	21765.5	 0.1255	 100.00	 205.76
      2	400806	     45	    8.0	43531.0	14510.3	 0.0845	 100.00	 334.83
      3	400806	     45	   10.0	43533.0	10883.2	 0.0633	 100.00	 429.94
      4	400806	     45	   10.0	43531.0	17412.8	 0.0508	 100.00	 510.92
      5	400806	     45	    6.0	43537.0	21766.8	 0.0495	 100.00	 583.37
      6	400806	     45	   12.0	43533.0	24876.3	 0.0489	 100.00	 648.49
      7	400806	     45	    8.0	43537.0	27208.9	 0.0454	 100.00	 705.87
      8	400806	     45	   10.0	43531.0	29022.4	 0.0404	 100.00	 765.76
      9	400806	     45	    6.0	43533.0	30473.5	 0.0364	 100.00	 805.35
     10	400806	     45	    8.0	43537.0	31661.1	 0.0352	 100.00	 842.63
     11	400806	     45	   12.0	43533.0	32650.4	 0.0324	 100.00	 875.57
     12	400806	     45	   12.0	43533.0	33487.5	 0.0323	 100.00	 905.92
     13	400806	     45	    8.0	43533.0	34205.1	 0.0301	 100.00	 933.16
     14	400806	     45	    8.0	43537.0	34827.2	 0.0302	 100.00	 958.25
     15	400806	     45	    6.0	43539.0	35371.7	 0.0308	 100.00	 982.59
     16	400806	     45	   12.0	43531.0	35851.6	 0.0367	 100.00	1003.75
     17	400806	     45	    8.0	43535.0	36278.5	 0.0371	 100.00	1022.62
     18	400806	     45	   10.0	43533.0	36660.3	 0.0375	 100.00	1040.07
     19	400806	     45	    6.0	43539.0	37004.2	 0.0357	 100.00	1056.17
     20	400806	     45	   10.0	43537.0	37315.3	 0.0344	 100.00	1071.32
     21	400806	     45	   16.0	43533.0	37598.0	 0.0403	 100.00	1084.58
     22	400806	     45	    8.0	43533.0	37856.0	 0.0386	 100.00	1097.75
     23	400806	     45	    6.0	43539.0	38092.8	 0.0378	 100.00	1109.96
     24	400806	     45	   10.0	43533.0	38310.4	 0.0363	 100.00	1121.35
     25	400806	     45	    6.0	43535.0	38511.3	 0.0349	 100.00	1132.66
     26	400806	     45	   14.0	43533.0	38697.3	 0.0341	 100.00	1142.55
     27	400806	     45	    6.0	43535.0	38870.1	 0.0329	 100.00	1152.09
     28	400806	     45	   10.0	43537.0	39031.0	 0.0327	 100.00	1161.16
     29	400806	     45	    8.0	43537.0	39181.2	 0.0334	 100.00	1169.53
     30	400806	     45	   10.0	43539.0	39321.8	 0.0323	 100.00	1177.36
     31	400806	     45	   12.0	43535.0	39453.5	 0.0325	 100.00	1185.13
     32	400806	     45	    8.0	43531.0	39577.0	 0.0322	 100.00	1192.30
     33	400806	     45	    6.0	43537.0	39693.5	 0.0312	 100.00	1199.31
     34	400806	     45	   10.0	43535.0	39803.3	 0.0314	 100.00	1205.97
     35	400806	     45	    8.0	43539.0	39907.0	 0.0307	 100.00	1212.31
     36	400806	     45	   14.0	43533.0	40005.0	 0.0323	 100.00	1217.80
     37	400806	     45	    6.0	43539.0	40098.0	 0.0315	 100.00	1223.71
     38	400806	     45	    8.0	43539.0	40186.3	 0.0315	 100.00	1229.01
     39	400806	     45	   10.0	43541.0	40270.1	 0.0310	 100.00	1234.46
     40	400806	     45	    8.0	43537.0	40349.8	 0.0309	 100.00	1239.67
     41	400806	     45	   16.0	43529.0	40425.5	 0.0323	 100.00	1244.50
     42	400806	     45	    8.0	43533.0	40497.8	 0.0316	 100.00	1249.16
     43	400806	     45	    6.0	43535.0	40566.8	 0.0308	 100.00	1253.57
     44	400806	     45	   14.0	43533.0	40632.7	 0.0302	 100.00	1257.96
     45	400806	     45	    6.0	43535.0	40695.8	 0.0295	 100.00	1262.21
     46	400806	     45	    8.0	43539.0	40756.3	 0.0291	 100.00	1266.29
     47	400806	     45	   10.0	43537.0	40814.2	 0.0288	 100.00	1270.08
     48	400806	     45	    8.0	43533.0	40869.7	 0.0288	 100.00	1273.94
     49	400806	     45	   10.0	43535.0	40923.0	 0.0283	 100.00	1277.35
     50	400806	     45	    8.0	43535.0	40974.2	 0.0277	 100.00	1280.80
     51	400806	     45	    6.0	43541.0	41023.6	 0.0278	 100.00	1284.12
     52	400806	     45	   16.0	43533.0	41070.9	 0.0285	 100.00	1287.41
     53	400806	     45	    8.0	43537.0	41116.6	 0.0280	 100.00	1290.16
     54	400806	     45	   10.0	43535.0	41160.6	 0.0282	 100.00	1293.33
     55	400806	     45	    6.0	43541.0	41203.1	 0.0288	 100.00	1296.10
     56	400806	     45	    8.0	43537.0	41244.0	 0.0284	 100.00	1298.94
     57	400806	     45	   10.0	43535.0	41283.5	 0.0281	 100.00	1301.78
     58	400806	     45	   10.0	43537.0	41321.7	 0.0277	 100.00	1304.43
     59	400806	     45	    8.0	43537.0	41358.7	 0.0272	 100.00	1307.13
     60	400806	     45	   10.0	43539.0	41394.4	 0.0271	 100.00	1309.69
     61	400806	     45	    6.0	43541.0	41429.0	 0.0269	 100.00	1312.24
     62	400806	     45	   18.0	43535.0	41462.4	 0.0272	 100.00	1314.45
     63	400806	     45	    6.0	43537.0	41494.9	 0.0267	 100.00	1316.86
     64	400806	     45	   10.0	43531.0	41526.2	 0.0274	 100.00	1319.14
     65	400806	     45	    6.0	43537.0	41556.7	 0.0271	 100.00	1321.38
     66	400806	     45	    8.0	43537.0	41586.2	 0.0267	 100.00	1323.56
     67	400806	     45	   12.0	43537.0	41614.9	 0.0266	 100.00	1325.75
     68	400806	     45	   10.0	43535.0	41642.7	 0.0262	 100.00	1327.36
     69	400806	     45	    6.0	43541.0	41669.8	 0.0259	 100.00	1329.38
     70	400806	     45	   10.0	43539.0	41696.2	 0.0260	 100.00	1331.10
     71	400806	     45	    8.0	43543.0	41721.8	 0.0256	 100.00	1333.09
     72	400806	     45	   14.0	43533.0	41746.6	 0.0257	 100.00	1335.11
     73	400806	     45	    6.0	43535.0	41770.8	 0.0253	 100.00	1336.76
     74	400806	     45	    8.0	43539.0	41794.4	 0.0250	 100.00	1338.57
     75	400806	     45	    8.0	43539.0	41817.3	 0.0246	 100.00	1340.16
     76	400806	     45	   12.0	43539.0	41839.7	 0.0243	 100.00	1341.84
     77	400806	     45	   10.0	43537.0	41861.4	 0.0243	 100.00	1343.45
     78	400806	     45	    8.0	43541.0	41882.7	 0.0240	 100.00	1345.09
     79	400806	     45	    6.0	43543.0	41903.5	 0.0237	 100.00	1346.65
     80	400806	     45	   10.0	43537.0	41923.6	 0.0236	 100.00	1348.18
     81	400806	     45	    8.0	43541.0	41943.4	 0.0233	 100.00	1349.62
     82	400806	     45	   20.0	43529.0	41962.5	 0.0245	 100.00	1351.13
     83	400806	     45	    6.0	43535.0	41981.2	 0.0242	 100.00	1352.28
     84	400806	     45	   10.0	43533.0	41999.4	 0.0239	 100.00	1353.69
     85	400806	     45	   10.0	43535.0	42017.3	 0.0236	 100.00	1354.90
     86	400806	     45	    8.0	43535.0	42034.7	 0.0233	 100.00	1356.29
     87	400806	     45	    6.0	43541.0	42051.9	 0.0235	 100.00	1357.78
     88	400806	     45	   12.0	43533.0	42068.5	 0.0240	 100.00	1358.78
     89	400806	     45	    6.0	43535.0	42084.8	 0.0238	 100.00	1360.10
     90	400806	     45	   12.0	43535.0	42100.7	 0.0235	 100.00	1361.25
     91	400806	     45	    6.0	43537.0	42116.3	 0.0232	 100.00	1362.48
     92	400806	     45	   10.0	43539.0	42131.6	 0.0237	 100.00	1363.65
     93	400806	     45	   12.0	43535.0	42146.6	 0.0242	 100.00	1364.82
     94	400806	     45	   10.0	43537.0	42161.2	 0.0240	 100.00	1365.85
     95	400806	     45	    8.0	43537.0	42175.5	 0.0237	 100.00	1367.02
     96	400806	     45	    8.0	43533.0	42189.5	 0.0248	 100.00	1368.13
     97	400806	     45	    6.0	43539.0	42203.3	 0.0246	 100.00	1369.35
     98	400806	     45	   12.0	43535.0	42216.7	 0.0245	 100.00	1370.11
     99	400806	     45	    8.0	43539.0	42230.0	 0.0243	 100.00	1371.34
    100	400806	     45	   12.0	43535.0	42242.9	 0.0240	 100.00	1372.34
    101	400806	     45	    6.0	43541.0	42255.6	 0.0238	 100.00	1373.31
    102	400806	     45	    8.0	43541.0	42268.1	 0.0239	 100.00	1374.52
    103	400806	     45	   16.0	43537.0	42280.3	 0.0245	 100.00	1375.44
    104	400806	     45	    8.0	43533.0	42292.2	 0.0244	 100.00	1376.90
    105	400806	     45	    8.0	43533.0	42303.9	 0.0242	 100.00	1377.82
    106	400806	     45	    8.0	43537.0	42315.5	 0.0240	 100.00	1378.76
    107	400806	     45	    6.0	43539.0	42326.8	 0.0238	 100.00	1379.46
    108	400806	     45	   16.0	43535.0	42337.9	 0.0240	 100.00	1380.32
    109	400806	     45	    6.0	43537.0	42348.8	 0.0237	 100.00	1381.17
    110	400806	     45	    8.0	43541.0	42359.5	 0.0235	 100.00	1382.03
    111	400806	     45	    8.0	43541.0	42370.1	 0.0235	 100.00	1382.89
    112	400806	     45	    8.0	43537.0	42380.4	 0.0235	 100.00	1383.75
    113	400806	     45	   14.0	43535.0	42390.5	 0.0233	 100.00	1384.32
    114	400806	     45	    8.0	43535.0	42400.5	 0.0231	 100.00	1385.13
    115	400806	     45	    6.0	43541.0	42410.3	 0.0229	 100.00	1385.66
    116	400806	     45	   12.0	43537.0	42419.9	 0.0227	 100.00	1386.49
    117	400806	     45	    8.0	43541.0	42429.4	 0.0225	 100.00	1387.44
    118	400806	     45	   12.0	43537.0	42438.7	 0.0224	 100.00	1388.04
    119	400806	     45	    6.0	43543.0	42447.9	 0.0222	 100.00	1388.78
    120	400806	     45	    8.0	43539.0	42457.0	 0.0223	 100.00	1389.36
    121	400806	     45	    8.0	43539.0	42465.8	 0.0222	 100.00	1389.94
    122	400806	     45	   10.0	43541.0	42474.6	 0.0220	 100.00	1390.59
    123	400806	     45	   16.0	43533.0	42483.1	 0.0223	 100.00	1391.27
    124	400806	     45	   10.0	43535.0	42491.5	 0.0221	 100.00	1391.92
    125	400806	     45	    6.0	43537.0	42499.8	 0.0220	 100.00	1392.61
    126	400806	     45	   12.0	43537.0	42508.0	 0.0218	 100.00	1393.16
    127	400806	     45	    6.0	43539.0	42516.0	 0.0216	 100.00	1393.80
    128	400806	     45	   12.0	43531.0	42523.9	 0.0223	 100.00	1394.22
    129	400806	     45	    6.0	43537.0	42531.7	 0.0221	 100.00	1394.84
    130	400806	     45	    8.0	43537.0	42539.4	 0.0220	 100.00	1395.46
    131	400806	     45	   10.0	43539.0	42546.9	 0.0221	 100.00	1396.04
    132	400806	     45	   10.0	43537.0	42554.4	 0.0220	 100.00	1396.56
    133	400806	     45	    6.0	43543.0	42561.8	 0.0224	 100.00	1397.12
    134	400806	     45	   14.0	43537.0	42569.0	 0.0226	 100.00	1397.70
    135	400806	     45	    8.0	43541.0	42576.1	 0.0224	 100.00	1398.26
    136	400806	     45	   10.0	43535.0	42583.1	 0.0223	 100.00	1398.85
    137	400806	     45	    6.0	43537.0	42590.1	 0.0221	 100.00	1399.40
    138	400806	     45	    8.0	43541.0	42596.9	 0.0222	 100.00	1400.00
    139	400806	     45	   10.0	43539.0	42603.6	 0.0221	 100.00	1400.47
    140	400806	     45	   12.0	43539.0	42610.3	 0.0219	 100.00	1400.98
    141	400806	     45	    8.0	43539.0	42616.8	 0.0219	 100.00	1401.52
    142	400806	     45	    8.0	43543.0	42623.3	 0.0218	 100.00	1402.12
    143	400806	     45	    6.0	43545.0	42629.7	 0.0216	 100.00	1402.53
    144	400806	     45	   16.0	43533.0	42635.9	 0.0222	 100.00	1403.10
    145	400806	     45	    8.0	43537.0	42642.1	 0.0221	 100.00	1403.58
    146	400806	     45	   10.0	43535.0	42648.1	 0.0219	 100.00	1404.12
    147	400806	     45	    6.0	43541.0	42654.2	 0.0218	 100.00	1404.65
    148	400806	     45	   10.0	43539.0	42660.1	 0.0217	 100.00	1405.17
    149	400806	     45	   12.0	43539.0	42666.0	 0.0218	 100.00	1405.70
    150	400806	     45	    8.0	43539.0	42671.8	 0.0216	 100.00	1406.23
    151	400806	     45	    6.0	43545.0	42677.5	 0.0219	 100.00	1406.77
    152	400806	     45	   10.0	43539.0	42683.1	 0.0222	 100.00	1407.20
    153	400806	     45	    6.0	43541.0	42688.7	 0.0221	 100.00	1407.73
    154	400806	     45	   16.0	43537.0	42694.2	 0.0223	 100.00	1408.21
    155	400806	     45	    6.0	43539.0	42699.6	 0.0222	 100.00	1408.72
    156	400806	     45	   10.0	43541.0	42705.0	 0.0221	 100.00	1409.19
    157	400806	     45	    8.0	43541.0	42710.2	 0.0219	 100.00	1409.68
    158	400806	     45	   10.0	43543.0	42715.5	 0.0218	 100.00	1409.96
    159	400806	     45	   10.0	43541.0	42720.6	 0.0220	 100.00	1410.48
    160	400806	     45	    8.0	43537.0	42725.7	 0.0220	 100.00	1410.85
    161	400806	     45	    6.0	43543.0	42730.8	 0.0218	 100.00	1411.33
    162	400806	     45	   10.0	43541.0	42735.7	 0.0219	 100.00	1411.87
    163	400806	     45	    8.0	43545.0	42740.7	 0.0218	 100.00	1412.24
    164	400806	     45	   24.0	43529.0	42745.4	 0.0229	 100.00	1412.73
    165	400806	     45	    6.0	43535.0	42750.2	 0.0228	 100.00	1413.10
    166	400806	     45	    8.0	43535.0	42754.9	 0.0226	 100.00	1413.53
    167	400806	     45	   10.0	43537.0	42759.6	 0.0226	 100.00	1413.95
    168	400806	     45	    8.0	43533.0	42764.1	 0.0225	 100.00	1414.37
    169	400806	     45	   10.0	43531.0	42768.6	 0.0224	 100.00	1414.76
    170	400806	     45	    8.0	43535.0	42773.1	 0.0222	 100.00	1415.16
    171	400806	     45	    6.0	43537.0	42777.6	 0.0221	 100.00	1415.54
    172	400806	     45	   14.0	43535.0	42781.9	 0.0220	 100.00	1415.94
    173	400806	     45	    6.0	43537.0	42786.3	 0.0219	 100.00	1416.16
    174	400806	     45	    8.0	43541.0	42790.6	 0.0220	 100.00	1416.53
    175	400806	     45	   12.0	43537.0	42794.8	 0.0219	 100.00	1416.80
    176	400806	     45	    8.0	43533.0	42799.0	 0.0218	 100.00	1417.16
    177	400806	     45	   10.0	43535.0	42803.1	 0.0217	 100.00	1417.61
    178	400806	     45	    8.0	43535.0	42807.2	 0.0216	 100.00	1417.82
    179	400806	     45	    6.0	43541.0	42811.3	 0.0214	 100.00	1418.19
    180	400806	     45	   14.0	43535.0	42815.3	 0.0216	 100.00	1418.53
    181	400806	     45	    8.0	43539.0	42819.3	 0.0214	 100.00	1418.90
    182	400806	     45	   10.0	43537.0	42823.2	 0.0213	 100.00	1419.21
    183	400806	     45	    6.0	43543.0	42827.1	 0.0212	 100.00	1419.58
    184	400806	     45	    8.0	43539.0	42831.0	 0.0213	 100.00	1419.83
    185	400806	     45	   14.0	43533.0	42834.7	 0.0214	 100.00	1420.18
    186	400806	     45	   10.0	43535.0	42838.5	 0.0213	 100.00	1420.50
    187	400806	     45	    8.0	43535.0	42842.2	 0.0213	 100.00	1420.84
    188	400806	     45	   10.0	43537.0	42845.9	 0.0212	 100.00	1421.02
    189	400806	     45	    6.0	43539.0	42849.5	 0.0211	 100.00	1421.35
    190	400806	     45	   14.0	43537.0	42853.1	 0.0212	 100.00	1421.57
    191	400806	     45	    6.0	43539.0	42856.7	 0.0211	 100.00	1421.89
    192	400806	     45	   10.0	43533.0	42860.2	 0.0210	 100.00	1422.26
    193	400806	     45	    6.0	43539.0	42863.7	 0.0209	 100.00	1422.52
    194	400806	     45	    8.0	43539.0	42867.1	 0.0208	 100.00	1422.81
    195	400806	     45	   14.0	43537.0	42870.6	 0.0207	 100.00	1423.09
    196	400806	     45	   10.0	43535.0	42873.9	 0.0206	 100.00	1423.39
    197	400806	     45	    6.0	43541.0	42877.3	 0.0205	 100.00	1423.56
    198	400806	     45	   10.0	43539.0	42880.6	 0.0204	 100.00	1423.85
    199	400806	     45	    8.0	43543.0	42883.9	 0.0203	 100.00	1424.09
    200	400806	     45	   12.0	43535.0	42887.2	 0.0203	 100.00	1424.38
    201	400806	     45	    6.0	43537.0	42890.4	 0.0202	 100.00	1424.63
    202	400806	     45	    8.0	43541.0	42893.6	 0.0201	 100.00	1424.91
    203	400806	     45	    8.0	43541.0	42896.8	 0.0200	 100.00	1424.99
    204	400806	     45	   12.0	43541.0	42899.9	 0.0201	 100.00	1425.24
    205	400806	     45	   16.0	43533.0	42903.0	 0.0208	 100.00	1425.45
    206	400806	     45	    8.0	43537.0	42906.1	 0.0207	 100.00	1425.72
    207	400806	     45	    6.0	43539.0	42909.1	 0.0206	 100.00	1426.00
    208	400806	     45	   10.0	43533.0	42912.1	 0.0206	 100.00	1426.26
    209	400806	     45	    8.0	43537.0	42915.1	 0.0205	 100.00	1426.54
    210	400806	     45	   12.0	43533.0	42918.0	 0.0205	 100.00	1426.73
    211	400806	     45	    6.0	43539.0	42920.9	 0.0204	 100.00	1427.00
    212	400806	     45	   10.0	43537.0	42923.8	 0.0204	 100.00	1427.27
    213	400806	     45	   10.0	43539.0	42926.7	 0.0203	 100.00	1427.52
    214	400806	     45	    8.0	43539.0	42929.5	 0.0202	 100.00	1427.75
    215	400806	     45	    6.0	43545.0	42932.4	 0.0202	 100.00	1428.00
    216	400806	     45	   14.0	43535.0	42935.2	 0.0202	 100.00	1428.20
    217	400806	     45	    6.0	43537.0	42937.9	 0.0201	 100.00	1428.47
    218	400806	     45	   12.0	43537.0	42940.7	 0.0200	 100.00	1428.59
    219	400806	     45	    6.0	43539.0	42943.4	 0.0200	 100.00	1428.84
    220	400806	     45	   10.0	43541.0	42946.1	 0.0199	 100.00	1429.07
    221	400806	     45	   10.0	43539.0	42948.8	 0.0198	 100.00	1429.30
    222	400806	     45	   10.0	43541.0	42951.4	 0.0197	 100.00	1429.50
    223	400806	     45	    8.0	43541.0	42954.0	 0.0196	 100.00	1429.71
    224	400806	     45	    8.0	43537.0	42956.6	 0.0200	 100.00	1429.96
    225	400806	     45	    6.0	43543.0	42959.2	 0.0199	 100.00	1430.19
    226	400806	     45	   16.0	43535.0	42961.8	 0.0202	 100.00	1430.41
    227	400806	     45	    8.0	43539.0	42964.3	 0.0201	 100.00	1430.60
    228	400806	     45	   12.0	43535.0	42966.8	 0.0200	 100.00	1430.83
    229	400806	     45	    6.0	43541.0	42969.3	 0.0199	 100.00	1430.97
    230	400806	     45	    8.0	43541.0	42971.8	 0.0199	 100.00	1431.21
    231	400806	     45	   12.0	43541.0	42974.2	 0.0200	 100.00	1431.41
    232	400806	     45	    8.0	43537.0	42976.6	 0.0199	 100.00	1431.62
    233	400806	     45	    8.0	43537.0	42979.0	 0.0199	 100.00	1431.74
    234	400806	     45	    8.0	43541.0	42981.4	 0.0198	 100.00	1431.96
    235	400806	     45	    6.0	43543.0	42983.8	 0.0197	 100.00	1432.11
    236	400806	     45	   18.0	43537.0	42986.1	 0.0198	 100.00	1432.31
    237	400806	     45	    6.0	43539.0	42988.4	 0.0197	 100.00	1432.53
    238	400806	     45	    8.0	43543.0	42990.8	 0.0198	 100.00	1432.73
    239	400806	     45	    8.0	43543.0	42993.1	 0.0198	 100.00	1432.92
    240	400806	     45	    8.0	43539.0	42995.3	 0.0199	 100.00	1433.12
    241	400806	     45	   12.0	43539.0	42997.6	 0.0198	 100.00	1433.33
    242	400806	     45	    8.0	43539.0	42999.8	 0.0198	 100.00	1433.48
    243	400806	     45	    6.0	43545.0	43002.0	 0.0197	 100.00	1433.72
    244	400806	     45	   12.0	43541.0	43004.2	 0.0200	 100.00	1433.90
    245	400806	     45	    8.0	43545.0	43006.4	 0.0199	 100.00	1434.13
    246	400806	     45	   20.0	43533.0	43008.6	 0.0207	 100.00	1434.30
    247	400806	     45	    6.0	43539.0	43010.7	 0.0207	 100.00	1434.51
    248	400806	     45	    8.0	43535.0	43012.8	 0.0206	 100.00	1434.61
    249	400806	     45	    8.0	43535.0	43014.9	 0.0205	 100.00	1434.81
    250	400806	     45	   10.0	43537.0	43017.0	 0.0204	 100.00	1434.94
    251	400806	     45	   10.0	43535.0	43019.0	 0.0204	 100.00	1435.15
    252	400806	     45	   10.0	43537.0	43021.1	 0.0203	 100.00	1435.32
    253	400806	     45	    6.0	43539.0	43023.1	 0.0202	 100.00	1435.52
    254	400806	     45	   12.0	43539.0	43025.2	 0.0206	 100.00	1435.72
    255	400806	     45	    6.0	43541.0	43027.2	 0.0207	 100.00	1435.87
    256	400806	     45	   14.0	43531.0	43029.1	 0.0211	 100.00	1436.08
    257	400806	     45	    6.0	43537.0	43031.1	 0.0211	 100.00	1435.83
    258	400806	     45	    8.0	43537.0	43033.1	 0.0210	 100.00	1435.56
    259	400806	     45	   10.0	43539.0	43035.0	 0.0209	 100.00	1435.28
    260	400806	     45	   10.0	43537.0	43036.9	 0.0208	 100.00	1435.02
    261	400806	     45	    6.0	43543.0	43038.9	 0.0210	 100.00	1434.69
    262	400806	     45	   12.0	43539.0	43040.8	 0.0210	 100.00	1434.44
    263	400806	     45	    8.0	43543.0	43042.7	 0.0210	 100.00	1434.17
    264	400806	     45	   10.0	43537.0	43044.5	 0.0211	 100.00	1433.92
    265	400806	     45	    6.0	43539.0	43046.4	 0.0211	 100.00	1433.66
    266	400806	     45	    8.0	43543.0	43048.2	 0.0211	 100.00	1433.59
    267	400806	     45	   14.0	43537.0	43050.1	 0.0214	 100.00	1433.29
    268	400806	     45	   12.0	43537.0	43051.9	 0.0214	 100.00	1433.06
    269	400806	     45	    8.0	43537.0	43053.7	 0.0214	 100.00	1432.79
    270	400806	     45	    8.0	43541.0	43055.5	 0.0214	 100.00	1432.55
    271	400806	     45	    6.0	43543.0	43057.3	 0.0213	 100.00	1432.30
    272	400806	     45	   12.0	43535.0	43059.0	 0.0213	 100.00	1432.07
    273	400806	     45	    8.0	43539.0	43060.8	 0.0212	 100.00	1431.77
    274	400806	     45	   10.0	43537.0	43062.5	 0.0212	 100.00	1431.53
    275	400806	     45	    6.0	43543.0	43064.2	 0.0211	 100.00	1431.26
    276	400806	     45	   10.0	43541.0	43066.0	 0.0210	 100.00	1431.03
    277	400806	     45	   14.0	43539.0	43067.7	 0.0211	 100.00	1430.76
    278	400806	     45	    8.0	43539.0	43069.3	 0.0210	 100.00	1430.51
    279	400806	     45	    6.0	43545.0	43071.0	 0.0209	 100.00	1430.19
    280	400806	     45	   10.0	43539.0	43072.7	 0.0209	 100.00	1429.98
    281	400806	     45	    6.0	43541.0	43074.4	 0.0208	 100.00	1429.69
    282	400806	     45	   14.0	43539.0	43076.0	 0.0208	 100.00	1429.43
    283	400806	     45	    6.0	43541.0	43077.7	 0.0207	 100.00	1429.20
    284	400806	     45	   10.0	43543.0	43079.3	 0.0207	 100.00	1428.94
    285	400806	     45	    8.0	43543.0	43080.9	 0.0206	 100.00	1428.71
    286	400806	     45	   10.0	43545.0	43082.5	 0.0206	 100.00	1428.48
    287	400806	     45	   16.0	43537.0	43084.1	 0.0210	 100.00	1428.25
    288	400806	     45	    8.0	43533.0	43085.7	 0.0209	 100.00	1428.02
    289	400806	     45	    6.0	43539.0	43087.2	 0.0208	 100.00	1427.80
    290	400806	     45	   10.0	43537.0	43088.8	 0.0207	 100.00	1427.55
    291	400806	     45	    8.0	43541.0	43090.3	 0.0207	 100.00	1427.32
    292	400806	     45	   14.0	43535.0	43091.8	 0.0207	 100.00	1427.11
    293	400806	     45	    6.0	43541.0	43093.4	 0.0206	 100.00	1426.90
    294	400806	     45	    8.0	43541.0	43094.9	 0.0205	 100.00	1426.68
    295	400806	     45	   10.0	43543.0	43096.4	 0.0205	 100.00	1426.47
    296	400806	     45	    8.0	43539.0	43097.9	 0.0204	 100.00	1426.18
    297	400806	     45	   12.0	43535.0	43099.3	 0.0205	 100.00	1425.98
    298	400806	     45	    8.0	43539.0	43100.8	 0.0204	 100.00	1425.74
    299	400806	     45	    6.0	43541.0	43102.3	 0.0203	 100.00	1425.54
    300	400806	     45	   14.0	43539.0	43103.7	 0.0203	 100.00	1425.30
    301	400806	     45	    6.0	43541.0	43105.2	 0.0202	 100.00	1425.10
    302	400806	     45	    8.0	43545.0	43106.6	 0.0203	 100.00	1424.82
    303	400806	     45	   10.0	43543.0	43108.1	 0.0203	 100.00	1424.63
    304	400806	     45	    8.0	43539.0	43109.5	 0.0202	 100.00	1424.43
    305	400806	     45	   10.0	43541.0	43110.9	 0.0202	 100.00	1424.25
    306	400806	     45	    8.0	43541.0	43112.3	 0.0201	 100.00	1424.05
    307	400806	     45	    6.0	43547.0	43113.7	 0.0201	 100.00	1423.86
    308	400806	     45	   18.0	43537.0	43115.1	 0.0202	 100.00	1423.62
    309	400806	     45	    8.0	43541.0	43116.4	 0.0201	 100.00	1423.44
    310	400806	     45	   10.0	43539.0	43117.8	 0.0200	 100.00	1423.25
    311	400806	     45	    6.0	43545.0	43119.2	 0.0200	 100.00	1423.06
    312	400806	     45	    8.0	43541.0	43120.5	 0.0199	 100.00	1422.88
    313	400806	     45	   10.0	43539.0	43121.9	 0.0199	 100.00	1422.75
    314	400806	     45	   10.0	43541.0	43123.2	 0.0198	 100.00	1422.56
    315	400806	     45	    8.0	43541.0	43124.5	 0.0198	 100.00	1422.45
    316	400806	     45	   10.0	43543.0	43125.8	 0.0198	 100.00	1422.29
    317	400806	     45	    6.0	43545.0	43127.1	 0.0197	 100.00	1422.16
    318	400806	     45	   16.0	43541.0	43128.4	 0.0198	 100.00	1422.02
    319	400806	     45	    6.0	43543.0	43129.7	 0.0197	 100.00	1421.90
    320	400806	     45	   10.0	43537.0	43131.0	 0.0200	 100.00	1421.73
    321	400806	     45	    6.0	43543.0	43132.3	 0.0199	 100.00	1421.60
    322	400806	     45	    8.0	43543.0	43133.6	 0.0199	 100.00	1421.46
    323	400806	     45	   12.0	43543.0	43134.8	 0.0198	 100.00	1421.35
    324	400806	     45	   10.0	43541.0	43136.1	 0.0198	 100.00	1421.23
    325	400806	     45	    6.0	43547.0	43137.3	 0.0197	 100.00	1421.13
    326	400806	     45	   10.0	43545.0	43138.6	 0.0197	 100.00	1420.96
    327	400806	     45	    8.0	43549.0	43139.8	 0.0197	 100.00	1420.85
    328	400806	     45	   24.0	43529.0	43141.0	 0.0206	 100.00	1420.73
    329	400806	     45	    6.0	43531.0	43142.2	 0.0205	 100.00	1420.62
    330	400806	     45	    8.0	43535.0	43143.4	 0.0205	 100.00	1420.49
    331	400806	     45	    8.0	43535.0	43144.6	 0.0204	 100.00	1420.39
    332	400806	     45	   12.0	43535.0	43145.7	 0.0204	 100.00	1420.21
    333	400806	     45	   10.0	43533.0	43146.9	 0.0205	 100.00	1420.10
    334	400806	     45	    8.0	43537.0	43148.1	 0.0204	 100.00	1419.99
    335	400806	     45	    6.0	43539.0	43149.2	 0.0204	 100.00	1419.89
    336	400806	     45	   10.0	43533.0	43150.4	 0.0203	 100.00	1419.75
    337	400806	     45	    8.0	43537.0	43151.5	 0.0203	 100.00	1419.60
    338	400806	     45	   14.0	43531.0	43152.6	 0.0202	 100.00	1419.41
    339	400806	     45	    6.0	43537.0	43153.8	 0.0202	 100.00	1419.27
    340	400806	     45	   10.0	43535.0	43154.9	 0.0201	 100.00	1419.11
    341	400806	     45	   10.0	43537.0	43156.0	 0.0200	 100.00	1418.96
    342	400806	     45	    8.0	43537.0	43157.1	 0.0200	 100.00	1418.78
    343	400806	     45	    6.0	43543.0	43158.2	 0.0200	 100.00	1418.64
    344	400806	     45	   12.0	43535.0	43159.3	 0.0201	 100.00	1418.46
    345	400806	     45	    6.0	43537.0	43160.4	 0.0200	 100.00	1418.32
    346	400806	     45	   12.0	43537.0	43161.5	 0.0200	 100.00	1418.19
    347	400806	     45	    6.0	43539.0	43162.6	 0.0199	 100.00	1418.09
    348	400806	     45	   10.0	43541.0	43163.7	 0.0199	 100.00	1417.99
    349	400806	     45	   14.0	43535.0	43164.7	 0.0200	 100.00	1417.91
    350	400806	     45	   10.0	43537.0	43165.8	 0.0199	 100.00	1417.77
    351	400806	     45	    8.0	43537.0	43166.8	 0.0199	 100.00	1417.68
    352	400806	     45	    8.0	43533.0	43167.9	 0.0198	 100.00	1417.58
    353	400806	     45	    6.0	43539.0	43168.9	 0.0198	 100.00	1417.48
    354	400806	     45	   12.0	43535.0	43170.0	 0.0198	 100.00	1417.38
    355	400806	     45	    8.0	43539.0	43171.0	 0.0197	 100.00	1417.28
    356	400806	     45	   12.0	43535.0	43172.0	 0.0197	 100.00	1417.14
    357	400806	     45	    6.0	43541.0	43173.0	 0.0196	 100.00	1417.04
    358	400806	     45	    8.0	43541.0	43174.1	 0.0196	 100.00	1416.91
    359	400806	     45	   14.0	43539.0	43175.1	 0.0196	 100.00	1416.79
    360	400806	     45	    8.0	43535.0	43176.1	 0.0195	 100.00	1416.64
    361	400806	     45	    8.0	43535.0	43177.1	 0.0195	 100.00	1416.52
    362	400806	     45	    8.0	43539.0	43178.1	 0.0195	 100.00	1416.35
    363	400806	     45	    6.0	43541.0	43179.1	 0.0195	 100.00	1416.24
    364	400806	     45	   16.0	43537.0	43180.0	 0.0195	 100.00	1416.09
    365	400806	     45	    6.0	43539.0	43181.0	 0.0194	 100.00	1415.98
    366	400806	     45	    8.0	43543.0	43182.0	 0.0194	 100.00	1415.84
    367	400806	     45	    8.0	43543.0	43183.0	 0.0194	 100.00	1415.72
    368	400806	     45	    8.0	43539.0	43184.0	 0.0195	 100.00	1415.55
    369	400806	     45	   18.0	43533.0	43184.9	 0.0197	 100.00	1415.43
    370	400806	     45	    8.0	43533.0	43185.8	 0.0196	 100.00	1415.29
    371	400806	     45	    6.0	43539.0	43186.8	 0.0195	 100.00	1415.19
    372	400806	     45	   12.0	43535.0	43187.7	 0.0195	 100.00	1415.05
    373	400806	     45	    8.0	43539.0	43188.7	 0.0194	 100.00	1414.92
    374	400806	     45	   12.0	43535.0	43189.6	 0.0194	 100.00	1414.76
    375	400806	     45	    6.0	43541.0	43190.5	 0.0194	 100.00	1414.65
    376	400806	     45	    8.0	43537.0	43191.4	 0.0193	 100.00	1414.48
    377	400806	     45	    8.0	43537.0	43192.4	 0.0193	 100.00	1414.37
    378	400806	     45	   10.0	43539.0	43193.3	 0.0192	 100.00	1414.25
    379	400806	     45	   12.0	43535.0	43194.2	 0.0192	 100.00	1414.14
    380	400806	     45	   10.0	43537.0	43195.1	 0.0191	 100.00	1413.98
    381	400806	     45	    6.0	43539.0	43196.0	 0.0191	 100.00	1413.88
    382	400806	     45	   12.0	43539.0	43196.9	 0.0191	 100.00	1413.75
    383	400806	     45	    6.0	43541.0	43197.8	 0.0190	 100.00	1413.65
    384	400806	     45	   12.0	43533.0	43198.6	 0.0192	 100.00	1413.52
    385	400806	     45	    6.0	43539.0	43199.5	 0.0192	 100.00	1413.41
    386	400806	     45	    8.0	43539.0	43200.4	 0.0191	 100.00	1413.26
    387	400806	     45	   10.0	43541.0	43201.3	 0.0191	 100.00	1413.15
    388	400806	     45	   10.0	43539.0	43202.1	 0.0190	 100.00	1413.03
    389	400806	     45	    6.0	43545.0	43203.0	 0.0193	 100.00	1412.93
    390	400806	     45	   16.0	43537.0	43203.9	 0.0193	 100.00	1412.81
    391	400806	     45	    8.0	43541.0	43204.7	 0.0193	 100.00	1412.71
    392	400806	     45	   10.0	43535.0	43205.6	 0.0192	 100.00	1412.58
    393	400806	     45	    6.0	43537.0	43206.4	 0.0192	 100.00	1412.48
    394	400806	     45	    8.0	43541.0	43207.3	 0.0192	 100.00	1412.37
    395	400806	     45	   10.0	43539.0	43208.1	 0.0191	 100.00	1412.26
    396	400806	     45	   12.0	43539.0	43208.9	 0.0191	 100.00	1412.14
    397	400806	     45	    8.0	43539.0	43209.8	 0.0191	 100.00	1412.05
    398	400806	     45	    8.0	43543.0	43210.6	 0.0191	 100.00	1411.91
    399	400806	     45	    6.0	43545.0	43211.4	 0.0190	 100.00	1411.83
    400	400806	     45	   14.0	43535.0	43212.2	 0.0191	 100.00	1411.69
    401	400806	     45	    8.0	43539.0	43213.0	 0.0191	 100.00	1411.62
    402	400806	     45	   10.0	43537.0	43213.9	 0.0190	 100.00	1411.48
    403	400806	     45	    6.0	43543.0	43214.7	 0.0190	 100.00	1411.41
    404	400806	     45	   10.0	43541.0	43215.5	 0.0190	 100.00	1411.25
    405	400806	     45	   12.0	43541.0	43216.3	 0.0189	 100.00	1411.14
    406	400806	     45	    8.0	43541.0	43217.1	 0.0189	 100.00	1411.05
    407	400806	     45	    6.0	43547.0	43217.9	 0.0189	 100.00	1410.95
    408	400806	     45	   10.0	43541.0	43218.7	 0.0188	 100.00	1410.85
    409	400806	     45	    6.0	43543.0	43219.5	 0.0188	 100.00	1410.72
    410	400806	     45	   22.0	43533.0	43220.2	 0.0192	 100.00	1410.63
    411	400806	     45	    6.0	43535.0	43221.0	 0.0192	 100.00	1410.53
    412	400806	     45	   10.0	43537.0	43221.8	 0.0192	 100.00	1410.43
    413	400806	     45	    8.0	43537.0	43222.5	 0.0191	 100.00	1410.33
    414	400806	     45	   10.0	43539.0	43223.3	 0.0191	 100.00	1410.21
    415	400806	     45	   10.0	43537.0	43224.0	 0.0190	 100.00	1410.09
    416	400806	     45	    8.0	43533.0	43224.8	 0.0192	 100.00	1409.99
    417	400806	     45	    6.0	43539.0	43225.5	 0.0191	 100.00	1409.90
    418	400806	     45	   10.0	43537.0	43226.3	 0.0191	 100.00	1409.80
    419	400806	     45	    8.0	43541.0	43227.0	 0.0191	 100.00	1409.70
    420	400806	     45	   16.0	43533.0	43227.7	 0.0191	 100.00	1409.61
    421	400806	     45	    6.0	43539.0	43228.5	 0.0191	 100.00	1409.48
    422	400806	     45	    8.0	43539.0	43229.2	 0.0191	 100.00	1409.39
    423	400806	     45	   10.0	43541.0	43230.0	 0.0190	 100.00	1409.27
    424	400806	     45	    8.0	43537.0	43230.7	 0.0190	 100.00	1409.18
    425	400806	     45	   10.0	43535.0	43231.4	 0.0190	 100.00	1409.07
    426	400806	     45	    8.0	43539.0	43232.1	 0.0189	 100.00	1408.99
    427	400806	     45	    6.0	43541.0	43232.8	 0.0189	 100.00	1408.85
    428	400806	     45	   14.0	43539.0	43233.5	 0.0189	 100.00	1408.75
    429	400806	     45	    6.0	43541.0	43234.3	 0.0189	 100.00	1408.64
    430	400806	     45	    8.0	43545.0	43235.0	 0.0188	 100.00	1408.55
    431	400806	     45	   14.0	43539.0	43235.7	 0.0191	 100.00	1408.42
    432	400806	     45	    8.0	43535.0	43236.4	 0.0190	 100.00	1408.33
    433	400806	     45	   10.0	43537.0	43237.1	 0.0190	 100.00	1408.18
    434	400806	     45	    8.0	43537.0	43237.8	 0.0189	 100.00	1408.09
    435	400806	     45	    6.0	43543.0	43238.5	 0.0191	 100.00	1408.00
    436	400806	     45	   14.0	43537.0	43239.1	 0.0190	 100.00	1407.92
    437	400806	     45	    8.0	43541.0	43239.8	 0.0190	 100.00	1407.78
    438	400806	     45	   10.0	43539.0	43240.5	 0.0190	 100.00	1407.69
    439	400806	     45	    6.0	43545.0	43241.2	 0.0189	 100.00	1407.58
    440	400806	     45	    8.0	43541.0	43241.9	 0.0190	 100.00	1407.45
    441	400806	     45	   12.0	43537.0	43242.5	 0.0190	 100.00	1407.34
    442	400806	     45	   10.0	43539.0	43243.2	 0.0190	 100.00	1407.25
    443	400806	     45	    8.0	43539.0	43243.9	 0.0190	 100.00	1407.15
    444	400806	     45	   10.0	43541.0	43244.6	 0.0193	 100.00	1407.11
    445	400806	     45	    6.0	43543.0	43245.2	 0.0193	 100.00	1407.02
    446	400806	     45	   14.0	43541.0	43245.9	 0.0194	 100.00	1406.98
    447	400806	     45	    6.0	43543.0	43246.5	 0.0195	 100.00	1406.92
    448	400806	     45	   10.0	43537.0	43247.2	 0.0194	 100.00	1406.87
    449	400806	     45	    6.0	43543.0	43247.9	 0.0194	 100.00	1406.81
    450	400806	     45	    8.0	43543.0	43248.5	 0.0194	 100.00	1406.77
    451	400806	     45	   18.0	43537.0	43249.1	 0.0198	 100.00	1406.68
    452	400806	     45	   10.0	43535.0	43249.8	 0.0198	 100.00	1406.63
    453	400806	     45	    6.0	43541.0	43250.4	 0.0198	 100.00	1406.56
    454	400806	     45	   10.0	43539.0	43251.1	 0.0198	 100.00	1406.51
    455	400806	     45	    8.0	43543.0	43251.7	 0.0197	 100.00	1406.44
    456	400806	     45	   12.0	43535.0	43252.3	 0.0197	 100.00	1406.36
    457	400806	     45	    6.0	43537.0	43252.9	 0.0197	 100.00	1406.25
    458	400806	     45	    8.0	43541.0	43253.6	 0.0196	 100.00	1406.17
    459	400806	     45	    8.0	43541.0	43254.2	 0.0197	 100.00	1406.08
    460	400806	     45	   12.0	43541.0	43254.8	 0.0197	 100.00	1406.00
    461	400806	     45	   12.0	43537.0	43255.4	 0.0196	 100.00	1406.04
    462	400806	     45	    8.0	43541.0	43256.0	 0.0196	 100.00	1405.96
    463	400806	     45	    6.0	43543.0	43256.7	 0.0196	 100.00	1405.85
    464	400806	     45	   10.0	43537.0	43257.3	 0.0197	 100.00	1405.77
    465	400806	     45	    8.0	43541.0	43257.9	 0.0197	 100.00	1405.67
    466	400806	     45	   12.0	43537.0	43258.5	 0.0198	 100.00	1405.60
    467	400806	     45	    6.0	43543.0	43259.1	 0.0198	 100.00	1405.51
    468	400806	     45	   10.0	43541.0	43259.7	 0.0198	 100.00	1405.43
    469	400806	     45	   10.0	43543.0	43260.3	 0.0198	 100.00	1405.33
    470	400806	     45	    8.0	43543.0	43260.9	 0.0198	 100.00	1405.25
    471	400806	     45	    6.0	43549.0	43261.5	 0.0201	 100.00	1405.16
    472	400806	     45	   16.0	43537.0	43262.1	 0.0205	 100.00	1405.08
    473	400806	     45	    6.0	43539.0	43262.7	 0.0204	 100.00	1405.00
    474	400806	     45	   12.0	43539.0	43263.2	 0.0204	 100.00	1404.92
    475	400806	     45	    6.0	43541.0	43263.8	 0.0204	 100.00	1404.82
    476	400806	     45	   10.0	43543.0	43264.4	 0.0204	 100.00	1404.74
    477	400806	     45	   10.0	43541.0	43265.0	 0.0204	 100.00	1404.66
    478	400806	     45	   10.0	43543.0	43265.6	 0.0206	 100.00	1404.59
    479	400806	     45	    8.0	43543.0	43266.1	 0.0206	 100.00	1404.49
    480	400806	     45	    8.0	43539.0	43266.7	 0.0207	 100.00	1404.42
    481	400806	     45	    6.0	43545.0	43267.3	 0.0207	 100.00	1404.31
    482	400806	     45	   14.0	43539.0	43267.8	 0.0208	 100.00	1404.24
    483	400806	     45	    8.0	43543.0	43268.4	 0.0207	 100.00	1404.16
    484	400806	     45	   12.0	43539.0	43269.0	 0.0207	 100.00	1404.08
    485	400806	     45	    6.0	43545.0	43269.5	 0.0207	 100.00	1404.00
    486	400806	     45	    8.0	43545.0	43270.1	 0.0207	 100.00	1403.93
    487	400806	     45	   12.0	43545.0	43270.7	 0.0208	 100.00	1403.83
    488	400806	     45	    8.0	43541.0	43271.2	 0.0208	 100.00	1403.76
    489	400806	     45	    8.0	43541.0	43271.8	 0.0209	 100.00	1403.67
    490	400806	     45	    8.0	43545.0	43272.3	 0.0208	 100.00	1403.60
    491	400806	     45	    6.0	43547.0	43272.9	 0.0208	 100.00	1403.52
    492	400806	     45	   26.0	43533.0	43273.4	 0.0213	 100.00	1403.44
    493	400806	     45	    6.0	43535.0	43273.9	 0.0212	 100.00	1403.35
    494	400806	     45	    8.0	43539.0	43274.5	 0.0212	 100.00	1403.27
    495	400806	     45	    8.0	43539.0	43275.0	 0.0212	 100.00	1403.19
    496	400806	     45	    8.0	43535.0	43275.5	 0.0213	 100.00	1403.12
    497	400806	     45	   12.0	43535.0	43276.1	 0.0213	 100.00	1403.04
    498	400806	     45	    8.0	43535.0	43276.6	 0.0213	 100.00	1402.97
    499	400806	     45	    6.0	43541.0	43277.1	 0.0213	 100.00	1402.86
    500	400806	     45	   12.0	43537.0	43277.6	 0.0214	 100.00	1402.79
    501	400806	     45	    8.0	43541.0	43278.1	 0.0213	 100.00	1402.69
    502	400806	     45	   14.0	43535.0	43278.7	 0.0215	 100.00	1402.62
    503	400806	     45	    6.0	43541.0	43279.2	 0.0215	 100.00	1402.56
    504	400806	     45	    8.0	43537.0	43279.7	 0.0215	 100.00	1402.46
    505	400806	     45	    8.0	43537.0	43280.2	 0.0214	 100.00	1402.40
    506	400806	     45	   10.0	43539.0	43280.7	 0.0215	 100.00	1402.33
    507	400806	     45	   10.0	43537.0	43281.2	 0.0214	 100.00	1402.27
    508	400806	     45	   10.0	43539.0	43281.7	 0.0214	 100.00	1402.17
    509	400806	     45	    6.0	43541.0	43282.2	 0.0213	 100.00	1402.11
    510	400806	     45	   12.0	43541.0	43282.7	 0.0213	 100.00	1402.04
    511	400806	     45	    6.0	43543.0	43283.2	 0.0213	 100.00	1401.93
    512	400806	     45	   16.0	43531.0	43283.7	 0.0215	 100.00	1401.87
    513	400806	     45	    6.0	43537.0	43284.2	 0.0215	 100.00	1401.81
    514	400806	     45	    8.0	 1287.0	43202.7	 0.0215	 100.00	1401.05
    515	400806	     45	   10.0	 1289.0	43121.4	 0.0214	 100.00	1401.00
    516	400806	     45	   10.0	   13.0	43038.1	 0.0214	 100.00	1401.00
    517	400806	     45	    6.0	   11.0	42955.0	 0.0213	 100.00	1400.94
    518	400806	     45	   12.0	   12.0	42872.3	 0.0213	 100.00	1400.98
    519	400806	     45	    8.0	    8.0	42789.8	 0.0214	 100.00	1400.92
    520	400806	     45	   10.0	   13.0	42707.7	 0.0213	 100.00	1400.98
    521	400806	     45	    6.0	   11.0	42625.9	 0.0213	 100.00	1400.91
    522	400806	     45	    8.0	    5.0	42544.4	 0.0213	 100.00	1400.96
    523	400806	     45	   12.0	   11.0	42463.3	 0.0212	 100.00	1400.90
    524	400806	     45	   12.0	   13.0	42382.4	 0.0212	 100.00	1400.90
    525	400806	     45	    8.0	    9.0	42301.8	 0.0212	 100.00	1400.83
    526	400806	     45	    8.0	    9.0	42221.6	 0.0212	 100.00	1400.87
    527	400806	     45	    6.0	    7.0	42141.6	 0.0212	 100.00	1400.81
    528	400806	     45	   12.0	    7.0	42062.0	 0.0212	 100.00	1400.81
    529	400806	     45	    8.0	    9.0	41982.6	 0.0211	 100.00	1400.77
    530	400806	     45	   10.0	   10.0	41903.6	 0.0211	 100.00	1400.83
    531	400806	     45	    6.0	    8.0	41824.9	 0.0210	 100.00	1400.80
    532	400806	     45	   10.0	   10.0	41746.4	 0.0210	 100.00	1400.87
    533	400806	     45	   18.0	   16.0	41668.3	 0.0211	 100.00	1400.83
    534	400806	     45	    8.0	   13.0	41590.4	 0.0211	 100.00	1400.88
    535	400806	     45	    6.0	   11.0	41512.8	 0.0211	 100.00	1400.80
    536	400806	     45	   10.0	   10.0	41435.5	 0.0210	 100.00	1400.84
    537	400806	     45	    6.0	    8.0	41358.5	 0.0210	 100.00	1400.77
    538	400806	     45	   14.0	   14.0	41281.8	 0.0210	 100.00	1400.81
    539	400806	     45	    6.0	    8.0	41205.4	 0.0209	 100.00	1400.73
    540	400806	     45	   10.0	   10.0	41129.2	 0.0209	 100.00	1400.75
    541	400806	     45	    8.0	   10.0	41053.4	 0.0208	 100.00	1400.68
    542	400806	     45	   10.0	   10.0	40977.8	 0.0208	 100.00	1400.71
    543	400806	     45	   12.0	   10.0	40902.5	 0.0208	 100.00	1400.64
    544	400806	     45	    8.0	    9.0	40827.4	 0.0210	 100.00	1400.67
    545	400806	     45	    6.0	   11.0	40752.7	 0.0209	 100.00	1400.59
    546	400806	     45	   10.0	   12.0	40678.2	 0.0209	 100.00	1400.60
    547	400806	     45	    8.0	    4.0	40604.0	 0.0209	 100.00	1400.52
    548	400806	     45	   14.0	   13.0	40530.1	 0.0209	 100.00	1400.55
    549	400806	     45	    6.0	   11.0	40456.4	 0.0208	 100.00	1400.48
    550	400806	     45	    8.0	   10.0	40383.0	 0.0208	 100.00	1400.51
    551	400806	     45	   10.0	    8.0	40309.8	 0.0208	 100.00	1400.43
    552	400806	     45	    8.0	    8.0	40237.0	 0.0207	 100.00	1400.43
    553	400806	     45	   14.0	   14.0	40164.4	 0.0208	 100.00	1400.36
    554	400806	     45	    8.0	   13.0	40092.0	 0.0208	 100.00	1400.41
    555	400806	     45	    6.0	   11.0	40019.9	 0.0207	 100.00	1400.34
    556	400806	     45	   14.0	   14.0	39948.1	 0.0207	 100.00	1400.40
    557	400806	     45	    6.0	    8.0	39876.5	 0.0207	 100.00	1400.33
    558	400806	     45	    8.0	    8.0	39805.2	 0.0207	 100.00	1400.39
    559	400806	     45	   10.0	   10.0	39734.1	 0.0207	 100.00	1400.32
    560	400806	     45	    8.0	   11.0	39663.3	 0.0207	 100.00	1400.34
    561	400806	     45	   10.0	   11.0	39592.8	 0.0206	 100.00	1400.27
    562	400806	     45	    8.0	    8.0	39522.5	 0.0206	 100.00	1400.30
    563	400806	     45	    6.0	    6.0	39452.4	 0.0207	 100.00	1400.23
    564	400806	     45	   16.0	   13.0	39382.6	 0.0208	 100.00	1400.23
    565	400806	     45	    8.0	    9.0	39313.0	 0.0207	 100.00	1400.16
    566	400806	     45	   10.0	   12.0	39243.7	 0.0207	 100.00	1400.23
    567	400806	     45	    6.0	   10.0	39174.6	 0.0207	 100.00	1400.15
    568	400806	     45	    8.0	    8.0	39105.8	 0.0206	 100.00	1400.22
    569	400806	     45	   10.0	   10.0	39037.2	 0.0207	 100.00	1400.14
    570	400806	     45	   10.0	   12.0	38968.9	 0.0206	 100.00	1400.20
    571	400806	     45	    8.0	    8.0	38900.8	 0.0206	 100.00	1400.11
    572	400806	     45	   10.0	   10.0	38832.9	 0.0206	 100.00	1400.17
    573	400806	     45	    6.0	    8.0	38765.2	 0.0205	 100.00	1400.07
    574	400806	     45	   22.0	   22.0	38697.9	 0.0207	 100.00	1400.11
    575	400806	     45	    6.0	   16.0	38630.7	 0.0207	 100.00	1400.02
    576	400806	     45	   10.0	   16.0	38563.8	 0.0208	 100.00	1400.05
    577	400806	     45	    6.0	   18.0	38497.1	 0.0208	 100.00	1399.95
    578	400806	     45	    8.0	   10.0	38430.6	 0.0208	 100.00	1399.98
    579	400806	     45	   12.0	    6.0	38364.4	 0.0208	 100.00	1399.89
    580	400806	     45	   10.0	   12.0	38298.4	 0.0207	 100.00	1399.93
    581	400806	     45	    6.0	   10.0	38232.6	 0.0207	 100.00	1399.84
    582	400806	     45	   10.0	   11.0	38167.0	 0.0207	 100.00	1399.88
    583	400806	     45	    8.0	    5.0	38101.7	 0.0207	 100.00	1399.78
    584	400806	     45	   14.0	   13.0	38036.6	 0.0207	 100.00	1399.81
    585	400806	     45	    6.0	   11.0	37971.7	 0.0207	 100.00	1399.73
    586	400806	     45	    8.0	    9.0	37907.0	 0.0206	 100.00	1399.76
    587	400806	     45	    8.0	    7.0	37842.5	 0.0206	 100.00	1399.68
    588	400806	     45	   12.0	   12.0	37778.3	 0.0206	 100.00	1399.72
    589	400806	     45	   10.0	   10.0	37714.3	 0.0206	 100.00	1399.61
    590	400806	     45	    8.0	   10.0	37650.5	 0.0206	 100.00	1399.65
    591	400806	     45	    6.0	    8.0	37586.9	 0.0205	 100.00	1399.59
    592	400806	     45	   10.0	   10.0	37523.6	 0.0206	 100.00	1399.64
    593	400806	     45	    8.0	   10.0	37460.4	 0.0205	 100.00	1399.59
    594	400806	     45	   16.0	   14.0	37397.5	 0.0206	 100.00	1399.64
    595	400806	     45	    6.0	   12.0	37334.7	 0.0206	 100.00	1399.51
    596	400806	     45	   10.0	   15.0	37272.2	 0.0206	 100.00	1399.57
    597	400806	     45	   10.0	   13.0	37209.9	 0.0206	 100.00	1399.49
    598	400806	     45	    8.0	   10.0	37147.8	 0.0206	 100.00	1399.55
    599	400806	     45	    6.0	    8.0	37085.9	 0.0205	 100.00	1399.48
    600	400806	     45	   12.0	   11.0	37024.2	 0.0206	 100.00	1399.54
    601	400806	     45	    6.0	    9.0	36962.7	 0.0205	 100.00	1399.46
    602	400806	     45	   12.0	   15.0	36901.5	 0.0205	 100.00	1399.51
    603	400806	     45	    6.0	    9.0	36840.4	 0.0206	 100.00	1399.45
    604	400806	     45	   10.0	   12.0	36779.5	 0.0205	 100.00	1399.50
    605	400806	     45	   12.0	   12.0	36718.8	 0.0205	 100.00	1399.43
    606	400806	     45	   10.0	   11.0	36658.4	 0.0205	 100.00	1399.48
    607	400806	     45	    8.0	    7.0	36598.1	 0.0205	 100.00	1399.40
    608	400806	     45	    8.0	    9.0	36538.0	 0.0205	 100.00	1399.46
    609	400806	     45	    6.0	    9.0	36478.1	 0.0205	 100.00	1399.39
    610	400806	     45	   12.0	   10.0	36418.4	 0.0205	 100.00	1399.44
    611	400806	     45	    8.0	   10.0	36358.9	 0.0204	 100.00	1399.37
    612	400806	     45	   12.0	   12.0	36299.6	 0.0204	 100.00	1399.42
    613	400806	     45	    6.0	   10.0	36240.5	 0.0204	 100.00	1399.34
    614	400806	     45	    8.0	    8.0	36181.6	 0.0203	 100.00	1399.40
    615	400806	     45	   18.0	   14.0	36122.9	 0.0205	 100.00	1399.33
    616	400806	     45	    8.0	   13.0	36064.4	 0.0205	 100.00	1399.39
    617	400806	     45	    8.0	   13.0	36006.1	 0.0204	 100.00	1399.32
    618	400806	     45	    8.0	    8.0	35947.9	 0.0204	 100.00	1399.37
    619	400806	     45	    6.0	    6.0	35889.9	 0.0204	 100.00	1399.32
    620	400806	     45	   16.0	   16.0	35832.2	 0.0204	 100.00	1399.38
    621	400806	     45	    6.0	   10.0	35774.6	 0.0204	 100.00	1399.30
    622	400806	     45	    8.0	   12.0	35717.2	 0.0205	 100.00	1399.36
    623	400806	     45	    8.0	    8.0	35659.9	 0.0204	 100.00	1399.29
    624	400806	     45	    8.0	   12.0	35602.9	 0.0204	 100.00	1399.37
    625	400806	     45	   14.0	   10.0	35546.0	 0.0204	 100.00	1399.31
    626	400806	     45	    8.0	   10.0	35489.4	 0.0204	 100.00	1399.38
    627	400806	     45	    6.0	    8.0	35432.9	 0.0203	 100.00	1399.34
    628	400806	     45	   12.0	   12.0	35376.6	 0.0203	 100.00	1399.41
    629	400806	     45	    8.0	    8.0	35320.4	 0.0203	 100.00	1399.37
    630	400806	     45	   12.0	   12.0	35264.5	 0.0202	 100.00	1399.46
    631	400806	     45	    6.0	   10.0	35208.7	 0.0202	 100.00	1399.40
    632	400806	     45	    8.0	    8.0	35153.1	 0.0202	 100.00	1399.47
    633	400806	     45	    8.0	    8.0	35097.6	 0.0202	 100.00	1399.43
    634	400806	     45	   10.0	   11.0	35042.4	 0.0202	 100.00	1399.51
    635	400806	     45	   14.0	   11.0	34987.3	 0.0202	 100.00	1399.47
    636	400806	     45	   10.0	   12.0	34932.4	 0.0202	 100.00	1399.54
    637	400806	     45	    6.0	   10.0	34877.7	 0.0202	 100.00	1399.48
    638	400806	     45	   12.0	   14.0	34823.1	 0.0201	 100.00	1399.56
    639	400806	     45	    6.0	    8.0	34768.7	 0.0201	 100.00	1399.51
    640	400806	     45	   12.0	   12.0	34714.5	 0.0202	 100.00	1399.57
    641	400806	     45	    6.0	   14.0	34660.4	 0.0202	 100.00	1399.51
    642	400806	     45	    8.0	    9.0	34606.5	 0.0202	 100.00	1399.56
    643	400806	     45	   10.0	    9.0	34552.8	 0.0202	 100.00	1399.50
    644	400806	     45	   10.0	   10.0	34499.3	 0.0201	 100.00	1399.56
    645	400806	     45	    6.0	    8.0	34445.9	 0.0202	 100.00	1399.30
    646	400806	     45	   14.0	   10.0	34392.6	 0.0202	 100.00	1399.36
    647	400806	     45	    8.0	    6.0	34339.6	 0.0202	 100.00	1399.26
    648	400806	     45	   10.0	   12.0	34286.7	 0.0202	 100.00	1399.30
    649	400806	     45	    6.0	   10.0	34233.9	 0.0201	 100.00	1399.20
    650	400806	     45	    8.0	    8.0	34181.4	 0.0201	 100.00	1399.24
    651	400806	     45	   10.0	   10.0	34129.0	 0.0201	 100.00	1399.18
    652	400806	     45	   12.0	   13.0	34076.7	 0.0201	 100.00	1399.23
    653	400806	     45	    8.0	    9.0	34024.6	 0.0200	 100.00	1399.18
    654	400806	     45	    8.0	    8.0	33972.7	 0.0200	 100.00	1399.22
    655	400806	     45	    6.0	    6.0	33920.9	 0.0200	 100.00	1399.15
    656	400806	     45	   26.0	   25.0	33869.3	 0.0204	 100.00	1399.19
    657	400806	     45	    8.0	   25.0	33817.9	 0.0204	 100.00	1399.12
    658	400806	     45	   10.0	   23.0	33766.6	 0.0203	 100.00	1399.15
    659	400806	     45	    6.0	   21.0	33715.5	 0.0203	 100.00	1399.08
    660	400806	     45	   10.0	   10.0	33664.5	 0.0203	 100.00	1399.12
    661	400806	     45	   12.0	   10.0	33613.6	 0.0205	 100.00	1399.02
    662	400806	     45	    8.0	   12.0	33563.0	 0.0204	 100.00	1399.04
    663	400806	     45	    6.0	   10.0	33512.4	 0.0205	 100.00	1398.98
    664	400806	     45	   10.0	    9.0	33462.1	 0.0204	 100.00	1398.99
    665	400806	     45	    6.0	    9.0	33411.8	 0.0204	 100.00	1398.93
    666	400806	     45	   16.0	   16.0	33361.8	 0.0204	 100.00	1398.97
    667	400806	     45	    6.0	   10.0	33311.8	 0.0204	 100.00	1398.87
    668	400806	     45	   10.0	   12.0	33262.1	 0.0204	 100.00	1398.90
    669	400806	     45	    8.0	   12.0	33212.4	 0.0204	 100.00	1398.82
    670	400806	     45	   10.0	   10.0	33162.9	 0.0203	 100.00	1398.85
    671	400806	     45	   10.0	    8.0	33113.6	 0.0203	 100.00	1398.78
    672	400806	     45	    8.0	    8.0	33064.4	 0.0204	 100.00	1398.81
    673	400806	     45	    6.0	   10.0	33015.4	 0.0203	 100.00	1398.71
    674	400806	     45	   10.0	   12.0	32966.5	 0.0203	 100.00	1398.75
    675	400806	     45	    8.0	    4.0	32917.7	 0.0203	 100.00	1398.68
    676	400806	     45	   18.0	   17.0	32869.1	 0.0204	 100.00	1398.71
    677	400806	     45	    6.0	   15.0	32820.7	 0.0204	 100.00	1398.63
    678	400806	     45	    8.0	   12.0	32772.3	 0.0203	 100.00	1398.66
    679	400806	     45	   10.0	   10.0	32724.2	 0.0203	 100.00	1398.56
    680	400806	     45	    8.0	    8.0	32676.1	 0.0203	 100.00	1398.59
    681	400806	     45	   10.0	   10.0	32628.2	 0.0203	 100.00	1398.53
    682	400806	     45	    8.0	    8.0	32580.5	 0.0202	 100.00	1398.55
    683	400806	     45	    6.0	    6.0	32532.8	 0.0202	 100.00	1398.48
    684	400806	     45	   14.0	   14.0	32485.4	 0.0202	 100.00	1398.51
    685	400806	     45	    6.0	    8.0	32438.0	 0.0202	 100.00	1398.41
    686	400806	     45	    8.0	    7.0	32390.8	 0.0201	 100.00	1398.45
    687	400806	     45	   12.0	   11.0	32343.8	 0.0202	 100.00	1398.39
    688	400806	     45	    8.0	   10.0	32296.8	 0.0202	 100.00	1398.42
    689	400806	     45	   10.0	   12.0	32250.0	 0.0202	 100.00	1398.35
    690	400806	     45	    8.0	   10.0	32203.4	 0.0201	 100.00	1398.38
    691	400806	     45	    6.0	    4.0	32156.8	 0.0201	 100.00	1398.29
    692	400806	     45	   14.0	   14.0	32110.5	 0.0201	 100.00	1398.32
    693	400806	     45	    8.0	   10.0	32064.2	 0.0201	 100.00	1398.24
    694	400806	     45	   10.0	   11.0	32018.1	 0.0201	 100.00	1398.28
    695	400806	     45	    6.0	    9.0	31972.1	 0.0200	 100.00	1398.18
    696	400806	     45	    8.0	    8.0	31926.2	 0.0200	 100.00	1398.21
    697	400806	     45	   16.0	   16.0	31880.5	 0.0201	 100.00	1398.15
    698	400806	     45	   10.0	   14.0	31834.9	 0.0201	 100.00	1398.17
    699	400806	     45	    8.0	   10.0	31789.5	 0.0200	 100.00	1398.08
    700	400806	     45	   10.0	   10.0	31744.1	 0.0200	 100.00	1398.11
    701	400806	     45	    6.0	    8.0	31698.9	 0.0200	 100.00	1398.05
    702	400806	     45	   14.0	   14.0	31653.9	 0.0200	 100.00	1398.09
    703	400806	     45	    6.0	    8.0	31608.9	 0.0200	 100.00	1398.00
    704	400806	     45	   10.0	   11.0	31564.1	 0.0200	 100.00	1398.03
    705	400806	     45	    6.0	   13.0	31519.4	 0.0200	 100.00	1397.96
    706	400806	     45	    8.0	    6.0	31474.8	 0.0200	 100.00	1397.99
    707	400806	     45	   14.0	   12.0	31430.4	 0.0200	 100.00	1397.92
    708	400806	     45	   10.0	   12.0	31386.1	 0.0200	 100.00	1397.95
    709	400806	     45	    6.0	   10.0	31341.9	 0.0199	 100.00	1397.86
    710	400806	     45	   10.0	   10.0	31297.8	 0.0199	 100.00	1397.89
    711	400806	     45	    8.0	    6.0	31253.9	 0.0199	 100.00	1397.81
    712	400806	     45	   12.0	   12.0	31210.0	 0.0199	 100.00	1397.85
    713	400806	     45	    6.0	   10.0	31166.3	 0.0198	 100.00	1397.78
    714	400806	     45	    8.0	    8.0	31122.8	 0.0198	 100.00	1397.81
    715	400806	     45	    8.0	    8.0	31079.3	 0.0198	 100.00	1397.72
    716	400806	     45	   12.0	   12.0	31036.0	 0.0198	 100.00	1397.75
    717	400806	     45	   14.0	   14.0	30992.8	 0.0197	 100.00	1397.69
    718	400806	     45	    8.0	    8.0	30949.7	 0.0197	 100.00	1397.71
    719	400806	     45	    6.0	    6.0	30906.7	 0.0197	 100.00	1397.64
    720	400806	     45	   10.0	   10.0	30863.9	 0.0197	 100.00	1397.68
    721	400806	     45	    8.0	   10.0	30821.1	 0.0196	 100.00	1397.58
    722	400806	     45	   12.0	   12.0	30778.5	 0.0196	 100.00	1397.62
    723	400806	     45	    6.0	   10.0	30736.0	 0.0196	 100.00	1397.56
    724	400806	     45	   10.0	   10.0	30693.6	 0.0195	 100.00	1397.59
    725	400806	     45	   10.0	    8.0	30651.4	 0.0195	 100.00	1397.52
    726	400806	     45	    8.0	    8.0	30609.2	 0.0195	 100.00	1397.55
    727	400806	     45	    6.0	    6.0	30567.2	 0.0195	 100.00	1397.47
    728	400806	     45	   14.0	   12.0	30525.3	 0.0195	 100.00	1397.50
    729	400806	     45	    6.0	   10.0	30483.5	 0.0195	 100.00	1397.43
    730	400806	     45	   12.0	   13.0	30441.8	 0.0194	 100.00	1397.46
    731	400806	     45	    6.0	    7.0	30400.2	 0.0194	 100.00	1397.39
    732	400806	     45	   10.0	   10.0	30358.7	 0.0194	 100.00	1397.43
    733	400806	     45	   10.0	   12.0	30317.4	 0.0194	 100.00	1397.34
    734	400806	     45	   10.0	   12.0	30276.2	 0.0194	 100.00	1397.37
    735	400806	     45	    8.0	    6.0	30235.0	 0.0194	 100.00	1397.30
    736	400806	     45	    8.0	    8.0	30194.0	 0.0194	 100.00	1397.34
    737	400806	     45	    6.0	   10.0	30153.1	 0.0194	 100.00	1397.28
    738	400806	     45	   20.0	   18.0	30112.3	 0.0196	 100.00	1397.31
    739	400806	     45	    8.0	   18.0	30071.7	 0.0196	 100.00	1397.23
    740	400806	     45	   12.0	   19.0	30031.1	 0.0196	 100.00	1397.26
    741	400806	     45	    6.0	   17.0	29990.7	 0.0195	 100.00	1397.19
    742	400806	     45	    8.0	    8.0	29950.3	 0.0195	 100.00	1397.23
    743	400806	     45	   12.0	    8.0	29910.1	 0.0195	 100.00	1397.16
    744	400806	     45	    8.0	    9.0	29869.9	 0.0195	 100.00	1397.19
    745	400806	     45	    8.0	    9.0	29829.9	 0.0195	 100.00	1397.10
    746	400806	     45	    8.0	    6.0	29790.0	 0.0195	 100.00	1397.14
    747	400806	     45	    6.0	    4.0	29750.2	 0.0195	 100.00	1397.07
    748	400806	     45	   18.0	   17.0	29710.5	 0.0195	 100.00	1397.11
    749	400806	     45	    6.0	   11.0	29670.9	 0.0195	 100.00	1397.05
    750	400806	     45	    8.0	    9.0	29631.4	 0.0195	 100.00	1397.07
    751	400806	     45	    8.0	    9.0	29592.0	 0.0194	 100.00	1396.98
    752	400806	     45	    8.0	   12.0	29552.7	 0.0194	 100.00	1397.03
    753	400806	     45	   12.0	   10.0	29513.5	 0.0194	 100.00	1396.98
    754	400806	     45	    8.0	    6.0	29474.4	 0.0194	 100.00	1396.49
    755	400806	     45	    6.0	   12.0	29435.5	 0.0193	 100.00	1395.86
