./asc:main.c:294: warning: auxv random bytes were not cleared
  Round	    PC	Excited	Hamming	   Loss	 Regret	    MSE	  Error	   MIPS
      0	400144	     46	42313.0	42313.0	42313.0	 0.1366	 100.00	  63.11
      1	400843	     46	 1217.0	43524.0	21762.0	 0.1193	 100.00	 211.29
      2	400843	     46	    9.0	43525.0	14508.3	 0.0796	 100.00	 348.07
      3	400843	     46	   11.0	43526.0	10881.5	 0.0597	 100.00	 449.29
      4	400843	     46	   10.0	43524.0	17410.0	 0.0565	 100.00	 533.34
      5	400843	     46	    7.0	43531.0	21763.5	 0.0577	 100.00	 603.56
      6	400843	     46	   13.0	43526.0	24872.4	 0.0623	 100.00	 662.75
      7	400843	     46	    9.0	43531.0	27204.8	 0.0545	 100.00	 713.74
      8	400843	     46	   11.0	43524.0	29018.0	 0.0485	 100.00	 758.00
      9	400843	     46	    6.0	43526.0	30468.8	 0.0437	 100.00	 796.93
     10	400843	     46	    8.0	43530.0	31656.2	 0.0458	 100.00	 830.61
     11	400843	     46	   12.0	43526.0	32645.3	 0.0438	 100.00	 861.28
     12	400843	     46	   13.0	43527.0	33482.4	 0.0439	 100.00	 889.58
     13	400843	     46	    8.0	43527.0	34199.9	 0.0407	 100.00	 914.30
     14	400843	     46	    8.0	43531.0	34821.9	 0.0398	 100.00	 935.74
     15	400843	     46	    6.0	43533.0	35366.4	 0.0383	 100.00	 955.97
     16	400843	     46	   13.0	43524.0	35846.2	 0.0439	 100.00	 974.12
     17	400843	     46	    9.0	43529.0	36273.1	 0.0415	 100.00	 991.06
     18	400843	     46	   11.0	43526.0	36654.8	 0.0416	 100.00	1006.25
     19	400843	     46	    7.0	43533.0	36998.7	 0.0396	 100.00	1020.85
     20	400843	     46	   10.0	43531.0	37309.8	 0.0394	 100.00	1033.32
     21	400843	     46	   17.0	43526.0	37592.3	 0.0394	 100.00	1045.73
     22	400843	     46	    9.0	43527.0	37850.3	 0.0377	 100.00	1058.47
     23	400843	     46	    7.0	43532.0	38087.1	 0.0362	 100.00	1069.51
     24	400843	     46	   11.0	43527.0	38304.7	 0.0347	 100.00	1079.24
     25	400843	     46	    6.0	43529.0	38505.6	 0.0334	 100.00	1088.69
     26	400843	     46	   14.0	43527.0	38691.6	 0.0329	 100.00	1097.03
     27	400843	     46	    6.0	43529.0	38864.4	 0.0317	 100.00	1105.34
     28	400843	     46	   11.0	43530.0	39025.2	 0.0311	 100.00	1112.96
     29	400843	     46	    8.0	43530.0	39175.4	 0.0301	 100.00	1120.57
     30	400843	     46	   10.0	43532.0	39315.9	 0.0298	 100.00	1127.21
     31	400843	     46	   12.0	43528.0	39447.6	 0.0304	 100.00	1133.82
     32	400843	     46	    9.0	43525.0	39571.1	 0.0312	 100.00	1139.60
     33	400843	     46	    7.0	43530.0	39687.6	 0.0303	 100.00	1145.62
     34	400843	     46	   11.0	43529.0	39797.3	 0.0299	 100.00	1151.01
     35	400843	     46	    9.0	43532.0	39901.1	 0.0291	 100.00	1156.43
     36	400843	     46	   14.0	43526.0	39999.0	 0.0306	 100.00	1161.33
     37	400843	     46	    7.0	43533.0	40092.0	 0.0298	 100.00	1166.35
     38	400843	     46	    9.0	43532.0	40180.2	 0.0290	 100.00	1170.49
     39	400843	     46	   11.0	43535.0	40264.1	 0.0283	 100.00	1175.06
     40	400843	     46	    9.0	43530.0	40343.8	 0.0278	 100.00	1179.13
     41	400843	     46	   16.0	43522.0	40419.4	 0.0288	 100.00	1183.35
     42	400843	     46	    8.0	43526.0	40491.7	 0.0286	 100.00	1187.05
     43	400843	     46	    6.0	43528.0	40560.7	 0.0279	 100.00	1190.88
     44	400843	     46	   15.0	43527.0	40626.6	 0.0274	 100.00	1194.04
     45	400843	     46	    6.0	43529.0	40689.7	 0.0268	 100.00	1197.40
     46	400843	     46	    8.0	43533.0	40750.2	 0.0264	 100.00	1200.40
     47	400843	     46	   10.0	43531.0	40808.1	 0.0262	 100.00	1203.58
     48	400843	     46	    9.0	43526.0	40863.6	 0.0257	 100.00	1206.31
     49	400843	     46	   11.0	43529.0	40916.9	 0.0254	 100.00	1209.18
     50	400843	     46	    9.0	43528.0	40968.1	 0.0249	 100.00	1211.48
     51	400843	     46	    7.0	43535.0	41017.5	 0.0260	 100.00	1214.18
     52	400843	     46	   16.0	43527.0	41064.8	 0.0265	 100.00	1216.53
     53	400843	     46	    9.0	43530.0	41110.5	 0.0260	 100.00	1219.02
     54	400843	     46	   11.0	43529.0	41154.4	 0.0256	 100.00	1221.23
     55	400843	     46	    7.0	43534.0	41196.9	 0.0251	 100.00	1223.52
     56	400843	     46	    9.0	43531.0	41237.9	 0.0247	 100.00	1225.48
     57	400843	     46	   10.0	43529.0	41277.4	 0.0243	 100.00	1227.73
     58	400843	     46	   10.0	43531.0	41315.6	 0.0245	 100.00	1229.67
     59	400843	     46	    8.0	43531.0	41352.5	 0.0241	 100.00	1231.75
     60	400843	     46	   11.0	43532.0	41388.2	 0.0244	 100.00	1233.56
     61	400843	     46	    6.0	43534.0	41422.8	 0.0241	 100.00	1235.69
     62	400843	     46	   18.0	43528.0	41456.3	 0.0247	 100.00	1237.15
     63	400843	     46	    6.0	43530.0	41488.7	 0.0243	 100.00	1238.87
     64	400843	     46	   11.0	43525.0	41520.0	 0.0253	 100.00	1240.65
     65	400843	     46	    7.0	43530.0	41550.4	 0.0249	 100.00	1242.27
     66	400843	     46	    9.0	43531.0	41580.0	 0.0246	 100.00	1243.95
     67	400843	     46	   13.0	43530.0	41608.7	 0.0243	 100.00	1245.36
     68	400843	     46	   10.0	43528.0	41636.5	 0.0244	 100.00	1246.79
     69	400843	     46	    7.0	43535.0	41663.6	 0.0247	 100.00	1248.29
     70	400843	     46	   11.0	43532.0	41689.9	 0.0246	 100.00	1249.80
     71	400843	     46	    9.0	43537.0	41715.6	 0.0243	 100.00	1251.17
     72	400843	     46	   15.0	43526.0	41740.4	 0.0245	 100.00	1252.60
     73	400843	     46	    6.0	43528.0	41764.5	 0.0243	 100.00	1253.68
     74	400843	     46	    8.0	43532.0	41788.1	 0.0240	 100.00	1255.07
     75	400843	     46	    8.0	43532.0	41811.1	 0.0237	 100.00	1256.33
     76	400843	     46	   13.0	43533.0	41833.4	 0.0234	 100.00	1257.62
     77	400843	     46	   10.0	43531.0	41855.2	 0.0231	 100.00	1258.76
     78	400843	     46	    8.0	43535.0	41876.4	 0.0228	 100.00	1260.03
     79	400843	     46	    6.0	43537.0	41897.2	 0.0226	 100.00	1260.99
     80	400843	     46	   11.0	43530.0	41917.4	 0.0228	 100.00	1262.19
     81	400843	     46	    9.0	43535.0	41937.1	 0.0225	 100.00	1263.34
     82	400843	     46	   21.0	43522.0	41956.2	 0.0237	 100.00	1264.50
     83	400843	     46	    7.0	43529.0	41974.9	 0.0234	 100.00	1265.43
     84	400843	     46	   10.0	43527.0	41993.2	 0.0232	 100.00	1266.43
     85	400843	     46	   11.0	43528.0	42011.0	 0.0229	 100.00	1267.31
     86	400843	     46	    9.0	43529.0	42028.5	 0.0227	 100.00	1268.37
     87	400843	     46	    7.0	43534.0	42045.6	 0.0228	 100.00	1269.25
     88	400843	     46	   13.0	43527.0	42062.2	 0.0229	 100.00	1270.31
     89	400843	     46	    6.0	43529.0	42078.5	 0.0227	 100.00	1271.20
     90	400843	     46	   12.0	43529.0	42094.5	 0.0227	 100.00	1272.18
     91	400843	     46	    6.0	43531.0	42110.1	 0.0224	 100.00	1272.96
     92	400843	     46	   11.0	43532.0	42125.4	 0.0232	 100.00	1273.87
     93	400843	     46	   12.0	43528.0	42140.3	 0.0236	 100.00	1274.60
     94	400843	     46	   10.0	43530.0	42154.9	 0.0235	 100.00	1275.52
     95	400843	     46	    8.0	43530.0	42169.2	 0.0237	 100.00	1276.15
     96	400843	     46	    9.0	43527.0	42183.2	 0.0242	 100.00	1277.06
     97	400843	     46	    7.0	43532.0	42197.0	 0.0240	 100.00	1277.74
     98	400843	     46	   13.0	43529.0	42210.4	 0.0240	 100.00	1278.60
     99	400843	     46	    9.0	43532.0	42223.7	 0.0238	 100.00	1279.33
    100	400843	     46	   12.0	43528.0	42236.6	 0.0237	 100.00	1280.14
    101	400843	     46	    7.0	43535.0	42249.3	 0.0235	 100.00	1280.85
    102	400843	     46	    9.0	43534.0	42261.8	 0.0235	 100.00	1281.62
    103	400843	     46	   17.0	43531.0	42274.0	 0.0236	 100.00	1282.25
    104	400843	     46	    9.0	43526.0	42285.9	 0.0236	 100.00	1283.01
    105	400843	     46	    8.0	43526.0	42297.6	 0.0234	 100.00	1283.71
    106	400843	     46	    8.0	43530.0	42309.1	 0.0231	 100.00	1284.45
    107	400843	     46	    6.0	43532.0	42320.4	 0.0229	 100.00	1285.10
    108	400843	     46	   17.0	43529.0	42331.5	 0.0229	 100.00	1285.84
    109	400843	     46	    6.0	43531.0	42342.4	 0.0227	 100.00	1286.39
    110	400843	     46	    8.0	43535.0	42353.2	 0.0225	 100.00	1287.12
    111	400843	     46	    8.0	43535.0	42363.7	 0.0223	 100.00	1287.76
    112	400843	     46	    9.0	43530.0	42374.1	 0.0222	 100.00	1288.42
    113	400843	     46	   15.0	43529.0	42384.2	 0.0221	 100.00	1289.02
    114	400843	     46	    9.0	43528.0	42394.1	 0.0223	 100.00	1289.67
    115	400843	     46	    7.0	43535.0	42404.0	 0.0221	 100.00	1290.17
    116	400843	     46	   12.0	43531.0	42413.6	 0.0221	 100.00	1290.79
    117	400843	     46	    9.0	43534.0	42423.1	 0.0219	 100.00	1291.34
    118	400843	     46	   13.0	43531.0	42432.4	 0.0223	 100.00	1292.03
    119	400843	     46	    7.0	43536.0	42441.6	 0.0222	 100.00	1292.52
    120	400843	     46	    9.0	43533.0	42450.6	 0.0221	 100.00	1293.19
    121	400843	     46	    8.0	43533.0	42459.5	 0.0219	 100.00	1293.56
    122	400843	     46	   10.0	43535.0	42468.2	 0.0219	 100.00	1294.07
    123	400843	     46	   16.0	43527.0	42476.8	 0.0224	 100.00	1294.65
    124	400843	     46	   11.0	43528.0	42485.2	 0.0228	 100.00	1295.15
    125	400843	     46	    6.0	43530.0	42493.5	 0.0226	 100.00	1295.72
    126	400843	     46	   12.0	43530.0	42501.6	 0.0226	 100.00	1296.13
    127	400843	     46	    6.0	43532.0	42509.7	 0.0224	 100.00	1296.69
    128	400843	     46	   13.0	43525.0	42517.6	 0.0233	 100.00	1297.13
    129	400843	     46	    7.0	43530.0	42525.3	 0.0232	 100.00	1297.67
    130	400843	     46	    9.0	43531.0	42533.0	 0.0232	 100.00	1298.13
    131	400843	     46	   11.0	43532.0	42540.6	 0.0231	 100.00	1298.65
    132	400843	     46	   10.0	43530.0	42548.0	 0.0235	 100.00	1299.03
    133	400843	     46	    7.0	43537.0	42555.4	 0.0239	 100.00	1299.52
    134	400843	     46	   15.0	43530.0	42562.6	 0.0245	 100.00	1299.89
    135	400843	     46	    9.0	43535.0	42569.8	 0.0244	 100.00	1300.40
    136	400843	     46	   11.0	43528.0	42576.8	 0.0242	 100.00	1300.73
    137	400843	     46	    6.0	43530.0	42583.7	 0.0240	 100.00	1301.18
    138	400843	     46	    8.0	43534.0	42590.5	 0.0239	 100.00	1301.48
    139	400843	     46	   10.0	43532.0	42597.2	 0.0238	 100.00	1301.95
    140	400843	     46	   13.0	43533.0	42603.9	 0.0242	 100.00	1302.27
    141	400843	     46	    8.0	43533.0	42610.4	 0.0242	 100.00	1302.73
    142	400843	     46	    8.0	43537.0	42616.9	 0.0240	 100.00	1303.11
    143	400843	     46	    6.0	43539.0	42623.3	 0.0239	 100.00	1303.54
    144	400843	     46	   17.0	43526.0	42629.5	 0.0242	 100.00	1303.95
    145	400843	     46	    9.0	43531.0	42635.7	 0.0242	 100.00	1304.36
    146	400843	     46	   11.0	43528.0	42641.8	 0.0242	 100.00	1304.63
    147	400843	     46	    7.0	43535.0	42647.8	 0.0241	 100.00	1305.07
    148	400843	     46	   10.0	43533.0	42653.8	 0.0241	 100.00	1305.38
    149	400843	     46	   13.0	43532.0	42659.6	 0.0241	 100.00	1305.80
    150	400843	     46	    9.0	43533.0	42665.4	 0.0241	 100.00	1306.05
    151	400843	     46	    7.0	43538.0	42671.1	 0.0241	 100.00	1306.48
    152	400843	     46	   11.0	43533.0	42676.8	 0.0242	 100.00	1306.79
    153	400843	     46	    6.0	43535.0	42682.3	 0.0242	 100.00	1307.13
    154	400843	     46	   16.0	43531.0	42687.8	 0.0244	 100.00	1307.44
    155	400843	     46	    6.0	43533.0	42693.2	 0.0243	 100.00	1307.82
    156	400843	     46	   11.0	43534.0	42698.6	 0.0248	 100.00	1308.07
    157	400843	     46	    8.0	43534.0	42703.9	 0.0249	 100.00	1308.44
    158	400843	     46	   10.0	43536.0	42709.1	 0.0250	 100.00	1308.75
    159	400843	     46	   10.0	43534.0	42714.3	 0.0248	 100.00	1309.14
    160	400843	     46	    9.0	43531.0	42719.3	 0.0251	 100.00	1309.41
    161	400843	     46	    7.0	43536.0	42724.4	 0.0249	 100.00	1309.77
    162	400843	     46	   11.0	43535.0	42729.3	 0.0249	 100.00	1309.96
    163	400843	     46	    9.0	43538.0	42734.3	 0.0251	 100.00	1310.31
    164	400843	     46	   24.0	43522.0	42739.1	 0.0267	 100.00	1310.58
    165	400843	     46	    7.0	43529.0	42743.8	 0.0267	 100.00	1310.92
    166	400843	     46	    9.0	43528.0	42748.5	 0.0266	 100.00	1311.17
    167	400843	     46	   11.0	43531.0	42753.2	 0.0265	 100.00	1311.51
    168	400843	     46	    9.0	43526.0	42757.7	 0.0264	 100.00	1311.80
    169	400843	     46	   10.0	43524.0	42762.2	 0.0262	 100.00	1312.13
    170	400843	     46	    8.0	43528.0	42766.7	 0.0262	 100.00	1312.33
    171	400843	     46	    6.0	43530.0	42771.2	 0.0261	 100.00	1312.66
    172	400843	     46	   15.0	43529.0	42775.5	 0.0260	 100.00	1312.88
    173	400843	     46	    6.0	43531.0	42779.9	 0.0260	 100.00	1313.18
    174	400843	     46	    8.0	43535.0	42784.2	 0.0262	 100.00	1313.45
    175	400843	     46	   12.0	43531.0	42788.4	 0.0263	 100.00	1313.75
    176	400843	     46	    9.0	43526.0	42792.6	 0.0263	 100.00	1313.93
    177	400843	     46	   11.0	43529.0	42796.7	 0.0263	 100.00	1314.23
    178	400843	     46	    9.0	43528.0	42800.8	 0.0263	 100.00	1314.41
    179	400843	     46	    7.0	43535.0	42804.9	 0.0263	 100.00	1314.72
    180	400843	     46	   14.0	43529.0	42808.9	 0.0263	 100.00	1314.88
    181	400843	     46	    9.0	43532.0	42812.9	 0.0262	 100.00	1315.18
    182	400843	     46	   11.0	43531.0	42816.8	 0.0261	 100.00	1315.40
    183	400843	     46	    7.0	43536.0	42820.7	 0.0260	 100.00	1315.67
    184	400843	     46	    9.0	43533.0	42824.6	 0.0260	 100.00	1315.86
    185	400843	     46	   14.0	43527.0	42828.3	 0.0262	 100.00	1316.21
    186	400843	     46	   10.0	43529.0	42832.1	 0.0260	 100.00	1316.29
    187	400843	     46	    8.0	43529.0	42835.8	 0.0260	 100.00	1316.51
    188	400843	     46	   11.0	43530.0	42839.5	 0.0260	 100.00	1316.77
    189	400843	     46	    6.0	43532.0	42843.1	 0.0259	 100.00	1316.98
    190	400843	     46	   14.0	43530.0	42846.7	 0.0258	 100.00	1317.22
    191	400843	     46	    6.0	43532.0	42850.3	 0.0258	 100.00	1317.39
    192	400843	     46	   11.0	43527.0	42853.8	 0.0261	 100.00	1317.62
    193	400843	     46	    7.0	43532.0	42857.3	 0.0260	 100.00	1317.81
    194	400843	     46	    9.0	43533.0	42860.7	 0.0258	 100.00	1318.04
    195	400843	     46	   15.0	43530.0	42864.2	 0.0258	 100.00	1318.24
    196	400843	     46	   10.0	43528.0	42867.5	 0.0258	 100.00	1318.47
    197	400843	     46	    7.0	43535.0	42870.9	 0.0258	 100.00	1318.62
    198	400843	     46	   11.0	43532.0	42874.2	 0.0256	 100.00	1318.83
    199	400843	     46	    9.0	43537.0	42877.5	 0.0255	 100.00	1318.97
    200	400843	     46	   13.0	43528.0	42880.8	 0.0258	 100.00	1319.21
    201	400843	     46	    6.0	43530.0	42884.0	 0.0257	 100.00	1319.37
    202	400843	     46	    8.0	43534.0	42887.2	 0.0260	 100.00	1319.58
    203	400843	     46	    8.0	43534.0	42890.4	 0.0259	 100.00	1319.68
    204	400843	     46	   13.0	43535.0	42893.5	 0.0258	 100.00	1319.90
    205	400843	     46	   16.0	43527.0	42896.6	 0.0265	 100.00	1320.12
    206	400843	     46	    8.0	43531.0	42899.6	 0.0265	 100.00	1320.35
    207	400843	     46	    6.0	43533.0	42902.7	 0.0263	 100.00	1320.56
    208	400843	     46	   11.0	43526.0	42905.7	 0.0267	 100.00	1320.78
    209	400843	     46	    9.0	43531.0	42908.7	 0.0266	 100.00	1320.90
    210	400843	     46	   13.0	43526.0	42911.6	 0.0266	 100.00	1321.12
    211	400843	     46	    7.0	43533.0	42914.5	 0.0265	 100.00	1321.29
    212	400843	     46	   10.0	43531.0	42917.4	 0.0266	 100.00	1321.51
    213	400843	     46	   11.0	43532.0	42920.3	 0.0266	 100.00	1321.67
    214	400843	     46	    9.0	43533.0	42923.1	 0.0268	 100.00	1321.87
    215	400843	     46	    7.0	43538.0	42926.0	 0.0269	 100.00	1321.99
    216	400843	     46	   15.0	43529.0	42928.8	 0.0272	 100.00	1322.18
    217	400843	     46	    6.0	43531.0	42931.5	 0.0270	 100.00	1322.35
    218	400843	     46	   12.0	43531.0	42934.3	 0.0269	 100.00	1322.54
    219	400843	     46	    6.0	43533.0	42937.0	 0.0268	 100.00	1322.70
    220	400843	     46	   11.0	43534.0	42939.7	 0.0269	 100.00	1322.88
    221	400843	     46	   10.0	43532.0	42942.3	 0.0268	 100.00	1322.99
    222	400843	     46	   10.0	43534.0	42945.0	 0.0269	 100.00	1323.18
    223	400843	     46	    8.0	43534.0	42947.6	 0.0268	 100.00	1323.32
    224	400843	     46	    9.0	43531.0	42950.2	 0.0272	 100.00	1323.52
    225	400843	     46	    7.0	43536.0	42952.8	 0.0271	 100.00	1323.67
    226	400843	     46	   17.0	43529.0	42955.3	 0.0272	 100.00	1323.86
    227	400843	     46	    9.0	43532.0	42957.9	 0.0271	 100.00	1323.96
    228	400843	     46	   12.0	43528.0	42960.4	 0.0270	 100.00	1324.14
    229	400843	     46	    7.0	43535.0	42962.9	 0.0269	 100.00	1324.28
    230	400843	     46	    9.0	43534.0	42965.3	 0.0269	 100.00	1324.46
    231	400843	     46	   13.0	43535.0	42967.8	 0.0267	 100.00	1324.61
    232	400843	     46	    9.0	43530.0	42970.2	 0.0270	 100.00	1324.79
    233	400843	     46	    8.0	43530.0	42972.6	 0.0269	 100.00	1324.89
    234	400843	     46	    8.0	43534.0	42975.0	 0.0270	 100.00	1325.08
    235	400843	     46	    6.0	43536.0	42977.4	 0.0269	 100.00	1325.22
    236	400843	     46	   19.0	43531.0	42979.7	 0.0268	 100.00	1325.40
    237	400843	     46	    6.0	43533.0	42982.0	 0.0267	 100.00	1325.56
    238	400843	     46	    8.0	43537.0	42984.3	 0.0268	 100.00	1325.74
    239	400843	     46	    8.0	43537.0	42986.7	 0.0267	 100.00	1325.84
    240	400843	     46	    9.0	43532.0	42988.9	 0.0267	 100.00	1326.00
    241	400843	     46	   13.0	43533.0	42991.2	 0.0272	 100.00	1326.12
    242	400843	     46	    9.0	43532.0	42993.4	 0.0271	 100.00	1326.28
    243	400843	     46	    7.0	43539.0	42995.6	 0.0270	 100.00	1326.44
    244	400843	     46	   12.0	43535.0	42997.8	 0.0270	 100.00	1326.60
    245	400843	     46	    9.0	43538.0	43000.0	 0.0270	 100.00	1326.68
    246	400843	     46	   21.0	43527.0	43002.2	 0.0275	 100.00	1326.89
    247	400843	     46	    7.0	43532.0	43004.3	 0.0274	 100.00	1326.99
    248	400843	     46	    9.0	43529.0	43006.4	 0.0273	 100.00	1327.18
    249	400843	     46	    8.0	43529.0	43008.5	 0.0272	 100.00	1327.26
    250	400843	     46	   10.0	43531.0	43010.6	 0.0271	 100.00	1327.36
    251	400843	     46	   10.0	43529.0	43012.6	 0.0271	 100.00	1327.54
    252	400843	     46	   11.0	43530.0	43014.7	 0.0270	 100.00	1327.66
    253	400843	     46	    6.0	43532.0	43016.7	 0.0269	 100.00	1327.82
    254	400843	     46	   12.0	43532.0	43018.7	 0.0272	 100.00	1327.93
    255	400843	     46	    6.0	43534.0	43020.7	 0.0271	 100.00	1328.08
    256	400843	     46	   15.0	43525.0	43022.7	 0.0277	 100.00	1328.17
    257	400843	     46	    7.0	43530.0	43024.7	 0.0276	 100.00	1328.31
    258	400843	     46	    9.0	43531.0	43026.6	 0.0276	 100.00	1328.42
    259	400843	     46	   11.0	43532.0	43028.6	 0.0275	 100.00	1328.57
    260	400843	     46	   10.0	43530.0	43030.5	 0.0274	 100.00	1328.69
    261	400843	     46	    7.0	43537.0	43032.4	 0.0276	 100.00	1328.84
    262	400843	     46	   13.0	43532.0	43034.3	 0.0276	 100.00	1328.97
    263	400843	     46	    9.0	43537.0	43036.2	 0.0275	 100.00	1329.08
    264	400843	     46	   11.0	43530.0	43038.1	 0.0275	 100.00	1329.16
    265	400843	     46	    6.0	43532.0	43039.9	 0.0274	 100.00	1329.32
    266	400843	     46	    8.0	43536.0	43041.8	 0.0274	 100.00	1329.40
    267	400843	     46	   14.0	43530.0	43043.6	 0.0275	 100.00	1329.54
    268	400843	     46	   13.0	43531.0	43045.4	 0.0276	 100.00	1329.57
    269	400843	     46	    8.0	43531.0	43047.2	 0.0275	 100.00	1329.72
    270	400843	     46	    8.0	43535.0	43049.0	 0.0275	 100.00	1329.78
    271	400843	     46	    6.0	43537.0	43050.8	 0.0274	 100.00	1329.92
    272	400843	     46	   13.0	43528.0	43052.6	 0.0275	 100.00	1330.06
    273	400843	     46	    9.0	43533.0	43054.3	 0.0275	 100.00	1330.20
    274	400843	     46	   11.0	43530.0	43056.1	 0.0275	 100.00	1330.26
    275	400843	     46	    7.0	43537.0	43057.8	 0.0274	 100.00	1330.40
    276	400843	     46	   10.0	43535.0	43059.5	 0.0273	 100.00	1330.48
    277	400843	     46	   15.0	43532.0	43061.2	 0.0275	 100.00	1330.61
    278	400843	     46	    9.0	43533.0	43062.9	 0.0274	 100.00	1330.71
    279	400843	     46	    7.0	43538.0	43064.6	 0.0273	 100.00	1330.89
    280	400843	     46	   11.0	43533.0	43066.3	 0.0273	 100.00	1331.00
    281	400843	     46	    6.0	43535.0	43067.9	 0.0272	 100.00	1331.17
    282	400843	     46	   14.0	43533.0	43069.6	 0.0271	 100.00	1331.30
    283	400843	     46	    6.0	43535.0	43071.2	 0.0270	 100.00	1331.48
    284	400843	     46	   11.0	43536.0	43072.9	 0.0272	 100.00	1331.61
    285	400843	     46	    8.0	43536.0	43074.5	 0.0271	 100.00	1331.78
    286	400843	     46	   10.0	43538.0	43076.1	 0.0271	 100.00	1331.84
    287	400843	     46	   16.0	43530.0	43077.7	 0.0276	 100.00	1331.97
    288	400843	     46	    9.0	43527.0	43079.2	 0.0278	 100.00	1332.06
    289	400843	     46	    7.0	43532.0	43080.8	 0.0278	 100.00	1332.19
    290	400843	     46	   11.0	43531.0	43082.3	 0.0279	 100.00	1332.27
    291	400843	     46	    9.0	43534.0	43083.9	 0.0278	 100.00	1332.41
    292	400843	     46	   14.0	43528.0	43085.4	 0.0279	 100.00	1332.46
    293	400843	     46	    7.0	43535.0	43086.9	 0.0278	 100.00	1332.59
    294	400843	     46	    9.0	43534.0	43088.4	 0.0278	 100.00	1332.67
    295	400843	     46	   11.0	43537.0	43090.0	 0.0278	 100.00	1332.79
    296	400843	     46	    9.0	43532.0	43091.4	 0.0277	 100.00	1332.90
    297	400843	     46	   12.0	43528.0	43092.9	 0.0277	 100.00	1333.00
    298	400843	     46	    8.0	43532.0	43094.4	 0.0277	 100.00	1333.04
    299	400843	     46	    6.0	43534.0	43095.8	 0.0277	 100.00	1333.15
    300	400843	     46	   15.0	43533.0	43097.3	 0.0276	 100.00	1333.23
    301	400843	     46	    6.0	43535.0	43098.7	 0.0275	 100.00	1333.37
    302	400843	     46	    8.0	43539.0	43100.2	 0.0275	 100.00	1333.45
    303	400843	     46	   10.0	43537.0	43101.6	 0.0274	 100.00	1333.59
    304	400843	     46	    9.0	43532.0	43103.0	 0.0274	 100.00	1333.63
    305	400843	     46	   11.0	43535.0	43104.5	 0.0275	 100.00	1333.75
    306	400843	     46	    9.0	43534.0	43105.9	 0.0275	 100.00	1333.83
    307	400843	     46	    7.0	43541.0	43107.3	 0.0276	 100.00	1333.96
    308	400843	     46	   18.0	43531.0	43108.6	 0.0279	 100.00	1334.04
    309	400843	     46	    9.0	43534.0	43110.0	 0.0279	 100.00	1334.16
    310	400843	     46	   11.0	43533.0	43111.4	 0.0278	 100.00	1334.21
    311	400843	     46	    7.0	43538.0	43112.7	 0.0278	 100.00	1334.34
    312	400843	     46	    9.0	43535.0	43114.1	 0.0278	 100.00	1334.41
    313	400843	     46	   10.0	43533.0	43115.4	 0.0278	 100.00	1334.55
    314	400843	     46	   10.0	43535.0	43116.8	 0.0279	 100.00	1334.62
    315	400843	     46	    8.0	43535.0	43118.1	 0.0278	 100.00	1334.74
    316	400843	     46	   11.0	43536.0	43119.4	 0.0277	 100.00	1334.79
    317	400843	     46	    6.0	43538.0	43120.7	 0.0276	 100.00	1334.90
    318	400843	     46	   16.0	43534.0	43122.0	 0.0279	 100.00	1334.98
    319	400843	     46	    6.0	43536.0	43123.3	 0.0278	 100.00	1335.10
    320	400843	     46	   11.0	43531.0	43124.6	 0.0279	 100.00	1335.18
    321	400843	     46	    7.0	43536.0	43125.8	 0.0278	 100.00	1335.33
    322	400843	     46	    9.0	43537.0	43127.1	 0.0279	 100.00	1335.34
    323	400843	     46	   13.0	43536.0	43128.4	 0.0279	 100.00	1335.47
    324	400843	     46	   10.0	43534.0	43129.6	 0.0279	 100.00	1335.51
    325	400843	     46	    7.0	43541.0	43130.9	 0.0278	 100.00	1335.59
    326	400843	     46	   11.0	43538.0	43132.1	 0.0279	 100.00	1335.68
    327	400843	     46	    9.0	43543.0	43133.4	 0.0279	 100.00	1335.74
    328	400843	     46	   25.0	43522.0	43134.6	 0.0283	 100.00	1335.83
    329	400843	     46	    6.0	43524.0	43135.8	 0.0282	 100.00	1335.91
    330	400843	     46	    8.0	43528.0	43136.9	 0.0281	 100.00	1336.00
    331	400843	     46	    8.0	43528.0	43138.1	 0.0282	 100.00	1336.08
    332	400843	     46	   13.0	43529.0	43139.3	 0.0281	 100.00	1336.17
    333	400843	     46	   10.0	43527.0	43140.4	 0.0281	 100.00	1336.22
    334	400843	     46	    8.0	43531.0	43141.6	 0.0281	 100.00	1336.31
    335	400843	     46	    6.0	43533.0	43142.8	 0.0280	 100.00	1336.38
    336	400843	     46	   11.0	43526.0	43143.9	 0.0281	 100.00	1336.48
    337	400843	     46	    9.0	43531.0	43145.1	 0.0281	 100.00	1336.56
    338	400843	     46	   15.0	43524.0	43146.2	 0.0281	 100.00	1336.65
    339	400843	     46	    7.0	43531.0	43147.3	 0.0280	 100.00	1336.68
    340	400843	     46	   10.0	43529.0	43148.4	 0.0281	 100.00	1336.74
    341	400843	     46	   11.0	43530.0	43149.5	 0.0280	 100.00	1336.79
    342	400843	     46	    9.0	43531.0	43150.7	 0.0281	 100.00	1336.87
    343	400843	     46	    7.0	43536.0	43151.8	 0.0280	 100.00	1336.91
    344	400843	     46	   13.0	43529.0	43152.9	 0.0281	 100.00	1337.00
    345	400843	     46	    6.0	43531.0	43154.0	 0.0280	 100.00	1337.00
    346	400843	     46	   12.0	43531.0	43155.1	 0.0280	 100.00	1337.09
    347	400843	     46	    6.0	43533.0	43156.1	 0.0279	 100.00	1337.19
    348	400843	     46	   11.0	43534.0	43157.2	 0.0279	 100.00	1337.28
    349	400843	     46	   14.0	43528.0	43158.3	 0.0279	 100.00	1337.32
    350	400843	     46	   10.0	43530.0	43159.3	 0.0279	 100.00	1337.40
    351	400843	     46	    8.0	43530.0	43160.4	 0.0278	 100.00	1337.42
    352	400843	     46	    9.0	43527.0	43161.4	 0.0278	 100.00	1337.50
    353	400843	     46	    7.0	43532.0	43162.5	 0.0277	 100.00	1337.56
    354	400843	     46	   13.0	43529.0	43163.5	 0.0278	 100.00	1337.63
    355	400843	     46	    9.0	43532.0	43164.5	 0.0278	 100.00	1337.68
    356	400843	     46	   12.0	43528.0	43165.6	 0.0277	 100.00	1337.76
    357	400843	     46	    7.0	43535.0	43166.6	 0.0276	 100.00	1337.79
    358	400843	     46	    9.0	43534.0	43167.6	 0.0276	 100.00	1337.87
    359	400843	     46	   15.0	43533.0	43168.6	 0.0278	 100.00	1337.92
    360	400843	     46	    9.0	43528.0	43169.6	 0.0278	 100.00	1338.00
    361	400843	     46	    8.0	43528.0	43170.6	 0.0277	 100.00	1338.04
    362	400843	     46	    8.0	43532.0	43171.6	 0.0277	 100.00	1338.13
    363	400843	     46	    6.0	43534.0	43172.6	 0.0276	 100.00	1338.15
    364	400843	     46	   17.0	43531.0	43173.6	 0.0276	 100.00	1338.22
    365	400843	     46	    6.0	43533.0	43174.6	 0.0275	 100.00	1338.28
    366	400843	     46	    8.0	43537.0	43175.6	 0.0275	 100.00	1338.36
    367	400843	     46	    8.0	43537.0	43176.5	 0.0275	 100.00	1338.40
    368	400843	     46	    9.0	43532.0	43177.5	 0.0276	 100.00	1338.47
    369	400843	     46	   19.0	43527.0	43178.5	 0.0281	 100.00	1338.49
    370	400843	     46	    9.0	43526.0	43179.4	 0.0281	 100.00	1338.56
    371	400843	     46	    7.0	43533.0	43180.3	 0.0280	 100.00	1338.62
    372	400843	     46	   12.0	43529.0	43181.3	 0.0281	 100.00	1338.70
    373	400843	     46	    9.0	43532.0	43182.2	 0.0280	 100.00	1338.75
    374	400843	     46	   13.0	43529.0	43183.1	 0.0280	 100.00	1338.82
    375	400843	     46	    7.0	43534.0	43184.1	 0.0279	 100.00	1338.85
    376	400843	     46	    9.0	43531.0	43185.0	 0.0279	 100.00	1338.93
    377	400843	     46	    8.0	43531.0	43185.9	 0.0278	 100.00	1338.98
    378	400843	     46	   10.0	43533.0	43186.8	 0.0277	 100.00	1339.07
    379	400843	     46	   12.0	43529.0	43187.7	 0.0277	 100.00	1339.12
    380	400843	     46	   11.0	43530.0	43188.6	 0.0277	 100.00	1339.20
    381	400843	     46	    6.0	43532.0	43189.5	 0.0276	 100.00	1339.28
    382	400843	     46	   12.0	43532.0	43190.4	 0.0276	 100.00	1339.35
    383	400843	     46	    6.0	43534.0	43191.3	 0.0275	 100.00	1339.39
    384	400843	     46	   13.0	43527.0	43192.2	 0.0276	 100.00	1339.47
    385	400843	     46	    7.0	43532.0	43193.1	 0.0275	 100.00	1339.52
    386	400843	     46	    9.0	43533.0	43193.9	 0.0275	 100.00	1339.60
    387	400843	     46	   11.0	43534.0	43194.8	 0.0274	 100.00	1339.63
    388	400843	     46	   10.0	43532.0	43195.7	 0.0274	 100.00	1339.73
    389	400843	     46	    7.0	43539.0	43196.6	 0.0274	 100.00	1339.76
    390	400843	     46	   17.0	43530.0	43197.4	 0.0276	 100.00	1339.81
    391	400843	     46	    9.0	43535.0	43198.3	 0.0275	 100.00	1339.88
    392	400843	     46	   11.0	43528.0	43199.1	 0.0274	 100.00	1339.91
    393	400843	     46	    6.0	43530.0	43200.0	 0.0274	 100.00	1339.98
    394	400843	     46	    8.0	43534.0	43200.8	 0.0273	 100.00	1340.03
    395	400843	     46	   10.0	43532.0	43201.6	 0.0273	 100.00	1340.11
    396	400843	     46	   13.0	43533.0	43202.5	 0.0272	 100.00	1340.15
    397	400843	     46	    8.0	43533.0	43203.3	 0.0272	 100.00	1340.22
    398	400843	     46	    8.0	43537.0	43204.1	 0.0272	 100.00	1340.23
    399	400843	     46	    6.0	43539.0	43205.0	 0.0272	 100.00	1340.30
    400	400843	     46	   15.0	43528.0	43205.8	 0.0272	 100.00	1340.35
    401	400843	     46	    9.0	43533.0	43206.6	 0.0272	 100.00	1340.43
    402	400843	     46	   11.0	43530.0	43207.4	 0.0272	 100.00	1340.47
    403	400843	     46	    7.0	43537.0	43208.2	 0.0271	 100.00	1340.54
    404	400843	     46	   10.0	43535.0	43209.0	 0.0270	 100.00	1340.54
    405	400843	     46	   13.0	43534.0	43209.8	 0.0271	 100.00	1340.61
    406	400843	     46	    9.0	43535.0	43210.6	 0.0270	 100.00	1340.64
    407	400843	     46	    7.0	43540.0	43211.4	 0.0270	 100.00	1340.70
    408	400843	     46	   11.0	43535.0	43212.2	 0.0270	 100.00	1340.73
    409	400843	     46	    6.0	43537.0	43213.0	 0.0269	 100.00	1340.81
    410	400843	     46	   22.0	43527.0	43213.8	 0.0272	 100.00	1340.81
    411	400843	     46	    6.0	43529.0	43214.5	 0.0272	 100.00	1340.89
    412	400843	     46	   11.0	43530.0	43215.3	 0.0272	 100.00	1340.95
    413	400843	     46	    8.0	43530.0	43216.1	 0.0271	 100.00	1341.02
    414	400843	     46	   10.0	43532.0	43216.8	 0.0271	 100.00	1341.08
    415	400843	     46	   10.0	43530.0	43217.6	 0.0271	 100.00	1341.15
    416	400843	     46	    9.0	43527.0	43218.3	 0.0270	 100.00	1341.15
    417	400843	     46	    7.0	43532.0	43219.1	 0.0269	 100.00	1341.21
    418	400843	     46	   11.0	43531.0	43219.8	 0.0269	 100.00	1341.26
    419	400843	     46	    9.0	43534.0	43220.6	 0.0268	 100.00	1341.37
    420	400843	     46	   16.0	43526.0	43221.3	 0.0268	 100.00	1341.41
    421	400843	     46	    7.0	43533.0	43222.0	 0.0268	 100.00	1341.53
    422	400843	     46	    9.0	43532.0	43222.8	 0.0267	 100.00	1341.57
    423	400843	     46	   11.0	43535.0	43223.5	 0.0267	 100.00	1341.63
    424	400843	     46	    9.0	43530.0	43224.2	 0.0266	 100.00	1341.67
    425	400843	     46	   10.0	43528.0	43224.9	 0.0266	 100.00	1341.74
    426	400843	     46	    8.0	43532.0	43225.6	 0.0265	 100.00	1341.79
    427	400843	     46	    6.0	43534.0	43226.4	 0.0265	 100.00	1341.91
    428	400843	     46	   15.0	43533.0	43227.1	 0.0264	 100.00	1341.95
    429	400843	     46	    6.0	43535.0	43227.8	 0.0264	 100.00	1342.07
    430	400843	     46	    8.0	43539.0	43228.5	 0.0263	 100.00	1342.13
    431	400843	     46	   14.0	43533.0	43229.2	 0.0263	 100.00	1342.23
    432	400843	     46	    9.0	43528.0	43229.9	 0.0262	 100.00	1342.27
    433	400843	     46	   11.0	43531.0	43230.6	 0.0262	 100.00	1342.37
    434	400843	     46	    9.0	43530.0	43231.3	 0.0261	 100.00	1342.42
    435	400843	     46	    7.0	43537.0	43232.0	 0.0262	 100.00	1342.53
    436	400843	     46	   14.0	43531.0	43232.7	 0.0262	 100.00	1342.61
    437	400843	     46	    9.0	43534.0	43233.4	 0.0261	 100.00	1342.71
    438	400843	     46	   11.0	43533.0	43234.1	 0.0261	 100.00	1342.79
    439	400843	     46	    7.0	43538.0	43234.7	 0.0261	 100.00	1342.90
    440	400843	     46	    9.0	43535.0	43235.4	 0.0260	 100.00	1342.95
    441	400843	     46	   12.0	43531.0	43236.1	 0.0260	 100.00	1343.04
    442	400843	     46	   10.0	43533.0	43236.8	 0.0259	 100.00	1343.11
    443	400843	     46	    8.0	43533.0	43237.4	 0.0259	 100.00	1343.21
    444	400843	     46	   11.0	43534.0	43238.1	 0.0258	 100.00	1343.28
    445	400843	     46	    6.0	43536.0	43238.8	 0.0258	 100.00	1343.38
    446	400843	     46	   14.0	43534.0	43239.4	 0.0258	 100.00	1343.43
    447	400843	     46	    6.0	43536.0	43240.1	 0.0257	 100.00	1343.54
    448	400843	     46	   11.0	43531.0	43240.7	 0.0257	 100.00	1343.60
    449	400843	     46	    7.0	43536.0	43241.4	 0.0256	 100.00	1343.70
    450	400843	     46	    9.0	43537.0	43242.0	 0.0256	 100.00	1343.75
    451	400843	     46	   19.0	43530.0	43242.7	 0.0258	 100.00	1343.81
    452	400843	     46	   10.0	43528.0	43243.3	 0.0257	 100.00	1343.83
    453	400843	     46	    7.0	43535.0	43244.0	 0.0257	 100.00	1343.89
    454	400843	     46	   11.0	43532.0	43244.6	 0.0257	 100.00	1343.93
    455	400843	     46	    9.0	43537.0	43245.2	 0.0257	 100.00	1343.98
    456	400843	     46	   13.0	43528.0	43245.9	 0.0256	 100.00	1344.02
    457	400843	     46	    6.0	43530.0	43246.5	 0.0256	 100.00	1344.08
    458	400843	     46	    8.0	43534.0	43247.1	 0.0255	 100.00	1344.08
    459	400843	     46	    8.0	43534.0	43247.7	 0.0255	 100.00	1344.14
    460	400843	     46	   13.0	43535.0	43248.3	 0.0254	 100.00	1344.16
    461	400843	     46	   12.0	43531.0	43249.0	 0.0255	 100.00	1344.22
    462	400843	     46	    8.0	43535.0	43249.6	 0.0255	 100.00	1344.25
    463	400843	     46	    6.0	43537.0	43250.2	 0.0254	 100.00	1344.31
    464	400843	     46	   11.0	43530.0	43250.8	 0.0254	 100.00	1344.32
    465	400843	     46	    9.0	43535.0	43251.4	 0.0254	 100.00	1344.38
    466	400843	     46	   13.0	43530.0	43252.0	 0.0254	 100.00	1344.41
    467	400843	     46	    7.0	43537.0	43252.6	 0.0254	 100.00	1344.46
    468	400843	     46	   10.0	43535.0	43253.2	 0.0254	 100.00	1344.50
    469	400843	     46	   11.0	43536.0	43253.8	 0.0253	 100.00	1344.55
    470	400843	     46	    9.0	43537.0	43254.4	 0.0253	 100.00	1344.56
    471	400843	     46	    7.0	43542.0	43255.0	 0.0253	 100.00	1344.62
    472	400843	     46	   17.0	43531.0	43255.6	 0.0254	 100.00	1344.65
    473	400843	     46	    6.0	43533.0	43256.2	 0.0253	 100.00	1344.71
    474	400843	     46	   12.0	43533.0	43256.8	 0.0253	 100.00	1344.74
    475	400843	     46	    6.0	43535.0	43257.4	 0.0252	 100.00	1344.80
    476	400843	     46	   11.0	43536.0	43257.9	 0.0252	 100.00	1344.80
    477	400843	     46	   10.0	43534.0	43258.5	 0.0251	 100.00	1344.85
    478	400843	     46	   10.0	43536.0	43259.1	 0.0251	 100.00	1344.87
    479	400843	     46	    8.0	43536.0	43259.7	 0.0251	 100.00	1344.92
    480	400843	     46	    9.0	43533.0	43260.2	 0.0251	 100.00	1344.95
    481	400843	     46	    7.0	43538.0	43260.8	 0.0251	 100.00	1345.03
    482	400843	     46	   15.0	43533.0	43261.4	 0.0252	 100.00	1345.01
    483	400843	     46	    9.0	43536.0	43262.0	 0.0251	 100.00	1345.08
    484	400843	     46	   12.0	43532.0	43262.5	 0.0251	 100.00	1345.09
    485	400843	     46	    7.0	43539.0	43263.1	 0.0251	 100.00	1345.12
    486	400843	     46	    9.0	43538.0	43263.6	 0.0251	 100.00	1345.16
    487	400843	     46	   13.0	43539.0	43264.2	 0.0251	 100.00	1345.18
    488	400843	     46	    9.0	43534.0	43264.8	 0.0252	 100.00	1345.22
    489	400843	     46	    8.0	43534.0	43265.3	 0.0252	 100.00	1345.24
    490	400843	     46	    8.0	43538.0	43265.9	 0.0252	 100.00	1345.29
    491	400843	     46	    6.0	43540.0	43266.4	 0.0251	 100.00	1345.32
    492	400843	     46	   27.0	43527.0	43267.0	 0.0255	 100.00	1345.37
    493	400843	     46	    6.0	43529.0	43267.5	 0.0255	 100.00	1345.47
    494	400843	     46	    8.0	 1290.0	43182.7	 0.0254	 100.00	1345.52
    495	400843	     46	    8.0	 1290.0	43098.2	 0.0255	 100.00	1345.51
    496	400843	     46	    9.0	   11.0	43011.5	 0.0255	 100.00	1345.65
    497	400843	     46	   13.0	   10.0	42925.2	 0.0254	 100.00	1345.68
    498	400843	     46	    9.0	   13.0	42839.2	 0.0254	 100.00	1345.80
    499	400843	     46	    7.0	    6.0	42753.5	 0.0253	 100.00	1345.80
    500	400843	     46	   12.0	   12.0	42668.2	 0.0254	 100.00	1345.95
    501	400843	     46	    9.0	    9.0	42583.2	 0.0254	 100.00	1345.98
    502	400843	     46	   15.0	   12.0	42498.6	 0.0254	 100.00	1346.14
    503	400843	     46	    7.0	   11.0	42414.3	 0.0253	 100.00	1346.18
    504	400843	     46	    9.0	   11.0	42330.3	 0.0253	 100.00	1346.33
    505	400843	     46	    8.0	   11.0	42246.7	 0.0252	 100.00	1346.37
    506	400843	     46	   10.0	   10.0	42163.4	 0.0252	 100.00	1346.51
    507	400843	     46	   10.0	    8.0	42080.4	 0.0252	 100.00	1346.53
    508	400843	     46	   11.0	   10.0	41997.7	 0.0251	 100.00	1346.67
    509	400843	     46	    6.0	    8.0	41915.4	 0.0251	 100.00	1346.70
    510	400843	     46	   12.0	   12.0	41833.4	 0.0250	 100.00	1346.83
    511	400843	     46	    6.0	    6.0	41751.7	 0.0250	 100.00	1346.84
    512	400843	     46	   17.0	   17.0	41670.4	 0.0251	 100.00	1346.99
    513	400843	     46	    7.0	   18.0	41589.3	 0.0250	 100.00	1347.02
    514	400843	     46	    9.0	   12.0	41508.6	 0.0250	 100.00	1347.17
    515	400843	     46	   11.0	    9.0	41428.2	 0.0250	 100.00	1347.19
    516	400843	     46	   10.0	   11.0	41348.1	 0.0250	 100.00	1347.35
    517	400843	     46	    7.0	    8.0	41268.2	 0.0249	 100.00	1347.46
    518	400843	     46	   13.0	   13.0	41188.8	 0.0249	 100.00	1347.53
    519	400843	     46	    9.0	    8.0	41109.6	 0.0248	 100.00	1347.58
    520	400843	     46	   11.0	   10.0	41030.7	 0.0248	 100.00	1347.68
    521	400843	     46	    6.0	    8.0	40952.1	 0.0248	 100.00	1347.74
    522	400843	     46	    8.0	    8.0	40873.8	 0.0247	 100.00	1347.84
    523	400843	     46	   12.0	   12.0	40795.8	 0.0247	 100.00	1347.92
    524	400843	     46	   13.0	   14.0	40718.1	 0.0246	 100.00	1347.99
    525	400843	     46	    8.0	   10.0	40640.7	 0.0246	 100.00	1348.03
    526	400843	     46	    8.0	    8.0	40563.6	 0.0246	 100.00	1348.17
    527	400843	     46	    6.0	    6.0	40486.8	 0.0245	 100.00	1348.22
    528	400843	     46	   13.0	   12.0	40410.3	 0.0245	 100.00	1348.36
    529	400843	     46	    9.0	   13.0	40334.1	 0.0245	 100.00	1348.41
    530	400843	     46	   11.0	   11.0	40258.2	 0.0245	 100.00	1348.52
    531	400843	     46	    7.0	    8.0	40182.5	 0.0244	 100.00	1348.56
    532	400843	     46	   10.0	   12.0	40107.1	 0.0244	 100.00	1348.68
    533	400843	     46	   19.0	   15.0	40032.1	 0.0246	 100.00	1348.71
    534	400843	     46	    9.0	   15.0	39957.3	 0.0245	 100.00	1348.83
    535	400843	     46	    7.0	   12.0	39882.7	 0.0245	 100.00	1348.86
    536	400843	     46	   11.0	   11.0	39808.5	 0.0245	 100.00	1348.96
    537	400843	     46	    6.0	    9.0	39734.5	 0.0245	 100.00	1349.00
    538	400843	     46	   14.0	   12.0	39660.8	 0.0244	 100.00	1349.14
    539	400843	     46	    6.0	    6.0	39587.4	 0.0244	 100.00	1349.18
    540	400843	     46	   11.0	   11.0	39514.2	 0.0244	 100.00	1349.32
    541	400843	     46	    8.0	   11.0	39441.3	 0.0244	 100.00	1349.36
    542	400843	     46	   10.0	   11.0	39368.7	 0.0244	 100.00	1349.47
    543	400843	     46	   12.0	    9.0	39296.4	 0.0245	 100.00	1349.50
    544	400843	     46	    9.0	   13.0	39224.3	 0.0246	 100.00	1348.72
    545	400843	     46	    7.0	    8.0	39152.5	 0.0245	 100.00	1348.09
    546	400843	     46	   11.0	    2.0	39080.9	 0.0246	 100.00	1346.80
    547	400843	     46	    9.0	    2.0	39009.6	 0.0245	 100.00	1345.73
    548	400843	     46	   14.0	    2.0	38938.5	 0.0246	 100.00	1344.95
    549	400843	     46	    7.0	    3.0	38867.7	 0.0245	 100.00	1343.96
    550	400843	     46	    9.0	    1.0	38797.2	 0.0245	 100.00	1343.24
    551	400843	     46	   11.0	    0.0	38726.9	 0.0245	 +99.82	1344.06
    552	400843	     46	    9.0	    9.0	38656.9	 0.0244	  99.82	1343.59
    553	400843	     46	   14.0	   13.0	38587.1	 0.0245	  99.82	1343.81
    554	400843	     46	    8.0	   15.0	38517.6	 0.0245	  99.82	1343.84
    555	400843	     46	    6.0	    9.0	38448.4	 0.0244	  99.82	1343.98
    556	400843	     46	   15.0	   10.0	38379.4	 0.0244	  99.82	1344.03
    557	400843	     46	    6.0	    6.0	38310.6	 0.0243	  99.82	1344.03
    558	400843	     46	    8.0	    6.0	38242.1	 0.0244	  99.82	1343.93
    559	400843	     46	   10.0	   10.0	38173.8	 0.0243	  99.82	1343.83
    560	400843	     46	    9.0	    0.0	38105.8	 0.0243	 +99.64	1344.98
    561	400843	     46	   11.0	   11.0	38038.0	 0.0242	  99.64	1344.38
    562	400843	     46	    9.0	    9.0	37970.4	 0.0243	  99.64	1344.31
    563	400843	     46	    7.0	    6.0	37903.1	 0.0242	  99.65	1344.10
    564	400843	     46	   16.0	   10.0	37836.1	 0.0243	  99.65	1344.02
    565	400843	     46	    9.0	    3.0	37769.2	 0.0243	  99.65	1343.93
    566	400843	     46	   11.0	    0.0	37702.6	 0.0242	 +99.47	1344.96
    567	400843	     46	    7.0	    7.0	37636.2	 0.0242	  99.47	1344.34
    568	400843	     46	    9.0	    9.0	37570.1	 0.0241	  99.47	1344.26
    569	400843	     46	   10.0	    0.0	37504.2	 0.0241	 +99.30	1345.80
    570	400843	     46	   10.0	   10.0	37438.5	 0.0241	  99.30	1345.21
    571	400843	     46	    8.0	    9.0	37373.1	 0.0241	  99.30	1345.10
    572	400843	     46	   11.0	   10.0	37307.9	 0.0241	  99.30	1344.91
    573	400843	     46	    6.0	    7.0	37242.9	 0.0240	  99.30	1344.83
    574	400843	     46	   22.0	    5.0	37178.1	 0.0241	  99.30	1344.10
    575	400843	     46	    6.0	   11.0	37113.6	 0.0241	  99.31	1343.94
    576	400843	     46	   11.0	   15.0	37049.3	 0.0241	  99.31	1343.95
    577	400843	     46	    7.0	    0.0	36985.2	 0.0240	 +99.13	1345.09
    578	400843	     46	    9.0	    9.0	36921.4	 0.0241	  99.14	1344.49
    579	400843	     46	   13.0	   10.0	36857.7	 0.0242	  99.14	1344.41
    580	400843	     46	   10.0	    8.0	36794.3	 0.0242	  99.14	1344.24
    581	400843	     46	    7.0	    9.0	36731.1	 0.0241	  99.14	1344.10
    582	400843	     46	   11.0	    4.0	36668.1	 0.0242	  99.14	1343.21
    583	400843	     46	    9.0	   13.0	36605.3	 0.0241	  99.14	1343.04
    584	400843	     46	   15.0	   11.0	36542.8	 0.0243	  99.15	1342.88
    585	400843	     46	    6.0	    6.0	36480.4	 0.0243	  99.15	1342.12
    586	400843	     46	    8.0	   14.0	36418.3	 0.0243	  99.15	1341.95
    587	400843	     46	    8.0	    9.0	36356.4	 0.0243	  99.15	1341.85
    588	400843	     46	   13.0	    2.0	36294.7	 0.0243	  99.15	1341.14
    589	400843	     46	   10.0	    8.0	36233.2	 0.0243	  99.15	1340.99
    590	400843	     46	    8.0	   11.0	36171.9	 0.0243	  99.15	1340.92
    591	400843	     46	    6.0	    0.0	36110.8	 0.0242	 +98.99	1341.94
    592	400843	     46	   11.0	   11.0	36049.9	 0.0243	  98.99	1341.42
    593	400843	     46	    9.0	   12.0	35989.2	 0.0243	  98.99	1341.44
    594	400843	     46	   17.0	    9.0	35928.7	 0.0245	  98.99	1341.48
    595	400843	     46	    7.0	   12.0	35868.5	 0.0244	  98.99	1341.59
    596	400843	     46	   10.0	   14.0	35808.4	 0.0245	  98.99	1341.64
    597	400843	     46	   11.0	    8.0	35748.6	 0.0244	  99.00	1341.56
    598	400843	     46	    9.0	    0.0	35688.9	 0.0244	 +98.83	1342.56
    599	400843	     46	    7.0	    7.0	35629.4	 0.0245	  98.83	1342.01
    600	400843	     46	   13.0	   11.0	35570.1	 0.0245	  98.84	1341.95
    601	400843	     46	    6.0	   13.0	35511.1	 0.0245	  98.84	1341.88
    602	400843	     46	   12.0	   12.0	35452.2	 0.0245	  98.84	1341.81
    603	400843	     46	    6.0	    1.0	35393.5	 0.0244	  98.84	1341.25
    604	400843	     46	   11.0	   12.0	35335.0	 0.0245	  98.84	1341.13
    605	400843	     46	   12.0	    9.0	35276.7	 0.0245	  98.84	1341.05
    606	400843	     46	   10.0	    2.0	35218.6	 0.0244	  98.85	1340.29
    607	400843	     46	    8.0	    0.0	35160.7	 0.0244	 +98.68	1341.14
    608	400843	     46	    9.0	    9.0	35103.0	 0.0244	  98.69	1340.54
    609	400843	     46	    7.0	    8.0	35045.4	 0.0244	  98.69	1340.49
    610	400843	     46	   13.0	    9.0	34988.1	 0.0244	  98.69	1340.30
    611	400843	     46	    9.0	   10.0	34930.9	 0.0244	  98.69	1340.24
    612	400843	     46	   12.0	    4.0	34874.0	 0.0245	  98.69	1339.55
    613	400843	     46	    7.0	    9.0	34817.2	 0.0244	  98.70	1339.43
    614	400843	     46	    9.0	   10.0	34760.6	 0.0245	  98.70	1339.35
    615	400843	     46	   19.0	    7.0	34704.2	 0.0247	  98.70	1338.49
    616	400843	     46	    9.0	   16.0	34648.0	 0.0247	  98.70	1338.34
    617	400843	     46	    8.0	   13.0	34591.9	 0.0247	  98.71	1338.23
    618	400843	     46	    8.0	    1.0	34536.0	 0.0246	  98.71	1337.46
    619	400843	     46	    6.0	    7.0	34480.3	 0.0247	  98.71	1337.30
    620	400843	     46	   17.0	   14.0	34424.8	 0.0247	  98.71	1337.19
    621	400843	     46	    6.0	    9.0	34369.5	 0.0247	  98.71	1336.42
    622	400843	     46	    8.0	    9.0	34314.3	 0.0247	  98.72	1336.25
    623	400843	     46	    8.0	    9.0	34259.4	 0.0247	  98.72	1336.16
    624	400843	     46	    9.0	    0.0	34204.6	 0.0246	 +98.56	1337.07
    625	400843	     46	   15.0	   15.0	34149.9	 0.0247	  98.56	1336.54
    626	400843	     46	    9.0	   11.0	34095.5	 0.0246	  98.56	1336.46
    627	400843	     46	    7.0	    8.0	34041.2	 0.0246	  98.57	1336.30
    628	400843	     46	   12.0	   12.0	33987.1	 0.0246	  98.57	1336.23
    629	400843	     46	    9.0	    0.0	33933.2	 0.0245	 +98.41	1337.12
    630	400843	     46	   13.0	   13.0	33879.4	 0.0245	  98.42	1336.57
    631	400843	     46	    7.0	    8.0	33825.8	 0.0245	  98.42	1336.40
    632	400843	     46	    9.0	    7.0	33772.4	 0.0246	  98.42	1335.46
    633	400843	     46	    8.0	    9.0	33719.1	 0.0245	  98.42	1334.48
    634	400843	     46	   10.0	    0.0	33666.0	 0.0245	 +98.27	1335.20
    635	400843	     46	   14.0	   14.0	33613.1	 0.0245	  98.27	1334.67
    636	400843	     46	   11.0	   13.0	33560.4	 0.0245	  98.27	1334.61
    637	400843	     46	    6.0	    2.0	33507.8	 0.0246	  98.28	1333.88
    638	400843	     46	   12.0	    5.0	33455.3	 0.0246	  98.28	1333.17
    639	400843	     46	    6.0	    3.0	33403.1	 0.0246	  98.28	1332.43
    640	400843	     46	   13.0	    7.0	33351.0	 0.0247	  98.28	1331.82
    641	400843	     46	    7.0	    7.0	33299.0	 0.0247	  98.29	1330.93
    642	400843	     46	    9.0	    1.0	33247.3	 0.0247	  98.29	1330.03
    643	400843	     46	   11.0	    4.0	33195.6	 0.0246	  98.29	1329.14
    644	400843	     46	   10.0	    1.0	33144.2	 0.0246	  98.29	1328.16
    645	400843	     46	    7.0	    1.0	33092.9	 0.0247	  98.30	1327.27
    646	400843	     46	   15.0	   14.0	33041.7	 0.0247	  98.30	1327.14
    647	400843	     46	    9.0	    8.0	32990.8	 0.0248	  98.30	1327.10
    648	400843	     46	   11.0	    2.0	32939.9	 0.0248	  98.31	1326.46
    649	400843	     46	    6.0	    8.0	32889.3	 0.0247	  98.31	1326.39
    650	400843	     46	    8.0	    8.0	32838.8	 0.0247	  98.31	1326.32
    651	400843	     46	   10.0	    2.0	32788.4	 0.0248	  98.31	1325.68
    652	400843	     46	   13.0	   13.0	32738.2	 0.0248	  98.32	1325.62
    653	400843	     46	    8.0	   11.0	32688.2	 0.0247	  98.32	1325.54
    654	400843	     46	    8.0	    2.0	32638.3	 0.0247	  98.32	1324.83
    655	400843	     46	    6.0	    6.0	32588.5	 0.0248	  98.32	1324.70
    656	400843	     46	   27.0	   18.0	32538.9	 0.0256	  98.33	1324.64
    657	400843	     46	    9.0	   23.0	32489.5	 0.0255	  98.33	1323.93
    658	400843	     46	   11.0	   24.0	32440.3	 0.0255	  98.33	1323.76
    659	400843	     46	    7.0	    6.0	32391.1	 0.0255	  98.33	1323.72
    660	400843	     46	   10.0	    3.0	32342.1	 0.0255	  98.34	1323.11
    661	400843	     46	   13.0	   10.0	32293.3	 0.0255	  98.34	1323.04
    662	400843	     46	    9.0	    7.0	32244.6	 0.0255	  98.34	1322.97
    663	400843	     46	    7.0	    2.0	32196.0	 0.0254	  98.34	1322.45
    664	400843	     46	   11.0	    9.0	32147.6	 0.0254	  98.35	1322.46
    665	400843	     46	    6.0	    6.0	32099.4	 0.0254	  98.35	1322.48
    666	400843	     46	   16.0	    2.0	32051.2	 0.0254	  98.35	1322.38
    667	400843	     46	    6.0	    8.0	32003.3	 0.0253	  98.35	1322.50
    668	400843	     46	   11.0	   12.0	31955.4	 0.0253	  98.36	1322.60
    669	400843	     46	    8.0	    0.0	31907.8	 0.0253	 +98.21	1324.03
    670	400843	     46	   10.0	   10.0	31860.2	 0.0252	  98.21	1323.66
    671	400843	     46	   10.0	   10.0	31812.8	 0.0252	  98.21	1323.94
    672	400843	     46	    9.0	   11.0	31765.6	 0.0252	  98.22	1324.00
    673	400843	     46	    7.0	    9.0	31718.4	 0.0251	  98.22	1324.14
    674	400843	     46	   11.0	    1.0	31671.5	 0.0251	  98.22	1323.65
    675	400843	     46	    9.0	    8.0	31624.6	 0.0251	  98.22	1323.65
    676	400843	     46	   18.0	   18.0	31577.9	 0.0251	  98.23	1323.62
    677	400843	     46	    7.0	    2.0	31531.4	 0.0251	  98.23	1322.91
    678	400843	     46	    9.0	   11.0	31484.9	 0.0251	  98.23	1322.78
    679	400843	     46	   11.0	   11.0	31438.7	 0.0250	  98.24	1322.73
    680	400843	     46	    9.0	    3.0	31392.5	 0.0251	  98.24	1322.01
    681	400843	     46	   10.0	    9.0	31346.5	 0.0250	  98.24	1321.91
    682	400843	     46	    8.0	   10.0	31300.6	 0.0250	  98.24	1321.83
    683	400843	     46	    6.0	    0.0	31254.8	 0.0250	 +98.10	1322.88
    684	400843	     46	   15.0	   15.0	31209.2	 0.0250	  98.10	1322.41
    685	400843	     46	    6.0	    8.0	31163.7	 0.0249	  98.10	1322.39
    686	400843	     46	    8.0	    8.0	31118.4	 0.0250	  98.11	1322.24
    687	400843	     46	   12.0	    9.0	31073.2	 0.0251	  98.11	1322.20
    688	400843	     46	    9.0	    7.0	31028.1	 0.0251	  98.11	1322.05
    689	400843	     46	   11.0	    5.0	30983.1	 0.0251	  98.12	1321.29
    690	400843	     46	    9.0	    1.0	30938.3	 0.0251	  98.12	1320.73
    691	400843	     46	    7.0	    5.0	30893.6	 0.0251	  98.12	1319.99
    692	400843	     46	   14.0	   15.0	30849.0	 0.0251	  98.12	1319.85
    693	400843	     46	    9.0	   10.0	30804.6	 0.0251	  98.13	1319.82
    694	400843	     46	   11.0	    4.0	30760.3	 0.0252	  98.13	1319.17
    695	400843	     46	    7.0	    7.0	30716.1	 0.0252	  98.13	1319.07
    696	400843	     46	    9.0	   13.0	30672.0	 0.0252	  98.13	1318.98
    697	400843	     46	   16.0	    5.0	30628.1	 0.0253	  98.14	1318.32
    698	400843	     46	   10.0	   15.0	30584.3	 0.0252	  98.14	1318.22
    699	400843	     46	    8.0	   13.0	30540.6	 0.0252	  98.14	1318.18
    700	400843	     46	   11.0	    2.0	30497.1	 0.0252	  98.15	1317.53
    701	400843	     46	    6.0	    6.0	30453.6	 0.0252	  98.15	1317.40
    702	400843	     46	   14.0	   11.0	30410.3	 0.0252	  98.15	1317.36
    703	400843	     46	    6.0	    0.0	30367.1	 0.0252	 +98.01	1318.21
    704	400843	     46	   11.0	   11.0	30324.1	 0.0253	  98.01	1317.75
    705	400843	     46	    7.0	    8.0	30281.1	 0.0253	  98.02	1317.70
    706	400843	     46	    9.0	    5.0	30238.3	 0.0253	  98.02	1317.56
    707	400843	     46	   15.0	   14.0	30195.6	 0.0253	  98.02	1317.53
    708	400843	     46	   10.0	    1.0	30153.0	 0.0253	  98.03	1316.89
    709	400843	     46	    7.0	    6.0	30110.6	 0.0252	  98.03	1316.80
    710	400843	     46	   11.0	   11.0	30068.2	 0.0252	  98.03	1316.73
    711	400843	     46	    9.0	    0.0	30026.0	 0.0251	 +97.89	1317.60
    712	400843	     46	   13.0	   13.0	29983.9	 0.0252	  97.90	1317.14
    713	400843	     46	    6.0	    6.0	29941.9	 0.0252	  97.90	1317.12
    714	400843	     46	    8.0	    1.0	29900.1	 0.0252	  97.90	1316.17
    715	400843	     46	    8.0	    1.0	29858.3	 0.0251	  97.91	1315.23
    716	400843	     46	   13.0	    1.0	29816.7	 0.0251	  97.91	1314.26
    717	400843	     46	   14.0	    6.0	29775.1	 0.0252	  97.91	1313.34
    718	400843	     46	    8.0	    7.0	29733.7	 0.0252	  97.91	1312.75
    719	400843	     46	    6.0	    5.0	29692.4	 0.0252	  97.92	1312.16
    720	400843	     46	   11.0	    3.0	29651.3	 0.0252	  97.92	1311.49
    721	400843	     46	    9.0	    4.0	29610.2	 0.0252	  97.92	1311.03
    722	400843	     46	   13.0	    0.0	29569.3	 0.0252	 +97.79	1311.77
    723	400843	     46	    7.0	    7.0	29528.4	 0.0251	  97.79	1311.36
    724	400843	     46	   10.0	   10.0	29487.7	 0.0251	  97.79	1311.51
    725	400843	     46	   11.0	    9.0	29447.1	 0.0251	  97.80	1311.59
    726	400843	     46	    9.0	   10.0	29406.6	 0.0251	  97.80	1311.46
    727	400843	     46	    7.0	    0.0	29366.2	 0.0251	 +97.66	1312.58
    728	400843	     46	   15.0	   15.0	29326.0	 0.0250	  97.67	1312.10
    729	400843	     46	    6.0	    6.0	29285.8	 0.0250	  97.67	1311.88
    730	400843	     46	   12.0	    0.0	29245.7	 0.0250	 +97.54	1312.71
    731	400843	     46	    6.0	    6.0	29205.8	 0.0250	  97.54	1312.25
    732	400843	     46	   11.0	   10.0	29165.9	 0.0250	  97.54	1311.77
    733	400843	     46	   10.0	    7.0	29126.2	 0.0250	  97.55	1311.55
    734	400843	     46	   10.0	    1.0	29086.6	 0.0249	  97.55	1310.98
    735	400843	     46	    8.0	    2.0	29047.1	 0.0249	  97.55	1310.44
    736	400843	     46	    9.0	    5.0	29007.7	 0.0250	  97.56	1309.88
    737	400843	     46	    7.0	    6.0	28968.4	 0.0250	  97.56	1309.86
    738	400843	     46	   21.0	   20.0	28929.2	 0.0251	  97.56	1309.82
    739	400843	     46	    9.0	    5.0	28890.1	 0.0251	  97.57	1309.36
    740	400843	     46	   12.0	   17.0	28851.2	 0.0251	  97.57	1309.29
    741	400843	     46	    7.0	    4.0	28812.3	 0.0251	  97.57	1309.28
    742	400843	     46	    9.0	    1.0	28773.5	 0.0251	  97.58	1308.78
    743	400843	     46	   13.0	   12.0	28734.8	 0.0250	  97.58	1308.86
    744	400843	     46	    9.0	   12.0	28696.3	 0.0250	  97.58	1309.00
    745	400843	     46	    8.0	   10.0	28657.8	 0.0250	  97.59	1309.07
    746	400843	     46	    8.0	    7.0	28619.5	 0.0250	  97.59	1309.22
    747	400843	     46	    6.0	    3.0	28581.2	 0.0249	  97.59	1309.28
    748	400843	     46	   19.0	   19.0	28543.1	 0.0249	  97.60	1309.42
    749	400843	     46	    6.0	   13.0	28505.0	 0.0249	  97.60	1309.49
    750	400843	     46	    8.0	    9.0	28467.1	 0.0249	  97.60	1309.63
    751	400843	     46	    8.0	    9.0	28429.3	 0.0249	  97.61	1309.72
    752	400843	     46	    9.0	    7.0	28391.5	 0.0249	  97.61	1309.86
    753	400843	     46	   13.0	   14.0	28353.9	 0.0249	  97.61	1309.84
    754	400843	     46	    9.0	    6.0	28316.3	 0.0249	  97.62	1309.50
    755	400843	     46	    7.0	   13.0	28278.9	 0.0248	  97.62	1309.04
