./asc:main.c:294: warning: auxv random bytes were not cleared
  Round	    PC	Excited	Hamming	   Loss	 Regret	    MSE	  Error	   MIPS
      0	400144	     45	42320.0	42320.0	42320.0	 0.1314	 100.00	  24.61
      1	400804	     45	 1219.0	43533.0	21766.5	 0.1283	 100.00	 204.27
      2	400804	     45	    8.0	43533.0	14511.0	 0.0856	 100.00	 332.68
      3	400804	     45	   10.0	43535.0	10883.8	 0.0642	 100.00	 427.33
      4	400804	     45	   10.0	43533.0	17413.6	 0.0513	 100.00	 508.56
      5	400804	     45	    6.0	43539.0	21767.8	 0.0519	 100.00	 582.51
      6	400804	     45	   12.0	43535.0	24877.4	 0.0449	 100.00	 641.44
      7	400804	     45	    8.0	43539.0	27210.1	 0.0479	 100.00	 691.88
      8	400804	     45	   10.0	43533.0	29023.8	 0.0426	 100.00	 734.81
      9	400804	     45	    6.0	43535.0	30474.9	 0.0383	 100.00	 774.13
     10	400804	     45	    8.0	43539.0	31662.5	 0.0351	 100.00	 807.31
     11	400804	     45	   12.0	43535.0	32651.9	 0.0343	 100.00	 838.21
     12	400804	     45	   12.0	43535.0	33489.1	 0.0333	 100.00	 865.16
     13	400804	     45	    8.0	43535.0	34206.6	 0.0309	 100.00	 889.98
     14	400804	     45	    8.0	43539.0	34828.8	 0.0288	 100.00	 912.06
     15	400804	     45	    6.0	43541.0	35373.3	 0.0271	 100.00	 932.54
     16	400804	     45	   12.0	43533.0	35853.3	 0.0261	 100.00	 950.15
     17	400804	     45	    8.0	43537.0	36280.2	 0.0246	 100.00	 967.67
     18	400804	     45	   10.0	43535.0	36662.0	 0.0234	 100.00	 983.26
     19	400804	     45	    6.0	43541.0	37005.9	 0.0222	 100.00	 997.85
     20	400804	     45	   10.0	43539.0	37317.0	 0.0213	 100.00	1011.44
     21	400804	     45	   16.0	43535.0	37599.7	 0.0259	 100.00	1024.10
     22	400804	     45	    8.0	43535.0	37857.7	 0.0248	 100.00	1035.34
     23	400804	     45	    6.0	43541.0	38094.5	 0.0242	 100.00	1046.39
     24	400804	     45	   10.0	43535.0	38312.2	 0.0233	 100.00	1056.51
     25	400804	     45	    6.0	43537.0	38513.1	 0.0224	 100.00	1066.19
     26	400804	     45	   14.0	43535.0	38699.1	 0.0215	 100.00	1075.27
     27	400804	     45	    6.0	43537.0	38871.9	 0.0208	 100.00	1083.81
     28	400804	     45	   10.0	43539.0	39032.8	 0.0202	 100.00	1091.54
     29	400804	     45	    8.0	43539.0	39183.0	 0.0208	 100.00	1099.20
     30	400804	     45	   10.0	43541.0	39323.6	 0.0202	 100.00	1106.28
     31	400804	     45	   12.0	43537.0	39455.3	 0.0226	 100.00	1113.15
     32	400804	     45	    8.0	43533.0	39578.8	 0.0219	 100.00	1119.49
     33	400804	     45	    6.0	43539.0	39695.3	 0.0213	 100.00	1125.72
     34	400804	     45	   10.0	43537.0	39805.1	 0.0219	 100.00	1131.36
     35	400804	     45	    8.0	43541.0	39908.9	 0.0216	 100.00	1137.10
     36	400804	     45	   14.0	43535.0	40006.9	 0.0225	 100.00	1142.27
     37	400804	     45	    6.0	43541.0	40099.9	 0.0220	 100.00	1147.44
     38	400804	     45	    8.0	43541.0	40188.1	 0.0214	 100.00	1152.21
     39	400804	     45	   10.0	43543.0	40272.0	 0.0209	 100.00	1156.92
     40	400804	     45	    8.0	43539.0	40351.7	 0.0205	 100.00	1161.17
     41	400804	     45	   16.0	43531.0	40427.4	 0.0205	 100.00	1165.49
     42	400804	     45	    8.0	43535.0	40499.6	 0.0201	 100.00	1169.52
     43	400804	     45	    6.0	43537.0	40568.7	 0.0196	 100.00	1173.49
     44	400804	     45	   14.0	43535.0	40634.6	 0.0192	 100.00	1176.89
     45	400804	     45	    6.0	43537.0	40697.7	 0.0188	 100.00	1180.65
     46	400804	     45	    8.0	43541.0	40758.2	 0.0197	 100.00	1183.85
     47	400804	     45	   10.0	43539.0	40816.1	 0.0198	 100.00	1187.19
     48	400804	     45	    8.0	43535.0	40871.6	 0.0194	 100.00	1190.33
     49	400804	     45	   10.0	43537.0	40924.9	 0.0190	 100.00	1193.47
     50	400804	     45	    8.0	43537.0	40976.1	 0.0188	 100.00	1196.37
     51	400804	     45	    6.0	43543.0	41025.5	 0.0200	 100.00	1199.31
     52	400804	     45	   16.0	43535.0	41072.8	 0.0200	 100.00	1201.87
     53	400804	     45	    8.0	43539.0	41118.5	 0.0196	 100.00	1204.58
     54	400804	     45	   10.0	43537.0	41162.5	 0.0192	 100.00	1207.08
     55	400804	     45	    6.0	43543.0	41205.0	 0.0191	 100.00	1209.58
     56	400804	     45	    8.0	43539.0	41245.9	 0.0188	 100.00	1211.87
     57	400804	     45	   10.0	43537.0	41285.4	 0.0186	 100.00	1214.23
     58	400804	     45	   10.0	43539.0	41323.6	 0.0182	 100.00	1216.37
     59	400804	     45	    8.0	43539.0	41360.6	 0.0179	 100.00	1218.67
     60	400804	     45	   10.0	43541.0	41396.3	 0.0176	 100.00	1220.79
     61	400804	     45	    6.0	43543.0	41430.9	 0.0174	 100.00	1222.94
     62	400804	     45	   18.0	43537.0	41464.3	 0.0190	 100.00	1224.90
     63	400804	     45	    6.0	43539.0	41496.8	 0.0187	 100.00	1226.94
     64	400804	     45	   10.0	43533.0	41528.1	 0.0191	 100.00	1228.76
     65	400804	     45	    6.0	43539.0	41558.6	 0.0188	 100.00	1230.76
     66	400804	     45	    8.0	43539.0	41588.1	 0.0185	 100.00	1232.45
     67	400804	     45	   12.0	43539.0	41616.8	 0.0183	 100.00	1234.38
     68	400804	     45	   10.0	43537.0	41644.6	 0.0180	 100.00	1235.96
     69	400804	     45	    6.0	43543.0	41671.8	 0.0177	 100.00	1237.56
     70	400804	     45	   10.0	43541.0	41698.1	 0.0175	 100.00	1239.18
     71	400804	     45	    8.0	43545.0	41723.7	 0.0172	 100.00	1240.81
     72	400804	     45	   14.0	43535.0	41748.5	 0.0175	 100.00	1242.32
     73	400804	     45	    6.0	43537.0	41772.7	 0.0172	 100.00	1243.85
     74	400804	     45	    8.0	43541.0	41796.3	 0.0170	 100.00	1245.30
     75	400804	     45	    8.0	43541.0	41819.2	 0.0168	 100.00	1246.69
     76	400804	     45	   12.0	43541.0	41841.6	 0.0167	 100.00	1248.08
     77	400804	     45	   10.0	43539.0	41863.4	 0.0165	 100.00	1249.43
     78	400804	     45	    8.0	43543.0	41884.6	 0.0163	 100.00	1250.81
     79	400804	     45	    6.0	43545.0	41905.4	 0.0161	 100.00	1252.14
     80	400804	     45	   10.0	43539.0	41925.6	 0.0162	 100.00	1253.32
     81	400804	     45	    8.0	43543.0	41945.3	 0.0160	 100.00	1254.71
     82	400804	     45	   20.0	43531.0	41964.4	 0.0179	 100.00	1255.86
     83	400804	     45	    6.0	43537.0	41983.1	 0.0177	 100.00	1256.93
     84	400804	     45	   10.0	43535.0	42001.4	 0.0174	 100.00	1258.16
     85	400804	     45	   10.0	43537.0	42019.2	 0.0172	 100.00	1259.24
     86	400804	     45	    8.0	43537.0	42036.7	 0.0170	 100.00	1260.31
     87	400804	     45	    6.0	43543.0	42053.8	 0.0173	 100.00	1261.25
     88	400804	     45	   12.0	43535.0	42070.4	 0.0171	 100.00	1262.34
     89	400804	     45	    6.0	43537.0	42086.7	 0.0170	 100.00	1263.37
     90	400804	     45	   12.0	43537.0	42102.7	 0.0170	 100.00	1264.40
     91	400804	     45	    6.0	43539.0	42118.3	 0.0168	 100.00	1265.43
     92	400804	     45	   10.0	43541.0	42133.6	 0.0171	 100.00	1266.45
     93	400804	     45	   12.0	43537.0	42148.5	 0.0174	 100.00	1267.45
     94	400804	     45	   10.0	43539.0	42163.1	 0.0173	 100.00	1268.42
     95	400804	     45	    8.0	43539.0	42177.5	 0.0171	 100.00	1269.27
     96	400804	     45	    8.0	43535.0	42191.5	 0.0173	 100.00	1270.23
     97	400804	     45	    6.0	43541.0	42205.2	 0.0173	 100.00	1271.14
     98	400804	     45	   12.0	43537.0	42218.7	 0.0171	 100.00	1272.17
     99	400804	     45	    8.0	43541.0	42231.9	 0.0169	 100.00	1273.06
    100	400804	     45	   12.0	43537.0	42244.8	 0.0168	 100.00	1274.05
    101	400804	     45	    6.0	43543.0	42257.6	 0.0166	 100.00	1274.97
    102	400804	     45	    8.0	43543.0	42270.0	 0.0169	 100.00	1275.92
    103	400804	     45	   16.0	43539.0	42282.2	 0.0181	 100.00	1276.66
    104	400804	     45	    8.0	43535.0	42294.2	 0.0182	 100.00	1277.45
    105	400804	     45	    8.0	43535.0	42305.9	 0.0180	 100.00	1278.15
    106	400804	     45	    8.0	43539.0	42317.4	 0.0178	 100.00	1278.90
    107	400804	     45	    6.0	43541.0	42328.7	 0.0177	 100.00	1279.62
    108	400804	     45	   16.0	43537.0	42339.8	 0.0180	 100.00	1280.38
    109	400804	     45	    6.0	43539.0	42350.7	 0.0178	 100.00	1281.10
    110	400804	     45	    8.0	43543.0	42361.5	 0.0178	 100.00	1281.81
    111	400804	     45	    8.0	43543.0	42372.0	 0.0176	 100.00	1282.40
    112	400804	     45	    8.0	43539.0	42382.3	 0.0175	 100.00	1283.13
    113	400804	     45	   14.0	43537.0	42392.5	 0.0182	 100.00	1283.83
    114	400804	     45	    8.0	43537.0	42402.4	 0.0180	 100.00	1284.57
    115	400804	     45	    6.0	43543.0	42412.2	 0.0179	 100.00	1285.29
    116	400804	     45	   12.0	43539.0	42421.9	 0.0179	 100.00	1286.02
    117	400804	     45	    8.0	43543.0	42431.4	 0.0178	 100.00	1286.67
    118	400804	     45	   12.0	43539.0	42440.7	 0.0180	 100.00	1287.36
    119	400804	     45	    6.0	43545.0	42449.9	 0.0178	 100.00	1288.04
    120	400804	     45	    8.0	43541.0	42458.9	 0.0177	 100.00	1288.72
    121	400804	     45	    8.0	43541.0	42467.8	 0.0175	 100.00	1289.38
    122	400804	     45	   10.0	43543.0	42476.5	 0.0174	 100.00	1290.05
    123	400804	     45	   16.0	43535.0	42485.1	 0.0183	 100.00	1290.59
    124	400804	     45	   10.0	43537.0	42493.5	 0.0183	 100.00	1291.25
    125	400804	     45	    6.0	43539.0	42501.8	 0.0181	 100.00	1291.87
    126	400804	     45	   12.0	43539.0	42509.9	 0.0180	 100.00	1292.51
    127	400804	     45	    6.0	43541.0	42518.0	 0.0179	 100.00	1293.10
    128	400804	     45	   12.0	43533.0	42525.9	 0.0186	 100.00	1293.69
    129	400804	     45	    6.0	43539.0	42533.7	 0.0184	 100.00	1294.17
    130	400804	     45	    8.0	43539.0	42541.3	 0.0183	 100.00	1294.74
    131	400804	     45	   10.0	43541.0	42548.9	 0.0182	 100.00	1295.22
    132	400804	     45	   10.0	43539.0	42556.3	 0.0180	 100.00	1295.75
    133	400804	     45	    6.0	43545.0	42563.7	 0.0180	 100.00	1296.24
    134	400804	     45	   14.0	43539.0	42570.9	 0.0179	 100.00	1296.74
    135	400804	     45	    8.0	43543.0	42578.1	 0.0178	 100.00	1297.13
    136	400804	     45	   10.0	43537.0	42585.1	 0.0176	 100.00	1297.62
    137	400804	     45	    6.0	43539.0	42592.0	 0.0175	 100.00	1298.05
    138	400804	     45	    8.0	43543.0	42598.8	 0.0174	 100.00	1298.52
    139	400804	     45	   10.0	43541.0	42605.6	 0.0175	 100.00	1298.96
    140	400804	     45	   12.0	43541.0	42612.2	 0.0173	 100.00	1299.42
    141	400804	     45	    8.0	43541.0	42618.8	 0.0172	 100.00	1299.79
    142	400804	     45	    8.0	43545.0	42625.2	 0.0171	 100.00	1300.24
    143	400804	     45	    6.0	43547.0	42631.6	 0.0170	 100.00	1300.67
    144	400804	     45	   16.0	43535.0	42637.9	 0.0175	 100.00	1301.11
    145	400804	     45	    8.0	43539.0	42644.0	 0.0175	 100.00	1301.45
    146	400804	     45	   10.0	43537.0	42650.1	 0.0174	 100.00	1301.90
    147	400804	     45	    6.0	43543.0	42656.1	 0.0173	 100.00	1302.25
    148	400804	     45	   10.0	43541.0	42662.1	 0.0172	 100.00	1302.66
    149	400804	     45	   12.0	43541.0	42667.9	 0.0170	 100.00	1303.03
    150	400804	     45	    8.0	43541.0	42673.7	 0.0169	 100.00	1303.50
    151	400804	     45	    6.0	43547.0	42679.5	 0.0168	 100.00	1303.75
    152	400804	     45	   10.0	43541.0	42685.1	 0.0168	 100.00	1304.11
    153	400804	     45	    6.0	43543.0	42690.7	 0.0167	 100.00	1304.50
    154	400804	     45	   16.0	43539.0	42696.1	 0.0168	 100.00	1304.82
    155	400804	     45	    6.0	43541.0	42701.6	 0.0167	 100.00	1305.21
    156	400804	     45	   10.0	43543.0	42706.9	 0.0166	 100.00	1305.57
    157	400804	     45	    8.0	43543.0	42712.2	 0.0165	 100.00	1305.88
    158	400804	     45	   10.0	43545.0	42717.4	 0.0163	 100.00	1306.20
    159	400804	     45	   10.0	43543.0	42722.6	 0.0164	 100.00	1306.57
    160	400804	     45	    8.0	43539.0	42727.7	 0.0165	 100.00	1306.88
    161	400804	     45	    6.0	43545.0	42732.7	 0.0164	 100.00	1307.24
    162	400804	     45	   10.0	43543.0	42737.7	 0.0163	 100.00	1307.60
    163	400804	     45	    8.0	43547.0	42742.6	 0.0162	 100.00	1307.85
    164	400804	     45	   24.0	43531.0	42747.4	 0.0172	 100.00	1308.09
    165	400804	     45	    6.0	43537.0	42752.2	 0.0171	 100.00	1308.46
    166	400804	     45	    8.0	43537.0	42756.9	 0.0170	 100.00	1308.73
    167	400804	     45	   10.0	43539.0	42761.5	 0.0169	 100.00	1309.07
    168	400804	     45	    8.0	43535.0	42766.1	 0.0168	 100.00	1309.33
    169	400804	     45	   10.0	43533.0	42770.6	 0.0170	 100.00	1309.68
    170	400804	     45	    8.0	43537.0	42775.1	 0.0169	 100.00	1309.88
    171	400804	     45	    6.0	43539.0	42779.5	 0.0168	 100.00	1310.23
    172	400804	     45	   14.0	43537.0	42783.9	 0.0167	 100.00	1310.49
    173	400804	     45	    6.0	43539.0	42788.2	 0.0166	 100.00	1310.84
    174	400804	     45	    8.0	43543.0	42792.6	 0.0168	 100.00	1311.16
    175	400804	     45	   12.0	43539.0	42796.8	 0.0170	 100.00	1311.44
    176	400804	     45	    8.0	43535.0	42801.0	 0.0169	 100.00	1311.67
    177	400804	     45	   10.0	43537.0	42805.1	 0.0169	 100.00	1312.00
    178	400804	     45	    8.0	43537.0	42809.2	 0.0168	 100.00	1312.26
    179	400804	     45	    6.0	43543.0	42813.3	 0.0167	 100.00	1312.57
    180	400804	     45	   14.0	43537.0	42817.3	 0.0168	 100.00	1312.85
    181	400804	     45	    8.0	43541.0	42821.2	 0.0167	 100.00	1313.19
    182	400804	     45	   10.0	43539.0	42825.2	 0.0166	 100.00	1313.44
    183	400804	     45	    6.0	43545.0	42829.1	 0.0165	 100.00	1313.76
    184	400804	     45	    8.0	43541.0	42832.9	 0.0164	 100.00	1314.01
    185	400804	     45	   14.0	43535.0	42836.7	 0.0165	 100.00	1314.32
    186	400804	     45	   10.0	43537.0	42840.4	 0.0164	 100.00	1314.58
    187	400804	     45	    8.0	43537.0	42844.2	 0.0163	 100.00	1314.88
    188	400804	     45	   10.0	43539.0	42847.8	 0.0163	 100.00	1315.10
    189	400804	     45	    6.0	43541.0	42851.5	 0.0162	 100.00	1315.40
    190	400804	     45	   14.0	43539.0	42855.1	 0.0163	 100.00	1315.65
    191	400804	     45	    6.0	43541.0	42858.7	 0.0162	 100.00	1315.93
    192	400804	     45	   10.0	43535.0	42862.2	 0.0162	 100.00	1316.13
    193	400804	     45	    6.0	43541.0	42865.7	 0.0161	 100.00	1316.40
    194	400804	     45	    8.0	43541.0	42869.1	 0.0161	 100.00	1316.58
    195	400804	     45	   14.0	43539.0	42872.5	 0.0160	 100.00	1316.82
    196	400804	     45	   10.0	43537.0	42875.9	 0.0160	 100.00	1317.04
    197	400804	     45	    6.0	43543.0	42879.3	 0.0159	 100.00	1317.30
    198	400804	     45	   10.0	43541.0	42882.6	 0.0160	 100.00	1317.48
    199	400804	     45	    8.0	43545.0	42885.9	 0.0159	 100.00	1317.72
    200	400804	     45	   12.0	43537.0	42889.2	 0.0159	 100.00	1317.90
    201	400804	     45	    6.0	43539.0	42892.4	 0.0158	 100.00	1318.13
    202	400804	     45	    8.0	43543.0	42895.6	 0.0157	 100.00	1318.35
    203	400804	     45	    8.0	43543.0	42898.8	 0.0156	 100.00	1318.62
    204	400804	     45	   12.0	43543.0	42901.9	 0.0157	 100.00	1318.74
    205	400804	     45	   16.0	43535.0	42905.0	 0.0160	 100.00	1318.99
    206	400804	     45	    8.0	43539.0	42908.0	 0.0159	 100.00	1319.16
    207	400804	     45	    6.0	43541.0	42911.1	 0.0158	 100.00	1319.35
    208	400804	     45	   10.0	43535.0	42914.1	 0.0159	 100.00	1319.55
    209	400804	     45	    8.0	43539.0	42917.0	 0.0158	 100.00	1319.79
    210	400804	     45	   12.0	43535.0	42920.0	 0.0160	 100.00	1319.93
    211	400804	     45	    6.0	43541.0	42922.9	 0.0159	 100.00	1320.16
    212	400804	     45	   10.0	43539.0	42925.8	 0.0159	 100.00	1320.30
    213	400804	     45	   10.0	43541.0	42928.7	 0.0158	 100.00	1320.53
    214	400804	     45	    8.0	43541.0	42931.5	 0.0157	 100.00	1320.72
    215	400804	     45	    6.0	43547.0	42934.4	 0.0158	 100.00	1320.96
    216	400804	     45	   14.0	43537.0	42937.1	 0.0159	 100.00	1321.15
    217	400804	     45	    6.0	43539.0	42939.9	 0.0158	 100.00	1321.38
    218	400804	     45	   12.0	43539.0	42942.6	 0.0158	 100.00	1321.52
    219	400804	     45	    6.0	43541.0	42945.3	 0.0157	 100.00	1321.73
    220	400804	     45	   10.0	43543.0	42948.1	 0.0159	 100.00	1321.91
    221	400804	     45	   10.0	43541.0	42950.7	 0.0161	 100.00	1322.13
    222	400804	     45	   10.0	43543.0	42953.4	 0.0160	 100.00	1322.30
    223	400804	     45	    8.0	43543.0	42956.0	 0.0160	 100.00	1322.55
    224	400804	     45	    8.0	43539.0	42958.6	 0.0162	 100.00	1322.64
    225	400804	     45	    6.0	43545.0	42961.2	 0.0162	 100.00	1322.85
    226	400804	     45	   16.0	43537.0	42963.7	 0.0162	 100.00	1323.02
    227	400804	     45	    8.0	43541.0	42966.3	 0.0162	 100.00	1323.22
    228	400804	     45	   12.0	43537.0	42968.8	 0.0162	 100.00	1323.39
    229	400804	     45	    6.0	43543.0	42971.3	 0.0161	 100.00	1323.56
    230	400804	     45	    8.0	43543.0	42973.7	 0.0161	 100.00	1323.73
    231	400804	     45	   12.0	43543.0	42976.2	 0.0161	 100.00	1323.92
    232	400804	     45	    8.0	43539.0	42978.6	 0.0160	 100.00	1324.10
    233	400804	     45	    8.0	43539.0	42981.0	 0.0159	 100.00	1324.29
    234	400804	     45	    8.0	43543.0	42983.4	 0.0159	 100.00	1324.48
    235	400804	     45	    6.0	43545.0	42985.8	 0.0158	 100.00	1324.62
    236	400804	     45	   18.0	43539.0	42988.1	 0.0159	 100.00	1324.79
    237	400804	     45	    6.0	43541.0	42990.4	 0.0159	 100.00	1324.95
    238	400804	     45	    8.0	43545.0	42992.7	 0.0158	 100.00	1325.12
    239	400804	     45	    8.0	43545.0	42995.0	 0.0157	 100.00	1325.28
    240	400804	     45	    8.0	43541.0	42997.3	 0.0157	 100.00	1325.43
    241	400804	     45	   12.0	43541.0	42999.6	 0.0157	 100.00	1325.49
    242	400804	     45	    8.0	43541.0	43001.8	 0.0156	 100.00	1325.65
    243	400804	     45	    6.0	43547.0	43004.0	 0.0155	 100.00	1325.78
    244	400804	     45	   12.0	43543.0	43006.2	 0.0155	 100.00	1325.93
    245	400804	     45	    8.0	43547.0	43008.4	 0.0154	 100.00	1326.03
    246	400804	     45	   20.0	43535.0	43010.6	 0.0160	 100.00	1326.19
    247	400804	     45	    6.0	43541.0	43012.7	 0.0160	 100.00	1326.24
    248	400804	     45	    8.0	43537.0	43014.8	 0.0159	 100.00	1326.39
    249	400804	     45	    8.0	43537.0	43016.9	 0.0159	 100.00	1326.55
    250	400804	     45	   10.0	43539.0	43019.0	 0.0158	 100.00	1326.70
    251	400804	     45	   10.0	43537.0	43021.0	 0.0158	 100.00	1326.80
    252	400804	     45	   10.0	43539.0	43023.1	 0.0159	 100.00	1326.94
    253	400804	     45	    6.0	43541.0	43025.1	 0.0158	 100.00	1327.03
    254	400804	     45	   12.0	43541.0	43027.1	 0.0158	 100.00	1327.20
    255	400804	     45	    6.0	43543.0	43029.1	 0.0157	 100.00	1327.34
    256	400804	     45	   14.0	43533.0	43031.1	 0.0163	 100.00	1327.50
    257	400804	     45	    6.0	43539.0	43033.1	 0.0163	 100.00	1327.63
    258	400804	     45	    8.0	43539.0	43035.0	 0.0162	 100.00	1327.80
    259	400804	     45	   10.0	43541.0	43037.0	 0.0161	 100.00	1327.91
    260	400804	     45	   10.0	43539.0	43038.9	 0.0162	 100.00	1328.07
    261	400804	     45	    6.0	43545.0	43040.8	 0.0163	 100.00	1328.22
    262	400804	     45	   12.0	43541.0	43042.7	 0.0163	 100.00	1328.37
    263	400804	     45	    8.0	43545.0	43044.6	 0.0162	 100.00	1328.51
    264	400804	     45	   10.0	43539.0	43046.5	 0.0162	 100.00	1328.66
    265	400804	     45	    6.0	43541.0	43048.4	 0.0161	 100.00	1328.79
    266	400804	     45	    8.0	43545.0	43050.2	 0.0161	 100.00	1328.93
    267	400804	     45	   14.0	43539.0	43052.0	 0.0163	 100.00	1329.06
    268	400804	     45	   12.0	43539.0	43053.9	 0.0163	 100.00	1329.23
    269	400804	     45	    8.0	43539.0	43055.6	 0.0162	 100.00	1329.36
    270	400804	     45	    8.0	43543.0	43057.4	 0.0162	 100.00	1329.51
    271	400804	     45	    6.0	43545.0	43059.2	 0.0161	 100.00	1329.60
    272	400804	     45	   12.0	43537.0	43061.0	 0.0161	 100.00	1329.74
    273	400804	     45	    8.0	43541.0	43062.7	 0.0160	 100.00	1329.87
    274	400804	     45	   10.0	43539.0	43064.5	 0.0160	 100.00	1330.01
    275	400804	     45	    6.0	43545.0	43066.2	 0.0159	 100.00	1330.15
    276	400804	     45	   10.0	43543.0	43067.9	 0.0158	 100.00	1330.28
    277	400804	     45	   14.0	43541.0	43069.6	 0.0159	 100.00	1330.38
    278	400804	     45	    8.0	43541.0	43071.3	 0.0159	 100.00	1330.51
    279	400804	     45	    6.0	43547.0	43073.0	 0.0159	 100.00	1330.64
    280	400804	     45	   10.0	43541.0	43074.7	 0.0159	 100.00	1330.78
    281	400804	     45	    6.0	43543.0	43076.4	 0.0158	 100.00	1330.90
    282	400804	     45	   14.0	43541.0	43078.0	 0.0158	 100.00	1331.03
    283	400804	     45	    6.0	43543.0	43079.6	 0.0157	 100.00	1331.12
    284	400804	     45	   10.0	43545.0	43081.3	 0.0157	 100.00	1331.26
    285	400804	     45	    8.0	43545.0	43082.9	 0.0156	 100.00	1331.37
    286	400804	     45	   10.0	43547.0	43084.5	 0.0156	 100.00	1331.49
    287	400804	     45	   16.0	43539.0	43086.1	 0.0157	 100.00	1331.62
    288	400804	     45	    8.0	43535.0	43087.6	 0.0158	 100.00	1331.73
    289	400804	     45	    6.0	43541.0	43089.2	 0.0158	 100.00	1331.81
    290	400804	     45	   10.0	43539.0	43090.7	 0.0157	 100.00	1331.94
    291	400804	     45	    8.0	43543.0	43092.3	 0.0157	 100.00	1332.03
    292	400804	     45	   14.0	43537.0	43093.8	 0.0157	 100.00	1332.17
    293	400804	     45	    6.0	43543.0	43095.3	 0.0158	 100.00	1332.27
    294	400804	     45	    8.0	43543.0	43096.9	 0.0157	 100.00	1332.39
    295	400804	     45	   10.0	43545.0	43098.4	 0.0157	 100.00	1332.47
    296	400804	     45	    8.0	43541.0	43099.9	 0.0156	 100.00	1332.59
    297	400804	     45	   12.0	43537.0	43101.3	 0.0158	 100.00	1332.69
    298	400804	     45	    8.0	43541.0	43102.8	 0.0158	 100.00	1332.80
    299	400804	     45	    6.0	43543.0	43104.3	 0.0157	 100.00	1332.90
    300	400804	     45	   14.0	43541.0	43105.7	 0.0157	 100.00	1333.05
    301	400804	     45	    6.0	43543.0	43107.2	 0.0156	 100.00	1333.09
    302	400804	     45	    8.0	43547.0	43108.6	 0.0156	 100.00	1333.22
    303	400804	     45	   10.0	43545.0	43110.0	 0.0157	 100.00	1333.30
    304	400804	     45	    8.0	43541.0	43111.5	 0.0156	 100.00	1333.39
    305	400804	     45	   10.0	43543.0	43112.9	 0.0156	 100.00	1333.49
    306	400804	     45	    8.0	43543.0	43114.3	 0.0155	 100.00	1333.56
    307	400804	     45	    6.0	43549.0	43115.7	 0.0157	 100.00	1333.65
    308	400804	     45	   18.0	43539.0	43117.1	 0.0159	 100.00	1333.76
    309	400804	     45	    8.0	43543.0	43118.4	 0.0159	 100.00	1333.83
    310	400804	     45	   10.0	43541.0	43119.8	 0.0160	 100.00	1333.92
    311	400804	     45	    6.0	43547.0	43121.2	 0.0160	 100.00	1334.01
    312	400804	     45	    8.0	43543.0	43122.5	 0.0160	 100.00	1334.06
    313	400804	     45	   10.0	43541.0	43123.8	 0.0160	 100.00	1334.15
    314	400804	     45	   10.0	43543.0	43125.2	 0.0160	 100.00	1334.23
    315	400804	     45	    8.0	43543.0	43126.5	 0.0160	 100.00	1334.26
    316	400804	     45	   10.0	43545.0	43127.8	 0.0159	 100.00	1334.33
    317	400804	     45	    6.0	43547.0	43129.1	 0.0159	 100.00	1334.43
    318	400804	     45	   16.0	43543.0	43130.4	 0.0160	 100.00	1334.45
    319	400804	     45	    6.0	43545.0	43131.7	 0.0160	 100.00	1334.70
    320	400804	     45	   10.0	43539.0	43133.0	 0.0160	 100.00	1334.76
    321	400804	     45	    6.0	43545.0	43134.3	 0.0160	 100.00	1334.85
    322	400804	     45	    8.0	43545.0	43135.5	 0.0159	 100.00	1334.90
    323	400804	     45	   12.0	43545.0	43136.8	 0.0160	 100.00	1334.99
    324	400804	     45	   10.0	43543.0	43138.1	 0.0159	 100.00	1335.01
    325	400804	     45	    6.0	43549.0	43139.3	 0.0159	 100.00	1335.11
    326	400804	     45	   10.0	43547.0	43140.6	 0.0161	 100.00	1335.15
    327	400804	     45	    8.0	43551.0	43141.8	 0.0161	 100.00	1335.24
    328	400804	     45	   24.0	43531.0	43143.0	 0.0166	 100.00	1335.32
    329	400804	     45	    6.0	43533.0	43144.2	 0.0165	 100.00	1335.42
    330	400804	     45	    8.0	43537.0	43145.4	 0.0165	 100.00	1335.46
    331	400804	     45	    8.0	43537.0	43146.5	 0.0165	 100.00	1335.55
    332	400804	     45	   12.0	43537.0	43147.7	 0.0164	 100.00	1335.62
    333	400804	     45	   10.0	43535.0	43148.9	 0.0165	 100.00	1335.71
    334	400804	     45	    8.0	43539.0	43150.0	 0.0164	 100.00	1335.78
    335	400804	     45	    6.0	43541.0	43151.2	 0.0164	 100.00	1335.86
    336	400804	     45	   10.0	43535.0	43152.3	 0.0165	 100.00	1335.90
    337	400804	     45	    8.0	43539.0	43153.5	 0.0164	 100.00	1335.98
    338	400804	     45	   14.0	43533.0	43154.6	 0.0165	 100.00	1336.05
    339	400804	     45	    6.0	43539.0	43155.7	 0.0164	 100.00	1336.15
    340	400804	     45	   10.0	43537.0	43156.9	 0.0164	 100.00	1336.21
    341	400804	     45	   10.0	43539.0	43158.0	 0.0163	 100.00	1336.30
    342	400804	     45	    8.0	43539.0	43159.1	 0.0163	 100.00	1336.34
    343	400804	     45	    6.0	43545.0	43160.2	 0.0162	 100.00	1336.43
    344	400804	     45	   12.0	43537.0	43161.3	 0.0162	 100.00	1336.50
    345	400804	     45	    6.0	43539.0	43162.4	 0.0162	 100.00	1336.59
    346	400804	     45	   12.0	43539.0	43163.5	 0.0161	 100.00	1336.66
    347	400804	     45	    6.0	43541.0	43164.6	 0.0161	 100.00	1336.75
    348	400804	     45	   10.0	43543.0	43165.6	 0.0160	 100.00	1336.80
    349	400804	     45	   14.0	43537.0	43166.7	 0.0162	 100.00	1336.88
    350	400804	     45	   10.0	43539.0	43167.8	 0.0162	 100.00	1336.95
    351	400804	     45	    8.0	43539.0	43168.8	 0.0162	 100.00	1337.04
    352	400804	     45	    8.0	43535.0	43169.9	 0.0161	 100.00	1337.12
    353	400804	     45	    6.0	43541.0	43170.9	 0.0161	 100.00	1337.22
    354	400804	     45	   12.0	43537.0	43171.9	 0.0160	 100.00	1337.25
    355	400804	     45	    8.0	43541.0	43173.0	 0.0160	 100.00	1337.35
    356	400804	     45	   12.0	43537.0	43174.0	 0.0160	 100.00	1337.41
    357	400804	     45	    6.0	43543.0	43175.0	 0.0159	 100.00	1337.47
    358	400804	     45	    8.0	43543.0	43176.1	 0.0159	 100.00	1337.54
    359	400804	     45	   14.0	43541.0	43177.1	 0.0160	 100.00	1337.62
    360	400804	     45	    8.0	43537.0	43178.1	 0.0160	 100.00	1337.66
    361	400804	     45	    8.0	43537.0	43179.1	 0.0159	 100.00	1337.75
    362	400804	     45	    8.0	43541.0	43180.0	 0.0159	 100.00	1337.82
    363	400804	     45	    6.0	43543.0	43181.0	 0.0158	 100.00	1337.87
    364	400804	     45	   16.0	43539.0	43182.0	 0.0158	 100.00	1337.94
    365	400804	     45	    6.0	43541.0	43183.0	 0.0158	 100.00	1338.02
    366	400804	     45	    8.0	43545.0	43184.0	 0.0158	 100.00	1338.07
    367	400804	     45	    8.0	43545.0	43185.0	 0.0158	 100.00	1338.18
    368	400804	     45	    8.0	43541.0	43185.9	 0.0158	 100.00	1338.23
    369	400804	     45	   18.0	43535.0	43186.9	 0.0160	 100.00	1338.27
    370	400804	     45	    8.0	43535.0	43187.8	 0.0159	 100.00	1338.32
    371	400804	     45	    6.0	43541.0	43188.8	 0.0159	 100.00	1338.37
    372	400804	     45	   12.0	43537.0	43189.7	 0.0159	 100.00	1338.44
    373	400804	     45	    8.0	43541.0	43190.6	 0.0158	 100.00	1338.52
    374	400804	     45	   12.0	43537.0	43191.6	 0.0159	 100.00	1338.58
    375	400804	     45	    6.0	43543.0	43192.5	 0.0158	 100.00	1338.62
    376	400804	     45	    8.0	43539.0	43193.4	 0.0158	 100.00	1338.70
    377	400804	     45	    8.0	43539.0	43194.3	 0.0158	 100.00	1338.75
    378	400804	     45	   10.0	43541.0	43195.3	 0.0157	 100.00	1338.82
    379	400804	     45	   12.0	43537.0	43196.2	 0.0157	 100.00	1338.89
    380	400804	     45	   10.0	43539.0	43197.0	 0.0157	 100.00	1338.95
    381	400804	     45	    6.0	43541.0	43198.0	 0.0156	 100.00	1338.98
    382	400804	     45	   12.0	43541.0	43198.8	 0.0156	 100.00	1339.06
    383	400804	     45	    6.0	43543.0	43199.7	 0.0156	 100.00	1339.08
    384	400804	     45	   12.0	43535.0	43200.6	 0.0159	 100.00	1339.14
    385	400804	     45	    6.0	43541.0	43201.5	 0.0158	 100.00	1339.19
    386	400804	     45	    8.0	43541.0	43202.4	 0.0158	 100.00	1339.27
    387	400804	     45	   10.0	43543.0	43203.2	 0.0157	 100.00	1339.31
    388	400804	     45	   10.0	43541.0	43204.1	 0.0157	 100.00	1339.38
    389	400804	     45	    6.0	43547.0	43205.0	 0.0157	 100.00	1339.39
    390	400804	     45	   16.0	43539.0	43205.9	 0.0157	 100.00	1339.46
    391	400804	     45	    8.0	43543.0	43206.7	 0.0157	 100.00	1339.54
    392	400804	     45	   10.0	43537.0	43207.6	 0.0156	 100.00	1339.61
    393	400804	     45	    6.0	43539.0	43208.4	 0.0156	 100.00	1339.68
    394	400804	     45	    8.0	43543.0	43209.2	 0.0156	 100.00	1339.75
    395	400804	     45	   10.0	43541.0	43210.1	 0.0156	 100.00	1339.79
    396	400804	     45	   12.0	43541.0	43210.9	 0.0156	 100.00	1339.85
    397	400804	     45	    8.0	43541.0	43211.7	 0.0156	 100.00	1339.90
    398	400804	     45	    8.0	43545.0	43212.6	 0.0156	 100.00	1339.97
    399	400804	     45	    6.0	43547.0	43213.4	 0.0156	 100.00	1340.02
    400	400804	     45	   14.0	43537.0	43214.2	 0.0155	 100.00	1340.08
    401	400804	     45	    8.0	43541.0	43215.0	 0.0155	 100.00	1340.11
    402	400804	     45	   10.0	43539.0	43215.8	 0.0155	 100.00	1340.17
    403	400804	     45	    6.0	43545.0	43216.7	 0.0154	 100.00	1340.22
    404	400804	     45	   10.0	43543.0	43217.5	 0.0154	 100.00	1340.29
    405	400804	     45	   12.0	43543.0	43218.3	 0.0154	 100.00	1340.34
    406	400804	     45	    8.0	43543.0	43219.1	 0.0154	 100.00	1340.40
    407	400804	     45	    6.0	43549.0	43219.9	 0.0153	 100.00	1340.43
    408	400804	     45	   10.0	43543.0	43220.7	 0.0153	 100.00	1340.49
    409	400804	     45	    6.0	43545.0	43221.4	 0.0153	 100.00	1340.54
    410	400804	     45	   22.0	43535.0	43222.2	 0.0156	 100.00	1340.61
    411	400804	     45	    6.0	43537.0	43223.0	 0.0156	 100.00	1340.65
    412	400804	     45	   10.0	43539.0	43223.7	 0.0155	 100.00	1340.71
    413	400804	     45	    8.0	43539.0	43224.5	 0.0155	 100.00	1340.74
    414	400804	     45	   10.0	43541.0	43225.3	 0.0155	 100.00	1340.80
    415	400804	     45	   10.0	43539.0	43226.0	 0.0155	 100.00	1340.86
    416	400804	     45	    8.0	43535.0	43226.8	 0.0155	 100.00	1340.92
    417	400804	     45	    6.0	43541.0	43227.5	 0.0155	 100.00	1340.95
    418	400804	     45	   10.0	43539.0	43228.3	 0.0154	 100.00	1341.01
    419	400804	     45	    8.0	43543.0	43229.0	 0.0155	 100.00	1341.04
    420	400804	     45	   16.0	43535.0	43229.7	 0.0155	 100.00	1341.10
    421	400804	     45	    6.0	43541.0	43230.5	 0.0154	 100.00	1341.14
    422	400804	     45	    8.0	43541.0	43231.2	 0.0154	 100.00	1341.20
    423	400804	     45	   10.0	43543.0	43231.9	 0.0154	 100.00	1341.24
    424	400804	     45	    8.0	43539.0	43232.7	 0.0153	 100.00	1341.30
    425	400804	     45	   10.0	43537.0	43233.4	 0.0154	 100.00	1341.33
    426	400804	     45	    8.0	43541.0	43234.1	 0.0153	 100.00	1341.39
    427	400804	     45	    6.0	43543.0	43234.8	 0.0153	 100.00	1341.44
    428	400804	     45	   14.0	43541.0	43235.5	 0.0153	 100.00	1341.49
    429	400804	     45	    6.0	43543.0	43236.2	 0.0152	 100.00	1341.54
    430	400804	     45	    8.0	43547.0	43237.0	 0.0154	 100.00	1341.60
    431	400804	     45	   14.0	43541.0	43237.7	 0.0155	 100.00	1341.63
    432	400804	     45	    8.0	43537.0	43238.4	 0.0155	 100.00	1341.67
    433	400804	     45	   10.0	43539.0	43239.1	 0.0155	 100.00	1341.72
    434	400804	     45	    8.0	43539.0	43239.7	 0.0155	 100.00	1341.78
    435	400804	     45	    6.0	43545.0	43240.4	 0.0155	 100.00	1341.80
    436	400804	     45	   14.0	43539.0	43241.1	 0.0156	 100.00	1341.89
    437	400804	     45	    8.0	43543.0	43241.8	 0.0156	 100.00	1341.90
    438	400804	     45	   10.0	43541.0	43242.5	 0.0156	 100.00	1341.94
    439	400804	     45	    6.0	43547.0	43243.2	 0.0155	 100.00	1342.00
    440	400804	     45	    8.0	43543.0	43243.9	 0.0155	 100.00	1342.06
    441	400804	     45	   12.0	43539.0	43244.5	 0.0155	 100.00	1342.07
    442	400804	     45	   10.0	43541.0	43245.2	 0.0154	 100.00	1342.12
    443	400804	     45	    8.0	43541.0	43245.9	 0.0154	 100.00	1342.17
    444	400804	     45	   10.0	43543.0	43246.5	 0.0154	 100.00	1342.17
    445	400804	     45	    6.0	43545.0	43247.2	 0.0153	 100.00	1342.24
    446	400804	     45	   14.0	43543.0	43247.9	 0.0153	 100.00	1342.28
    447	400804	     45	    6.0	43545.0	43248.5	 0.0153	 100.00	1342.34
    448	400804	     45	   10.0	43539.0	43249.2	 0.0154	 100.00	1342.37
    449	400804	     45	    6.0	43545.0	43249.8	 0.0153	 100.00	1342.42
    450	400804	     45	    8.0	43545.0	43250.5	 0.0153	 100.00	1342.48
    451	400804	     45	   18.0	43539.0	43251.1	 0.0154	 100.00	1342.53
    452	400804	     45	   10.0	43537.0	43251.8	 0.0154	 100.00	1342.57
    453	400804	     45	    6.0	43543.0	43252.4	 0.0154	 100.00	1342.60
    454	400804	     45	   10.0	43541.0	43253.0	 0.0154	 100.00	1342.61
    455	400804	     45	    8.0	43545.0	43253.7	 0.0153	 100.00	1342.67
    456	400804	     45	   12.0	43537.0	43254.3	 0.0153	 100.00	1342.70
    457	400804	     45	    6.0	43539.0	43254.9	 0.0153	 100.00	1342.76
    458	400804	     45	    8.0	43543.0	43255.5	 0.0152	 100.00	1342.79
    459	400804	     45	    8.0	43543.0	43256.2	 0.0152	 100.00	1342.86
    460	400804	     45	   12.0	43543.0	43256.8	 0.0152	 100.00	1342.90
    461	400804	     45	   12.0	43539.0	43257.4	 0.0151	 100.00	1342.96
    462	400804	     45	    8.0	43543.0	43258.0	 0.0151	 100.00	1342.97
    463	400804	     45	    6.0	43545.0	43258.6	 0.0151	 100.00	1343.03
    464	400804	     45	   10.0	43539.0	43259.2	 0.0151	 100.00	1343.05
    465	400804	     45	    8.0	43543.0	43259.9	 0.0150	 100.00	1343.10
    466	400804	     45	   12.0	43539.0	43260.4	 0.0151	 100.00	1343.12
    467	400804	     45	    6.0	43545.0	43261.1	 0.0150	 100.00	1343.17
    468	400804	     45	   10.0	43543.0	43261.7	 0.0150	 100.00	1343.21
    469	400804	     45	   10.0	43545.0	43262.3	 0.0150	 100.00	1343.27
    470	400804	     45	    8.0	43545.0	43262.9	 0.0149	 100.00	1343.32
    471	400804	     45	    6.0	43551.0	43263.5	 0.0149	 100.00	1343.33
    472	400804	     45	   16.0	43539.0	43264.1	 0.0150	 100.00	1343.36
    473	400804	     45	    6.0	43541.0	43264.6	 0.0150	 100.00	1343.41
    474	400804	     45	   12.0	43541.0	43265.2	 0.0150	 100.00	1343.45
    475	400804	     45	    6.0	43543.0	43265.8	 0.0150	 100.00	1343.50
    476	400804	     45	   10.0	43545.0	43266.4	 0.0149	 100.00	1343.54
    477	400804	     45	   10.0	43543.0	43267.0	 0.0149	 100.00	1343.56
    478	400804	     45	   10.0	43545.0	43267.5	 0.0149	 100.00	1343.59
    479	400804	     45	    8.0	43545.0	43268.1	 0.0149	 100.00	1343.65
    480	400804	     45	    8.0	43541.0	43268.7	 0.0148	 100.00	1343.68
    481	400804	     45	    6.0	43547.0	43269.3	 0.0148	 100.00	1343.74
    482	400804	     45	   14.0	43541.0	43269.8	 0.0148	 100.00	1343.77
    483	400804	     45	    8.0	43545.0	43270.4	 0.0148	 100.00	1343.79
    484	400804	     45	   12.0	43541.0	43271.0	 0.0148	 100.00	1343.81
    485	400804	     45	    6.0	43547.0	43271.5	 0.0147	 100.00	1343.87
    486	400804	     45	    8.0	43547.0	43272.1	 0.0147	 100.00	1343.90
    487	400804	     45	   12.0	43547.0	43272.7	 0.0147	 100.00	1343.96
    488	400804	     45	    8.0	43543.0	43273.2	 0.0147	 100.00	1344.00
    489	400804	     45	    8.0	43543.0	43273.8	 0.0146	 100.00	1344.05
    490	400804	     45	    8.0	43547.0	43274.3	 0.0146	 100.00	1344.07
    491	400804	     45	    6.0	43549.0	43274.9	 0.0146	 100.00	1344.12
    492	400804	     45	   26.0	43535.0	43275.4	 0.0150	 100.00	1344.12
    493	400804	     45	    6.0	 1280.0	43190.4	 0.0150	 100.00	1343.16
    494	400804	     45	    8.0	    1.0	43103.1	 0.0150	 100.00	1341.81
    495	400804	     45	    8.0	    3.0	43016.2	 0.0150	 100.00	1340.57
    496	400804	     45	    8.0	    1.0	42929.7	 0.0149	 100.00	1339.57
    497	400804	     45	   12.0	    0.0	42843.5	 0.0149	 +99.80	1340.48
    498	400804	     45	    8.0	    8.0	42757.6	 0.0149	  99.80	1339.78
    499	400804	     45	    6.0	    6.0	42672.1	 0.0148	  99.80	1339.70
    500	400804	     45	   12.0	    0.0	42587.0	 0.0148	 +99.60	1341.34
    501	400804	     45	    8.0	    8.0	42502.2	 0.0148	  99.60	1340.60
    502	400804	     45	   14.0	   14.0	42417.7	 0.0149	  99.60	1339.85
    503	400804	     45	    6.0	    3.0	42333.5	 0.0148	  99.60	1339.26
    504	400804	     45	    8.0	    0.0	42249.7	 0.0148	 +99.41	1340.90
    505	400804	     45	    8.0	    8.0	42166.2	 0.0148	  99.41	1340.25
    506	400804	     45	   10.0	   10.0	42083.1	 0.0148	  99.41	1339.90
    507	400804	     45	   10.0	    1.0	42000.2	 0.0148	  99.41	1339.06
    508	400804	     45	   10.0	   11.0	41917.7	 0.0148	  99.41	1338.87
    509	400804	     45	    6.0	    7.0	41835.6	 0.0147	  99.41	1338.78
    510	400804	     45	   12.0	    2.0	41753.7	 0.0148	  99.41	1337.99
    511	400804	     45	    6.0	    8.0	41672.2	 0.0147	  99.41	1337.76
    512	400804	     45	   16.0	   18.0	41591.0	 0.0152	  99.42	1337.70
    513	400804	     45	    6.0	    6.0	41510.1	 0.0152	  99.42	1336.69
    514	400804	     45	    8.0	   14.0	41429.5	 0.0152	  99.42	1336.50
    515	400804	     45	   10.0	   10.0	41349.2	 0.0151	  99.42	1336.42
    516	400804	     45	   10.0	    0.0	41269.2	 0.0151	 +99.23	1337.49
    517	400804	     45	    6.0	    6.0	41189.6	 0.0151	  99.23	1336.89
    518	400804	     45	   12.0	   12.0	41110.2	 0.0152	  99.23	1336.92
    519	400804	     45	    8.0	    8.0	41031.2	 0.0151	  99.23	1336.98
    520	400804	     45	   10.0	   13.0	40952.5	 0.0151	  99.23	1337.14
    521	400804	     45	    6.0	   11.0	40874.0	 0.0151	  99.23	1337.20
    522	400804	     45	    8.0	    8.0	40795.9	 0.0151	  99.24	1337.12
    523	400804	     45	   12.0	    3.0	40718.0	 0.0151	  99.24	1336.21
    524	400804	     45	   12.0	    3.0	40640.5	 0.0151	  99.24	1334.68
    525	400804	     45	    8.0	    0.0	40563.2	 0.0151	 +99.05	1335.23
    526	400804	     45	    8.0	    8.0	40486.3	 0.0150	  99.05	1334.61
    527	400804	     45	    6.0	    6.0	40409.6	 0.0150	  99.05	1333.94
    528	400804	     45	   12.0	    0.0	40333.2	 0.0150	 +98.87	1335.06
    529	400804	     45	    8.0	    8.0	40257.1	 0.0150	  98.87	1334.46
    530	400804	     45	   10.0	   10.0	40181.3	 0.0149	  98.87	1334.11
    531	400804	     45	    6.0	    0.0	40105.8	 0.0149	 +98.68	1335.52
    532	400804	     45	   10.0	   10.0	40030.6	 0.0150	  98.69	1334.89
    533	400804	     45	   18.0	   16.0	39955.6	 0.0152	  98.69	1334.51
    534	400804	     45	    8.0	    7.0	39881.0	 0.0152	  98.69	1334.74
    535	400804	     45	    6.0	    0.0	39806.6	 0.0151	 +98.51	1336.08
    536	400804	     45	   10.0	   10.0	39732.5	 0.0151	  98.51	1335.47
    537	400804	     45	    6.0	    6.0	39658.6	 0.0151	  98.51	1334.74
    538	400804	     45	   14.0	    0.0	39585.0	 0.0151	 +98.33	1336.25
    539	400804	     45	    6.0	    6.0	39511.7	 0.0150	  98.33	1335.56
    540	400804	     45	   10.0	   10.0	39438.7	 0.0150	  98.34	1334.89
    541	400804	     45	    8.0	    0.0	39366.0	 0.0150	 +98.15	1336.62
    542	400804	     45	   10.0	   10.0	39293.5	 0.0149	  98.16	1336.02
    543	400804	     45	   12.0	   12.0	39221.3	 0.0149	  98.16	1335.94
    544	400804	     45	    8.0	    1.0	39149.3	 0.0149	  98.17	1335.67
    545	400804	     45	    6.0	    7.0	39077.6	 0.0149	  98.17	1335.51
    546	400804	     45	   10.0	   10.0	39006.2	 0.0149	  98.17	1335.44
    547	400804	     45	    8.0	    4.0	38935.0	 0.0149	  98.18	1335.07
    548	400804	     45	   14.0	    0.0	38864.1	 0.0149	 +98.00	1336.16
    549	400804	     45	    6.0	    6.0	38793.5	 0.0149	  98.00	1335.58
    550	400804	     45	    8.0	    8.0	38723.1	 0.0148	  98.00	1335.49
    551	400804	     45	   10.0	    0.0	38652.9	 0.0148	 +97.83	1336.81
    552	400804	     45	    8.0	    8.0	38583.0	 0.0148	  97.83	1336.23
    553	400804	     45	   14.0	   14.0	38513.4	 0.0148	  97.83	1336.13
    554	400804	     45	    8.0	   14.0	38444.1	 0.0148	  97.84	1335.98
    555	400804	     45	    6.0	    8.0	38374.9	 0.0148	  97.84	1335.66
    556	400804	     45	   14.0	    2.0	38306.0	 0.0148	  97.85	1335.11
    557	400804	     45	    6.0	    8.0	38237.4	 0.0148	  97.85	1334.96
    558	400804	     45	    8.0	    6.0	38169.0	 0.0148	  97.85	1334.85
    559	400804	     45	   10.0	    6.0	38100.9	 0.0149	  97.86	1334.01
    560	400804	     45	    8.0	   14.0	38033.0	 0.0149	  97.86	1333.84
    561	400804	     45	   10.0	   11.0	37965.3	 0.0148	  97.86	1333.75
    562	400804	     45	    8.0	    0.0	37897.9	 0.0148	 +97.69	1334.53
    563	400804	     45	    6.0	    6.0	37830.7	 0.0148	  97.70	1333.84
    564	400804	     45	   16.0	   13.0	37763.8	 0.0149	  97.70	1333.32
    565	400804	     45	    8.0	    3.0	37697.0	 0.0149	  97.70	1332.64
    566	400804	     45	   10.0	    0.0	37630.6	 0.0149	 +97.53	1333.23
    567	400804	     45	    6.0	    6.0	37564.3	 0.0149	  97.54	1332.56
    568	400804	     45	    8.0	    8.0	37498.3	 0.0149	  97.54	1332.00
    569	400804	     45	   10.0	    1.0	37432.5	 0.0148	  97.54	1331.64
    570	400804	     45	   10.0	    0.0	37367.0	 0.0148	 +97.37	1332.61
    571	400804	     45	    8.0	    8.0	37301.7	 0.0149	  97.38	1331.97
    572	400804	     45	   10.0	   14.0	37236.6	 0.0149	  97.38	1331.58
    573	400804	     45	    6.0	    5.0	37171.7	 0.0149	  97.39	1331.53
    574	400804	     45	   22.0	   17.0	37107.1	 0.0151	  97.39	1331.36
    575	400804	     45	    6.0	   14.0	37042.7	 0.0151	  97.40	1331.32
    576	400804	     45	   10.0	    1.0	36978.5	 0.0151	  97.40	1330.63
    577	400804	     45	    6.0	    5.0	36914.5	 0.0151	  97.40	1330.45
    578	400804	     45	    8.0	    8.0	36850.8	 0.0150	  97.41	1330.40
    579	400804	     45	   12.0	    2.0	36787.3	 0.0151	  97.41	1329.76
    580	400804	     45	   10.0	   12.0	36724.0	 0.0150	  97.42	1329.84
    581	400804	     45	    6.0	    8.0	36660.9	 0.0150	  97.42	1329.98
    582	400804	     45	   10.0	   10.0	36598.0	 0.0150	  97.43	1330.05
    583	400804	     45	    8.0	    7.0	36535.4	 0.0150	  97.43	1330.02
    584	400804	     45	   14.0	    2.0	36472.9	 0.0150	  97.44	1329.33
    585	400804	     45	    6.0	    8.0	36410.7	 0.0150	  97.44	1329.19
    586	400804	     45	    8.0	   10.0	36348.7	 0.0150	  97.44	1329.14
    587	400804	     45	    8.0	    0.0	36286.9	 0.0149	 +97.28	1330.33
    588	400804	     45	   12.0	   12.0	36225.3	 0.0149	  97.28	1329.80
    589	400804	     45	   10.0	   10.0	36163.9	 0.0149	  97.29	1329.41
    590	400804	     45	    8.0	    0.0	36102.7	 0.0149	 +97.12	1330.38
    591	400804	     45	    6.0	    6.0	36041.7	 0.0148	  97.13	1329.76
    592	400804	     45	   10.0	   10.0	35981.0	 0.0148	  97.13	1329.43
    593	400804	     45	    8.0	    0.0	35920.4	 0.0148	 +96.97	1330.64
    594	400804	     45	   16.0	   16.0	35860.0	 0.0148	  96.97	1329.96
    595	400804	     45	    6.0	    8.0	35799.9	 0.0148	  96.98	1329.65
    596	400804	     45	   10.0	    0.0	35739.9	 0.0148	 +96.82	1331.00
    597	400804	     45	   10.0	   10.0	35680.2	 0.0148	  96.82	1330.42
    598	400804	     45	    8.0	    8.0	35620.6	 0.0147	  96.83	1330.09
    599	400804	     45	    6.0	    4.0	35561.3	 0.0148	  96.83	1329.59
    600	400804	     45	   12.0	    8.0	35502.1	 0.0149	  96.84	1329.49
    601	400804	     45	    6.0	    8.0	35443.1	 0.0149	  96.84	1329.66
    602	400804	     45	   12.0	    4.0	35384.4	 0.0150	  96.85	1329.20
    603	400804	     45	    6.0	    6.0	35325.8	 0.0150	  96.85	1329.38
    604	400804	     45	   10.0	   11.0	35267.4	 0.0150	  96.86	1329.53
    605	400804	     45	   12.0	    1.0	35209.2	 0.0150	  96.86	1328.84
    606	400804	     45	   10.0	   11.0	35151.2	 0.0150	  96.87	1328.74
    607	400804	     45	    8.0	   10.0	35093.4	 0.0150	  96.88	1328.68
    608	400804	     45	    8.0	    3.0	35035.8	 0.0150	  96.88	1328.42
    609	400804	     45	    6.0	    5.0	34978.4	 0.0151	  96.89	1328.30
    610	400804	     45	   12.0	    8.0	34921.2	 0.0151	  96.89	1328.25
    611	400804	     45	    8.0	    1.0	34864.1	 0.0151	  96.90	1328.02
    612	400804	     45	   12.0	   13.0	34807.2	 0.0151	  96.90	1328.12
    613	400804	     45	    6.0	    5.0	34750.6	 0.0151	  96.91	1328.30
    614	400804	     45	    8.0	    0.0	34694.1	 0.0151	 +96.75	1329.30
    615	400804	     45	   18.0	   18.0	34637.8	 0.0153	  96.75	1328.80
    616	400804	     45	    8.0	   13.0	34581.7	 0.0153	  96.76	1328.96
    617	400804	     45	    8.0	   11.0	34525.7	 0.0152	  96.76	1328.88
    618	400804	     45	    8.0	    8.0	34469.9	 0.0152	  96.77	1328.82
    619	400804	     45	    6.0	    0.0	34414.4	 0.0152	 +96.61	1329.90
    620	400804	     45	   16.0	   16.0	34359.0	 0.0152	  96.62	1329.35
    621	400804	     45	    6.0	    6.0	34303.7	 0.0151	  96.62	1329.31
    622	400804	     45	    8.0	    2.0	34248.7	 0.0152	  96.63	1328.61
    623	400804	     45	    8.0	    6.0	34193.8	 0.0151	  96.63	1328.30
    624	400804	     45	    8.0	   10.0	34139.1	 0.0151	  96.64	1327.91
    625	400804	     45	   14.0	    3.0	34084.6	 0.0152	  96.65	1327.64
    626	400804	     45	    8.0	    3.0	34030.2	 0.0152	  96.65	1326.70
    627	400804	     45	    6.0	    0.0	33976.0	 0.0151	 +96.50	1327.31
    628	400804	     45	   12.0	   12.0	33922.0	 0.0151	  96.50	1326.73
    629	400804	     45	    8.0	    7.0	33868.2	 0.0151	  96.51	1326.41
    630	400804	     45	   12.0	    0.0	33814.5	 0.0151	 +96.35	1327.38
    631	400804	     45	    6.0	    6.0	33761.0	 0.0150	  96.36	1326.76
    632	400804	     45	    8.0	    8.0	33707.7	 0.0150	  96.37	1326.46
    633	400804	     45	    8.0	    1.0	33654.5	 0.0150	  96.37	1326.14
    634	400804	     45	   10.0	   11.0	33601.6	 0.0150	  96.38	1326.38
    635	400804	     45	   14.0	   13.0	33548.7	 0.0150	  96.38	1326.70
    636	400804	     45	   10.0	   15.0	33496.1	 0.0150	  96.39	1326.94
    637	400804	     45	    6.0	    5.0	33443.6	 0.0150	  96.39	1327.26
    638	400804	     45	   12.0	    9.0	33391.3	 0.0150	  96.40	1327.50
    639	400804	     45	    6.0	    6.0	33339.1	 0.0150	  96.41	1327.76
    640	400804	     45	   12.0	   10.0	33287.1	 0.0153	  96.41	1327.67
    641	400804	     45	    6.0	    9.0	33235.3	 0.0152	  96.42	1327.65
    642	400804	     45	    8.0	    0.0	33183.6	 0.0152	 +96.27	1329.00
    643	400804	     45	   10.0	   10.0	33132.1	 0.0152	  96.27	1328.55
    644	400804	     45	   10.0	   11.0	33080.7	 0.0153	  96.28	1328.43
    645	400804	     45	    6.0	    9.0	33029.5	 0.0153	  96.28	1328.34
    646	400804	     45	   14.0	   15.0	32978.5	 0.0154	  96.29	1328.28
    647	400804	     45	    8.0	    4.0	32927.6	 0.0154	  96.30	1327.62
    648	400804	     45	   10.0	   14.0	32876.9	 0.0155	  96.30	1327.49
    649	400804	     45	    6.0	    9.0	32826.4	 0.0155	  96.31	1327.44
    650	400804	     45	    8.0	    5.0	32775.9	 0.0156	  96.31	1326.71
    651	400804	     45	   10.0	    5.0	32725.7	 0.0156	  96.32	1326.56
    652	400804	     45	   12.0	   11.0	32675.6	 0.0157	  96.32	1326.52
    653	400804	     45	    8.0	    4.0	32625.6	 0.0157	  96.33	1325.90
    654	400804	     45	    8.0	   12.0	32575.8	 0.0157	  96.34	1325.81
    655	400804	     45	    6.0	    7.0	32526.2	 0.0156	  96.34	1325.74
    656	400804	     45	   26.0	   18.0	32476.7	 0.0162	  96.35	1325.24
    657	400804	     45	    8.0	   18.0	32427.4	 0.0162	  96.35	1325.32
    658	400804	     45	   10.0	   22.0	32378.2	 0.0161	  96.36	1325.45
    659	400804	     45	    6.0	   24.0	32329.2	 0.0161	  96.36	1325.51
    660	400804	     45	   10.0	   10.0	32280.3	 0.0161	  96.37	1325.66
    661	400804	     45	   12.0	   10.0	32231.5	 0.0161	  96.37	1325.74
    662	400804	     45	    8.0	    8.0	32182.9	 0.0160	  96.38	1325.67
    663	400804	     45	    6.0	    0.0	32134.5	 0.0160	 +96.23	1326.59
    664	400804	     45	   10.0	   10.0	32086.2	 0.0161	  96.24	1326.11
    665	400804	     45	    6.0	    9.0	32038.0	 0.0161	  96.25	1326.09
    666	400804	     45	   16.0	    7.0	31990.0	 0.0160	  96.25	1325.97
    667	400804	     45	    6.0	    6.0	31942.1	 0.0160	  96.26	1325.93
    668	400804	     45	   10.0	    0.0	31894.3	 0.0160	 +96.11	1326.88
    669	400804	     45	    8.0	    8.0	31846.8	 0.0160	  96.12	1326.39
    670	400804	     45	   10.0	   10.0	31799.3	 0.0159	  96.13	1326.32
    671	400804	     45	   10.0	    8.0	31752.0	 0.0159	  96.13	1326.19
    672	400804	     45	    8.0	    8.0	31704.8	 0.0160	  96.14	1326.16
    673	400804	     45	    6.0	    7.0	31657.8	 0.0160	  96.14	1325.40
    674	400804	     45	   10.0	    7.0	31610.9	 0.0159	  96.15	1325.29
    675	400804	     45	    8.0	    8.0	31564.2	 0.0159	  96.15	1325.22
    676	400804	     45	   18.0	    0.0	31517.5	 0.0159	 +96.01	1326.10
    677	400804	     45	    6.0	    6.0	31471.1	 0.0159	  96.02	1325.60
    678	400804	     45	    8.0	    8.0	31424.7	 0.0159	  96.02	1325.57
    679	400804	     45	   10.0	    0.0	31378.5	 0.0158	 +95.88	1326.18
    680	400804	     45	    8.0	    8.0	31332.4	 0.0158	  95.89	1325.65
    681	400804	     45	   10.0	   10.0	31286.5	 0.0158	  95.89	1325.35
    682	400804	     45	    8.0	    0.0	31240.7	 0.0158	 +95.75	1326.26
    683	400804	     45	    6.0	    6.0	31195.0	 0.0157	  95.76	1325.75
    684	400804	     45	   14.0	   14.0	31149.5	 0.0157	  95.77	1325.42
    685	400804	     45	    6.0	    1.0	31104.1	 0.0157	  95.77	1324.91
    686	400804	     45	    8.0	    6.0	31058.9	 0.0159	  95.78	1324.15
    687	400804	     45	   12.0	    2.0	31013.7	 0.0159	  95.78	1323.40
    688	400804	     45	    8.0	    1.0	30968.7	 0.0158	  95.79	1322.61
    689	400804	     45	   10.0	    0.0	30923.8	 0.0158	 +95.65	1323.59
    690	400804	     45	    8.0	    8.0	30879.1	 0.0158	  95.66	1323.17
    691	400804	     45	    6.0	    6.0	30834.5	 0.0158	  95.66	1323.16
    692	400804	     45	   14.0	    0.0	30790.0	 0.0158	 +95.53	1324.25
    693	400804	     45	    8.0	    8.0	30745.6	 0.0157	  95.53	1323.75
    694	400804	     45	   10.0	   10.0	30701.4	 0.0157	  95.54	1323.71
    695	400804	     45	    6.0	    0.0	30657.3	 0.0157	 +95.40	1325.11
    696	400804	     45	    8.0	    8.0	30613.3	 0.0157	  95.41	1324.67
    697	400804	     45	   16.0	   16.0	30569.5	 0.0157	  95.42	1324.35
    698	400804	     45	   10.0	    4.0	30525.7	 0.0157	  95.42	1324.13
    699	400804	     45	    8.0	    0.0	30482.1	 0.0157	 +95.29	1325.32
    700	400804	     45	   10.0	   10.0	30438.7	 0.0158	  95.29	1324.88
    701	400804	     45	    6.0	    5.0	30395.3	 0.0158	  95.30	1324.62
    702	400804	     45	   14.0	    2.0	30352.1	 0.0158	  95.31	1324.21
    703	400804	     45	    6.0	    2.0	30309.0	 0.0158	  95.31	1323.62
    704	400804	     45	   10.0	    4.0	30266.0	 0.0158	  95.32	1322.95
    705	400804	     45	    6.0	    8.0	30223.1	 0.0158	  95.33	1322.36
    706	400804	     45	    8.0	    1.0	30180.4	 0.0158	  95.33	1321.59
    707	400804	     45	   14.0	    6.0	30137.8	 0.0159	  95.34	1320.69
    708	400804	     45	   10.0	    3.0	30095.3	 0.0159	  95.35	1319.86
    709	400804	     45	    6.0	    0.0	30052.9	 0.0158	 +95.21	1320.56
    710	400804	     45	   10.0	   10.0	30010.6	 0.0158	  95.22	1320.04
    711	400804	     45	    8.0	    8.0	29968.5	 0.0158	  95.22	1319.80
    712	400804	     45	   12.0	    1.0	29926.4	 0.0158	  95.23	1319.41
    713	400804	     45	    6.0	    0.0	29884.5	 0.0158	 +95.10	1320.09
    714	400804	     45	    8.0	    8.0	29842.7	 0.0158	  95.10	1319.61
    715	400804	     45	    8.0	    8.0	29801.1	 0.0157	  95.11	1319.37
    716	400804	     45	   12.0	    2.0	29759.5	 0.0157	  95.12	1319.02
    717	400804	     45	   14.0	    1.0	29718.1	 0.0158	  95.13	1318.28
    718	400804	     45	    8.0	    3.0	29676.7	 0.0158	  95.13	1317.69
    719	400804	     45	    6.0	    3.0	29635.5	 0.0157	  95.14	1317.08
    720	400804	     45	   10.0	    0.0	29594.4	 0.0157	 +95.01	1317.97
    721	400804	     45	    8.0	    8.0	29553.4	 0.0157	  95.01	1317.52
    722	400804	     45	   12.0	   12.0	29512.6	 0.0157	  95.02	1317.48
    723	400804	     45	    6.0	    0.0	29471.8	 0.0157	 +94.89	1318.40
    724	400804	     45	   10.0	   10.0	29431.2	 0.0156	  94.90	1317.93
    725	400804	     45	   10.0	   10.0	29390.7	 0.0156	  94.90	1317.92
    726	400804	     45	    8.0	    6.0	29350.2	 0.0156	  94.91	1317.77
    727	400804	     45	    6.0	    6.0	29309.9	 0.0156	  94.92	1317.77
    728	400804	     45	   14.0	    4.0	29269.7	 0.0156	  94.92	1317.51
    729	400804	     45	    6.0	   10.0	29229.6	 0.0156	  94.93	1317.24
    730	400804	     45	   12.0	   12.0	29189.7	 0.0156	  94.94	1316.96
    731	400804	     45	    6.0	    0.0	29149.8	 0.0156	 +94.81	1318.17
    732	400804	     45	   10.0	   10.0	29110.0	 0.0156	  94.82	1317.69
    733	400804	     45	   10.0	    8.0	29070.4	 0.0156	  94.82	1317.37
    734	400804	     45	   10.0	    0.0	29030.8	 0.0156	 +94.69	1318.64
    735	400804	     45	    8.0	    8.0	28991.4	 0.0155	  94.70	1318.20
    736	400804	     45	    8.0	    8.0	28952.1	 0.0155	  94.71	1318.15
    737	400804	     45	    6.0	    2.0	28912.9	 0.0155	  94.72	1317.46
    738	400804	     45	   20.0	   20.0	28873.8	 0.0156	  94.72	1317.15
    739	400804	     45	    8.0	   12.0	28834.8	 0.0156	  94.73	1316.86
    740	400804	     45	   12.0	    0.0	28795.8	 0.0156	 +94.60	1318.13
    741	400804	     45	    6.0	    6.0	28757.0	 0.0155	  94.61	1317.72
    742	400804	     45	    8.0	    8.0	28718.4	 0.0155	  94.62	1317.50
    743	400804	     45	   12.0	    0.0	28679.8	 0.0155	 +94.49	1318.54
    744	400804	     45	    8.0	    8.0	28641.3	 0.0155	  94.50	1318.13
    745	400804	     45	    8.0	    8.0	28602.9	 0.0155	  94.50	1318.22
    746	400804	     45	    8.0	    8.0	28564.6	 0.0154	  94.51	1318.27
    747	400804	     45	    6.0	    6.0	28526.4	 0.0154	  94.52	1318.42
    748	400804	     45	   18.0	   12.0	28488.4	 0.0154	  94.53	1318.47
    749	400804	     45	    6.0	    7.0	28450.4	 0.0154	  94.53	1318.60
    750	400804	     45	    8.0	    7.0	28412.5	 0.0154	  94.54	1318.49
    751	400804	     45	    8.0	    8.0	28374.7	 0.0154	  94.55	1318.46
    752	400804	     45	    8.0	    0.0	28337.1	 0.0153	 +94.42	1319.68
    753	400804	     45	   12.0	   12.0	28299.5	 0.0153	  94.43	1319.30
    754	400804	     45	    8.0	    8.0	28262.0	 0.0153	  94.44	1319.22
    755	400804	     45	    6.0	   12.0	28224.6	 0.0153	  94.44	1318.93
