./asc:main.c:294: warning: auxv random bytes were not cleared
  Round	    PC	Excited	Hamming	   Loss	 Regret	    MSE	  Error	   MIPS
      0	40010c	      9	12681.0	12681.0	12681.0	 0.2058	 100.00	0.00432
      1	40013d	      9	  269.0	12946.0	 6473.0	 0.1592	 100.00	0.00570
      2	40013d	      9	    4.0	12946.0	 4315.3	 0.1561	 100.00	0.00684
      3	40013d	      9	    1.0	12947.0	 3236.8	 0.1467	 100.00	0.00809
      4	40013d	      9	    4.0	12947.0	 5178.8	 0.1509	 100.00	0.00926
      5	40013d	      9	    1.0	12948.0	 6473.7	 0.1431	 100.00	0.01034
      6	40013d	      9	    5.0	12949.0	 7398.7	 0.1614	 100.00	0.01136
      7	40013d	      9	    4.0	12949.0	 8092.5	 0.1679	 100.00	0.01231
      8	40013d	      9	    8.0	12947.0	 8631.9	 0.1845	 100.00	0.01406
