./asc:main.c:294: warning: auxv random bytes were not cleared
  Round	    PC	Excited	Hamming	   Loss	 Regret	    MSE	  Error	   MIPS
      0	40010c	     15	12668.0	12668.0	12668.0	 0.2028	 100.00	0.00436
      1	400142	     15	  267.0	12927.0	 6463.5	 0.2009	 100.00	0.00566
      2	400142	     15	    6.0	12929.0	 4309.7	 0.1874	 100.00	0.00673
      3	400142	     15	    3.0	12928.0	 3232.0	 0.1768	 100.00	0.00778
      4	400142	     15	    6.0	12926.0	 5170.8	 0.1678	 100.00	0.00874
      5	400142	     15	   10.0	12928.0	 6463.7	 0.1770	 100.00	0.00960
      6	400142	     15	    5.0	12927.0	 7387.0	 0.1738	 100.00	0.01038
      7	400142	     15	    7.0	12928.0	 8079.6	 0.1711	 100.00	0.01110
      8	400142	     15	    9.0	12927.0	 8618.2	 0.1761	 100.00	0.01232
