./asc:main.c:225: warning: auxv random bytes were not cleared
  Round	    PC	Excited	Hamming	   Loss	 Regret	    MSE	Logloss	 Misses	   MIPS
      0	400144	     75	    0.0	42313.0	42313.0	 0.0000	    inf	 100.00	0.41668
      1	4007e8	     75	    0.0	 1257.0	  628.5	 0.0000	    inf	 100.00	 550.61
./asc:main.c:284: warning: worker pid `12913' SIGSEGV: bad speculation?
      2	4007e8	     83	   20.0	 1178.0	  392.7	 0.2542	57.6088	 100.00	 891.65
      3	4007e8	     87	   25.0	 1183.0	  295.8	 0.2522	62.2605	 100.00	1047.26
      4	4007e8	     87	   15.0	 1184.0	  473.4	 0.2323	 4.8791	 100.00	1144.62
      5	4007e8	     89	   25.0	 1185.0	  592.0	 0.2563	68.7034	 100.00	1241.12
      6	4007e8	     91	   30.0	 1189.0	  677.3	 0.2476	46.3967	 100.00	1302.34
      7	4007e8	     91	   20.0	 1183.0	  740.5	 0.2157	 4.5813	 100.00	1345.00
      8	4007e8	     91	   15.0	 1184.0	  789.8	 0.1962	20.0308	 100.00	1387.05
      9	4007e8	     93	   35.0	 1191.0	  829.9	 0.2490	47.7416	 100.00	1425.73
     10	4007e8	     93	   20.0	 1185.0	  862.2	 0.2283	 4.6216	 100.00	1449.15
     11	4007e8	     95	   35.0	 1186.0	  889.2	 0.2458	46.7829	 100.00	1476.75
     12	4007e8	     95	   15.0	 1187.0	  912.1	 0.2274	 9.1733	 100.00	1493.49
     13	4007e8	     95	   25.0	 1188.0	  931.8	 0.2203	51.2529	 100.00	1511.39
     14	4007e8	     95	   25.0	 1193.0	  949.2	 0.2029	 9.8126	 100.00	1527.15
     15	4007e8	     95	   20.0	 1187.0	  964.1	 0.1946	48.6461	 100.00	1540.97
     16	4007e8	     95	   15.0	 1188.0	  977.2	 0.1645	 0.4260	 100.00	1553.16
     17	4007e8	     97	   45.0	 1189.0	  989.0	 0.2494	46.3653	 100.00	1565.44
     18	4007e8	     97	   20.0	 1183.0	  999.2	 0.2391	24.2424	 100.00	1573.35
     19	4007e8	     97	   25.0	 1188.0	 1008.6	 0.2107	23.9533	 100.00	1582.98
     20	4007e8	     97	   15.0	 1189.0	 1017.2	 0.1857	12.7412	 100.00	1591.75
     21	4007e8	     97	   25.0	 1190.0	 1025.1	 0.1800	60.7918	 100.00	1599.57
     22	4007e8	     99	   40.0	 1188.0	 1032.2	 0.2447	47.6645	 100.00	1607.09
     23	4007e8	     99	   20.0	 1182.0	 1038.4	 0.2271	10.8413	 100.00	1612.07
     24	4007e8	     99	   15.0	 1183.0	 1044.2	 0.2001	40.4108	 100.00	1618.08
     25	4007e8	     99	   35.0	 1190.0	 1049.8	 0.1988	25.8307	 100.00	1624.34
     26	4007e8	     99	   20.0	 1184.0	 1054.8	 0.2149	51.7578	 100.00	1630.04
     27	4007e8	     99	   30.0	 1188.0	 1059.5	 0.1961	46.3646	 100.00	1635.45
     28	4007e8	     99	   15.0	 1189.0	 1064.0	 0.1870	2.1e+02	 100.00	1640.19
     29	4007e8	     99	   25.0	 1190.0	 1068.2	 0.2452	42.5016	 100.00	1644.57
     30	4007e8	     99	   25.0	 1195.0	 1072.3	 0.2240	22.3744	 100.00	1648.69
     31	4007e8	     99	   20.0	 1189.0	 1075.9	 0.2111	12.6549	 100.00	1652.82
     32	4007e8	     99	   15.0	 1190.0	 1079.4	 0.2026	37.0803	 100.00	1656.59
     33	4007e8	    101	   55.0	 1183.0	 1082.4	 0.2529	71.4972	 100.00	1660.57
     34	4007e8	    101	   20.0	 1177.0	 1085.1	 0.2524	71.4824	 100.00	1662.81
     35	4007e8	    101	   25.0	 1182.0	 1087.8	 0.2422	21.9588	 100.00	1665.77
     36	4007e8	    101	   15.0	 1183.0	 1090.4	 0.2139	19.1575	 100.00	1668.62
     37	4007e8	    101	   25.0	 1184.0	 1092.9	 0.2005	77.8159	 100.00	1672.15
     38	4007e8	    101	   30.0	 1188.0	 1095.3	 0.1885	39.9958	 100.00	1675.25
     39	4007e8	    101	   20.0	 1182.0	 1097.5	 0.1812	32.3558	 100.00	1677.85
     40	4007e8	    101	   15.0	 1183.0	 1099.6	 0.1656	 7.7540	 100.00	1680.45
     41	4007e8	    101	   35.0	 1190.0	 1101.7	 0.1754	73.9705	 100.00	1682.91
     42	4007e8	    101	   20.0	 1184.0	 1103.6	 0.1666	 0.3112	 100.00	1685.49
     43	4007e8	    101	   30.0	 1198.0	 1105.8	 0.1783	1.3e+02	 100.00	1687.68
     44	4007e8	    101	   20.0	 1188.0	 1107.6	 0.1719	51.3001	 100.00	1689.64
     45	4007e8	    101	   15.0	 1193.0	 1109.5	 0.1624	18.7206	 100.00	1691.59
     46	4007e8	    101	   35.0	 1194.0	 1111.3	 0.1615	29.2215	 100.00	1693.48
     47	4007e8	    101	   15.0	 1199.0	 1113.1	 0.1582	33.8941	 100.00	1695.22
     48	4007e8	    101	   20.0	 1189.0	 1114.6	 0.1537	18.9776	 100.00	1696.84
     49	4007e8	    101	   25.0	 1204.0	 1116.4	 0.1553	75.9820	 100.00	1698.54
     50	4007e8	    101	   40.0	 1184.0	 1117.7	 0.1590	38.4867	 100.00	1700.10
     51	4007e8	    101	   20.0	 1200.0	 1119.3	 0.1623	49.4118	 100.00	1701.77
     52	4007e8	    101	   20.0	 1190.0	 1120.7	 0.1594	21.2994	 100.00	1703.40
     53	4007e8	    101	   15.0	 1195.0	 1122.0	 0.1561	12.2998	 100.00	1704.76
     54	4007e8	    101	   45.0	 1192.0	 1123.3	 0.1618	79.8074	 100.00	1706.03
     55	4007e8	    101	   15.0	 1197.0	 1124.6	 0.1563	21.5351	 100.00	1707.36
     56	4007e8	    101	   20.0	 1187.0	 1125.7	 0.1551	38.3942	 100.00	1708.64
     57	4007e8	    101	   20.0	 1203.0	 1127.1	 0.1543	34.2071	 100.00	1709.92
     58	4007e8	    101	   35.0	 1188.0	 1128.1	 0.1549	49.2395	 100.00	1711.41
     59	4007e8	    101	   25.0	 1203.0	 1129.3	 0.1560	50.1807	 100.00	1712.34
     60	4007e8	    101	   20.0	 1193.0	 1130.4	 0.1543	38.7740	 100.00	1713.48
     61	4007e8	    101	   15.0	 1198.0	 1131.5	 0.1529	22.1777	 100.00	1714.67
     62	4007e8	    101	   35.0	 1199.0	 1132.5	 0.1532	15.2785	 100.00	1715.72
     63	4007e8	    101	   15.0	 1204.0	 1133.7	 0.1526	22.1595	 100.00	1716.70
     64	4007e8	    101	   20.0	 1194.0	 1134.6	 0.1519	38.3464	 100.00	1717.60
     65	4007e8	    101	   35.0	 1203.0	 1135.6	 0.1544	54.5651	 100.00	1718.59
     66	4007e8	    103	   50.0	 1173.0	 1136.2	 0.2510	54.8915	 100.00	1719.69
     67	4007e8	    103	   20.0	 1189.0	 1137.0	 0.2560	16.0850	 100.00	1719.93
     68	4007e8	    103	   20.0	 1179.0	 1137.6	 0.2347	70.4743	 100.00	1721.00
     69	4007e8	    103	   15.0	 1184.0	 1138.2	 0.2040	11.2388	 100.00	1722.04
     70	4007e8	    103	   40.0	 1184.0	 1138.9	 0.2142	1.0e+02	 100.00	1723.05
     71	4007e8	    103	   15.0	 1189.0	 1139.6	 0.1846	13.0738	 100.00	1723.85
     72	4007e8	    103	   20.0	 1179.0	 1140.1	 0.1777	49.7579	 100.00	1724.62
     73	4007e8	    103	   20.0	 1195.0	 1140.9	 0.1766	61.0594	 100.00	1725.15
     74	4007e8	    103	   35.0	 1180.0	 1141.4	 0.1697	69.9663	 100.00	1725.76
     75	4007e8	    103	   30.0	 1192.0	 1142.0	 0.1757	58.1405	 100.00	1726.31
     76	4007e8	    103	   20.0	 1182.0	 1142.6	 0.1713	32.1238	 100.00	1726.88
     77	4007e8	    103	   15.0	 1187.0	 1143.1	 0.1645	 9.6657	 100.00	1727.44
     78	4007e8	    103	   35.0	 1188.0	 1143.7	 0.1662	85.5094	 100.00	1727.93
     79	4007e8	    103	   15.0	 1193.0	 1144.3	 0.1565	10.0747	 100.00	1728.49
     80	4007e8	    103	   20.0	 1183.0	 1144.8	 0.1554	1.0e+02	 100.00	1728.99
     81	4007e8	    103	   25.0	 1198.0	 1145.4	 0.1576	25.5403	 100.00	1729.59
     82	4007e8	    103	   40.0	 1178.0	 1145.8	 0.1607	73.3041	 100.00	1730.28
     83	4007e8	    103	   20.0	 1194.0	 1146.4	 0.1759	41.8186	 100.00	1730.97
     84	4007e8	    103	   20.0	 1184.0	 1146.8	 0.1743	23.7222	 100.00	1731.63
     85	4007e8	    103	   15.0	 1189.0	 1147.3	 0.1690	20.1485	 100.00	1732.26
     86	4007e8	    103	   35.0	 1192.0	 1147.9	 0.1752	1.2e+02	 100.00	1732.79
     87	4007e8	    103	   25.0	 1193.0	 1148.4	 0.1715	28.9796	 100.00	1733.44
     88	4007e8	    103	   15.0	 1194.0	 1148.9	 0.1694	25.6108	 100.00	1733.89
     89	4007e8	    103	   25.0	 1199.0	 1149.4	 0.1677	30.6581	 100.00	1734.30
     90	4007e8	    103	   20.0	 1193.0	 1149.9	 0.1639	 9.3266	 100.00	1734.80
     91	4007e8	    103	   40.0	 1199.0	 1150.4	 0.1674	1.2e+02	 100.00	1735.31
     92	4007e8	    103	   15.0	 1200.0	 1151.0	 0.1660	60.4744	 100.00	1735.81
     93	4007e8	    103	   20.0	 1194.0	 1151.4	 0.1621	46.3272	 100.00	1736.28
     94	4007e8	    103	   25.0	 1199.0	 1151.9	 0.1598	44.7323	 100.00	1736.76
     95	4007e8	    103	   25.0	 1200.0	 1152.4	 0.1580	26.4340	 100.00	1737.26
     96	4007e8	    103	   15.0	 1201.0	 1152.9	 0.1569	24.1565	 100.00	1737.85
     97	4007e8	    103	   35.0	 1202.0	 1153.4	 0.1588	58.6162	 100.00	1738.45
     98	4007e8	    103	   20.0	 1196.0	 1153.9	 0.1565	13.0491	 100.00	1738.93
     99	4007e8	    103	   45.0	 1193.0	 1154.3	 0.1610	1.1e+02	 100.00	1739.39
    100	4007e8	    103	   15.0	 1194.0	 1154.7	 0.1597	33.7242	 100.00	1739.89
    101	4007e8	    103	   20.0	 1188.0	 1155.0	 0.1576	18.6353	 100.00	1740.41
    102	4007e8	    103	   30.0	 1192.0	 1155.3	 0.1579	48.1288	 100.00	1740.98
    103	4007e8	    103	   25.0	 1193.0	 1155.7	 0.1565	30.5717	 100.00	1741.31
    104	4007e8	    103	   15.0	 1194.0	 1156.1	 0.1557	13.9797	 100.00	1741.73
    105	4007e8	    103	   25.0	 1199.0	 1156.5	 0.1558	39.9861	 100.00	1742.21
    106	4007e8	    103	   20.0	 1193.0	 1156.8	 0.1536	 6.7085	 100.00	1742.67
    107	4007e8	    103	   50.0	 1193.0	 1157.1	 0.1586	1.4e+02	 100.00	1743.10
    108	4007e8	    103	   15.0	 1194.0	 1157.5	 0.1571	27.8710	 100.00	1743.56
    109	4007e8	    103	   20.0	 1188.0	 1157.8	 0.1552	24.3050	 100.00	1743.99
    110	4007e8	    103	   25.0	 1193.0	 1158.1	 0.1542	33.4495	 100.00	1744.57
    111	4007e8	    103	   25.0	 1194.0	 1158.4	 0.1536	39.7850	 100.00	1744.97
    112	4007e8	    103	   15.0	 1195.0	 1158.7	 0.1525	26.8337	 100.00	1745.37
    113	4007e8	    103	   30.0	 1199.0	 1159.1	 0.1528	39.0468	 100.00	1745.82
    114	4007e8	    103	   20.0	 1193.0	 1159.4	 0.1515	17.5021	 100.00	1746.20
    115	4007e8	    103	   40.0	 1195.0	 1159.7	 0.1528	47.1989	 100.00	1746.59
    116	4007e8	    103	   15.0	 1196.0	 1160.0	 0.1525	18.1761	 100.00	1747.14
    117	4007e8	    103	   20.0	 1190.0	 1160.2	 0.1512	21.3557	 100.00	1747.39
    118	4007e8	    103	   35.0	 1191.0	 1160.5	 0.1523	77.1274	 100.00	1747.76
    119	4007e8	    103	   25.0	 1192.0	 1160.8	 0.1515	16.7646	 100.00	1748.13
    120	4007e8	    103	   15.0	 1193.0	 1161.0	 0.1513	27.4336	 100.00	1748.46
    121	4007e8	    103	   25.0	 1198.0	 1161.3	 0.1508	60.9386	 100.00	1748.90
    122	4007e8	    103	   20.0	 1192.0	 1161.6	 0.1500	34.8469	 100.00	1749.19
    123	4007e8	    103	   40.0	 1198.0	 1161.9	 0.1508	49.2431	 100.00	1749.52
    124	4007e8	    103	   15.0	 1199.0	 1162.2	 0.1503	13.5570	 100.00	1749.87
    125	4007e8	    103	   20.0	 1193.0	 1162.4	 0.1492	20.7176	 100.00	1750.19
    126	4007e8	    103	   25.0	 1198.0	 1162.7	 0.1486	25.9019	 100.00	1750.51
    127	4007e8	    103	   25.0	 1199.0	 1163.0	 0.1479	17.5605	 100.00	1750.85
    128	4007e8	    103	   15.0	 1200.0	 1163.3	 0.1466	 2.0711	 100.00	1751.16
    129	4007e8	    103	   30.0	 1214.0	 1163.7	 0.1491	93.9389	 100.00	1751.46
    130	4007e8	    103	   25.0	 1197.0	 1163.9	 0.1480	36.7824	 100.00	1751.80
./asc:main.c:284: warning: worker pid `12913' SIGSEGV: bad speculation?
    131	4007e8	    103	   20.0	 1213.0	 1164.3	 0.1476	42.5765	 100.00	1751.99
    132	4007e8	    105	   50.0	 1185.0	 1164.4	 0.2603	1.2e+02	 100.00	1752.57
    133	4007e8	    105	   15.0	 1190.0	 1164.6	 0.2588	 6.2192	 100.00	1752.56
    134	4007e8	    105	   35.0	 1183.0	 1164.8	 0.2334	92.2966	 100.00	1752.86
    135	4007e8	    105	   15.0	 1188.0	 1164.9	 0.2114	 4.8086	 100.00	1753.09
    136	4007e8	    105	   25.0	 1185.0	 1165.1	 0.2031	80.3478	 100.00	1753.30
    137	4007e8	    105	   20.0	 1201.0	 1165.3	 0.1838	31.3083	 100.00	1753.47
    138	4007e8	    105	   25.0	 1184.0	 1165.5	 0.1656	13.5004	 100.00	1753.69
    139	4007e8	    105	   30.0	 1196.0	 1165.7	 0.1694	37.2442	 100.00	1753.75
    140	4007e8	    105	   30.0	 1188.0	 1165.9	 0.1798	65.1631	 100.00	1753.81
    141	4007e8	    105	   15.0	 1193.0	 1166.0	 0.1707	12.9543	 100.00	1753.93
    142	4007e8	    105	   30.0	 1187.0	 1166.2	 0.1655	29.6154	 100.00	1754.09
    143	4007e8	    105	   15.0	 1192.0	 1166.4	 0.1583	26.7450	 100.00	1754.29
    144	4007e8	    105	   25.0	 1189.0	 1166.5	 0.1573	94.5747	 100.00	1754.47
    145	4007e8	    105	   25.0	 1204.0	 1166.8	 0.1581	32.9540	 100.00	1754.69
    146	4007e8	    105	   25.0	 1187.0	 1166.9	 0.1541	25.9838	 100.00	1754.90
    147	4007e8	    105	   20.0	 1203.0	 1167.2	 0.1492	30.3125	 100.00	1755.11
    148	4007e8	    105	   35.0	 1190.0	 1167.3	 0.1564	89.9175	 100.00	1755.26
    149	4007e8	    105	   15.0	 1195.0	 1167.5	 0.1507	19.4568	 100.00	1755.44
    150	4007e8	    105	   45.0	 1182.0	 1167.6	 0.1548	49.1694	 100.00	1755.66
    151	4007e8	    105	   15.0	 1187.0	 1167.7	 0.1540	18.8280	 100.00	1754.18
    152	400160	    105	   15.0	 1187.0	 1167.9	 0.1540	18.8280	 100.00	1751.61
