./asc:main.c:225: warning: auxv random bytes were not cleared
  Round	    PC	Excited	Hamming	   Loss	 Regret	    MSE	Logloss	 Misses	   MIPS
      0	400144	     30	    0.0	42310.0	42310.0	 0.0000	    inf	 100.00	0.00011
      1	4007f2	     30	    0.0	 1294.0	  647.0	 0.0000	    inf	 100.00	 708.09
      2	4007f2	     34	    8.0	   11.0	    3.7	 0.2498	25.6988	 100.00	1050.82
      3	4007f2	     36	   10.0	    7.0	    1.8	 0.2504	27.5476	 100.00	1203.29
      4	4007f2	     36	    6.0	    9.0	    3.2	 0.2329	18.8978	 100.00	1289.63
      5	4007f2	     37	   10.0	    7.0	    3.8	 0.2519	29.1037	 100.00	1376.67
      6	4007f2	     38	   12.0	   13.0	    5.1	 0.2503	29.1213	 100.00	1429.94
      7	4007f2	     38	    8.0	   13.0	    6.1	 0.2295	17.8833	 100.00	1464.54
      8	4007f2	     38	    6.0	   15.0	    7.1	 0.1961	 7.7527	 100.00	1497.85
      9	4007f2	     39	   14.0	    7.0	    7.1	 0.2497	28.9079	 100.00	1530.76
     10	4007f2	     39	    8.0	   15.0	    7.8	 0.2343	21.3572	 100.00	1548.67
     11	4007f2	     40	   14.0	   11.0	    8.1	 0.2500	30.7443	 100.00	1570.20
     12	4007f2	     40	    6.0	   13.0	    8.5	 0.2354	18.5000	 100.00	1581.14
     13	4007f2	     40	   10.0	   11.0	    8.6	 0.2068	 9.5844	 100.00	1593.57
     14	4007f2	     40	   10.0	   15.0	    9.1	 0.1889	12.1840	 100.00	1604.73
     15	4007f2	     40	    8.0	   15.0	    9.4	 0.1699	 7.9561	 100.00	1614.81
     16	4007f2	     40	    6.0	   17.0	    9.9	 0.1590	11.0341	 100.00	1623.79
     17	4007f2	     41	   18.0	    9.0	    9.8	 0.2554	31.1918	 100.00	1633.10
     18	4007f2	     41	    8.0	   17.0	   10.2	 0.2463	26.8977	 100.00	1640.11
     19	4007f2	     41	   10.0	   13.0	   10.3	 0.2149	10.3149	 100.00	1646.41
     20	4007f2	     41	    6.0	   15.0	   10.6	 0.1967	 9.9126	 100.00	1651.99
     21	4007f2	     41	   10.0	   13.0	   10.7	 0.1847	13.1180	 100.00	1658.12
     22	4007f2	     42	   16.0	   15.0	   10.9	 0.2514	32.7777	 100.00	1664.94
     23	4007f2	     42	    8.0	   15.0	   11.0	 0.2371	19.4754	 100.00	1667.39
     24	4007f2	     42	    6.0	   17.0	   11.3	 0.2045	 7.7036	 100.00	1669.25
     25	4007f2	     42	   14.0	    9.0	   11.2	 0.2087	19.6893	 100.00	1672.01
     26	4007f2	     42	    8.0	   17.0	   11.4	 0.1896	 9.2602	 100.00	1671.56
     27	4007f2	     42	   12.0	   15.0	   11.5	 0.1786	10.5563	 100.00	1673.17
     28	4007f2	     42	    6.0	   17.0	   11.7	 0.1740	19.8600	 100.00	1676.25
     29	4007f2	     42	   10.0	   15.0	   11.8	 0.1703	10.5272	 100.00	1678.54
     30	4007f2	     42	   10.0	   19.0	   12.1	 0.1588	 2.2103	 100.00	1680.67
     31	4007f2	     42	    8.0	   19.0	   12.3	 0.1564	20.1966	 100.00	1678.70
     32	4007f2	     42	    6.0	   21.0	   12.5	 0.1466	 3.4113	 100.00	1681.19
     33	4007f2	     43	   22.0	    9.0	   12.4	 0.2573	35.0847	 100.00	1684.45
     34	4007f2	     43	    8.0	   17.0	   12.6	 0.2498	28.5060	 100.00	1686.19
     35	4007f2	     43	   10.0	   13.0	   12.6	 0.2189	 9.5914	 100.00	1688.51
     36	4007f2	     43	    6.0	   15.0	   12.6	 0.1966	 8.6055	 100.00	1690.58
     37	4007f2	     43	   10.0	   13.0	   12.7	 0.1864	14.2258	 100.00	1692.72
     38	4007f2	     43	   12.0	   19.0	   12.8	 0.1760	13.7850	 100.00	1694.68
     39	4007f2	     43	    8.0	   19.0	   13.0	 0.1639	 8.3154	 100.00	1696.59
     40	4007f2	     43	    6.0	   21.0	   13.2	 0.1548	 9.9259	 100.00	1698.33
     41	4007f2	     43	   14.0	   13.0	   13.2	 0.1571	35.0222	 100.00	1699.98
     42	4007f2	     43	    8.0	   21.0	   13.3	 0.1562	 8.4055	 100.00	1701.58
     43	4007f2	     43	   12.0	   11.0	   13.3	 0.1636	31.9055	 100.00	1702.99
     44	4007f2	     43	    8.0	   11.0	   13.2	 0.1650	32.2176	 100.00	1704.38
     45	4007f2	     43	    6.0	   13.0	   13.2	 0.1565	 6.8812	 100.00	1705.68
     46	4007f2	     43	   14.0	   13.0	   13.2	 0.1543	10.8213	 100.00	1706.94
     47	4007f2	     43	    6.0	   15.0	   13.3	 0.1495	 2.8641	 100.00	1708.26
     48	4007f2	     43	    8.0	   15.0	   13.3	 0.1481	11.6719	 100.00	1709.46
     49	4007f2	     43	   10.0	   15.0	   13.3	 0.1460	 6.7041	 100.00	1710.57
     50	4007f2	     43	   16.0	   15.0	   13.4	 0.1516	21.5110	 100.00	1711.75
     51	4007f2	     43	    8.0	   13.0	   13.4	 0.1474	 7.7364	 100.00	1712.95
     52	4007f2	     43	    8.0	   13.0	   13.4	 0.1461	 7.8759	 100.00	1714.07
     53	4007f2	     43	    6.0	   15.0	   13.4	 0.1413	 5.4623	 100.00	1715.15
     54	4007f2	     43	   18.0	   15.0	   13.4	 0.1447	26.6327	 100.00	1716.17
     55	4007f2	     43	    6.0	   17.0	   13.5	 0.1426	 4.0565	 100.00	1717.10
     56	4007f2	     43	    8.0	   17.0	   13.5	 0.1403	 3.5808	 100.00	1718.06
     57	4007f2	     43	    8.0	   15.0	   13.6	 0.1400	21.1970	 100.00	1718.95
     58	4007f2	     43	   14.0	   17.0	   13.6	 0.1393	10.1542	 100.00	1719.89
     59	4007f2	     43	   10.0	   17.0	   13.7	 0.1393	 9.5179	 100.00	1720.84
     60	4007f2	     43	    8.0	   17.0	   13.7	 0.1391	 8.4421	 100.00	1721.69
     61	4007f2	     43	    6.0	   19.0	   13.8	 0.1376	16.6896	 100.00	1722.38
     62	4007f2	     43	   14.0	   19.0	   13.9	 0.1396	21.0288	 100.00	1723.06
     63	4007f2	     43	    6.0	   21.0	   14.0	 0.1359	 1.7167	 100.00	1723.68
     64	4007f2	     43	    8.0	   21.0	   14.1	 0.1356	14.4242	 100.00	1724.29
     65	4007f2	     43	   14.0	   17.0	   14.2	 0.1380	17.1054	 100.00	1724.92
     66	4007f2	     44	   20.0	   13.0	   14.1	 0.2491	29.8553	 100.00	1725.79
     67	4007f2	     44	    8.0	   11.0	   14.1	 0.2406	21.4305	 100.00	1726.07
     68	4007f2	     44	    8.0	   11.0	   14.1	 0.2071	 8.8067	 100.00	1726.77
     69	4007f2	     44	    6.0	   13.0	   14.0	 0.1818	 9.2108	 100.00	1727.34
     70	4007f2	     44	   16.0	   15.0	   14.1	 0.1774	17.2024	 100.00	1727.91
     71	4007f2	     44	    6.0	   17.0	   14.1	 0.1672	12.8113	 100.00	1728.64
     72	4007f2	     44	    8.0	   17.0	   14.1	 0.1540	 6.6274	 100.00	1729.37
     73	4007f2	     44	    8.0	   15.0	   14.1	 0.1488	11.4459	 100.00	1730.15
     74	4007f2	     44	   14.0	   17.0	   14.2	 0.1469	19.9012	 100.00	1730.75
     75	4007f2	     44	   12.0	   15.0	   14.2	 0.1501	22.1646	 100.00	1731.38
     76	4007f2	     44	    8.0	   15.0	   14.2	 0.1439	 7.4007	 100.00	1732.02
     77	4007f2	     44	    6.0	   17.0	   14.2	 0.1385	10.0011	 100.00	1732.60
     78	4007f2	     44	   14.0	   17.0	   14.3	 0.1353	12.3332	 100.00	1733.18
     79	4007f2	     44	    6.0	   19.0	   14.3	 0.1309	10.4238	 100.00	1733.76
     80	4007f2	     44	    8.0	   19.0	   14.4	 0.1273	 7.4280	 100.00	1734.30
     81	4007f2	     44	   10.0	   19.0	   14.5	 0.1268	18.7886	 100.00	1734.79
     82	4007f2	     44	   16.0	   19.0	   14.5	 0.1272	30.6022	 100.00	1735.28
     83	4007f2	     44	    8.0	   17.0	   14.5	 0.1261	 7.6061	 100.00	1735.75
     84	4007f2	     44	    8.0	   17.0	   14.6	 0.1227	 2.2883	 100.00	1736.19
     85	4007f2	     44	    6.0	   19.0	   14.6	 0.1213	15.9979	 100.00	1736.64
     86	4007f2	     44	   14.0	   15.0	   14.6	 0.1253	72.9126	 100.00	1737.05
     87	4007f2	     44	   10.0	   13.0	   14.6	 0.1264	17.3391	 100.00	1737.40
     88	4007f2	     44	    6.0	   15.0	   14.6	 0.1240	 0.5910	 100.00	1737.79
     89	4007f2	     44	   10.0	   11.0	   14.6	 0.1259	18.8365	 100.00	1738.18
     90	4007f2	     44	    8.0	   19.0	   14.6	 0.1219	 1.2017	 100.00	1738.61
     91	4007f2	     44	   16.0	   13.0	   14.6	 0.1273	45.4576	 100.00	1738.80
     92	4007f2	     44	    6.0	   15.0	   14.6	 0.1244	 0.6360	 100.00	1738.81
     93	4007f2	     44	    8.0	   15.0	   14.6	 0.1245	10.6401	 100.00	1737.94
     94	4007f2	     44	   10.0	   19.0	   14.7	 0.1240	 6.4092	 100.00	1737.70
     95	4007f2	     44	   10.0	   17.0	   14.7	 0.1242	23.4663	 100.00	1737.99
     96	4007f2	     44	    6.0	   19.0	   14.7	 0.1221	 7.6903	 100.00	1738.44
     97	4007f2	     44	   14.0	   15.0	   14.7	 0.1248	19.7069	 100.00	1738.75
     98	4007f2	     44	    8.0	   23.0	   14.8	 0.1229	 1.1182	 100.00	1739.10
     99	4007f2	     44	   18.0	   11.0	   14.8	 0.1282	51.0627	 100.00	1739.29
    100	4007f2	     44	    6.0	   13.0	   14.8	 0.1267	 3.4369	 100.00	1739.51
    101	4007f2	     44	    8.0	   13.0	   14.7	 0.1262	16.4645	 100.00	1739.68
    102	4007f2	     44	   12.0	   19.0	   14.8	 0.1251	 9.4542	 100.00	1739.85
    103	4007f2	     44	   10.0	   17.0	   14.8	 0.1254	13.0565	 100.00	1739.98
    104	4007f2	     44	    6.0	   19.0	   14.8	 0.1238	 1.4568	 100.00	1740.09
    105	4007f2	     44	   10.0	   15.0	   14.8	 0.1245	10.6146	 100.00	1740.25
    106	4007f2	     44	    8.0	   23.0	   14.9	 0.1234	 2.8155	 100.00	1740.43
    107	4007f2	     44	   20.0	   13.0	   14.9	 0.1277	48.9596	 100.00	1740.65
    108	4007f2	     44	    6.0	   15.0	   14.9	 0.1280	23.0124	 100.00	1740.80
    109	4007f2	     44	    8.0	   15.0	   14.9	 0.1261	 8.0475	 100.00	1740.91
    110	4007f2	     44	   10.0	   19.0	   14.9	 0.1268	 6.8293	 100.00	1741.03
    111	4007f2	     44	   10.0	   17.0	   15.0	 0.1257	 4.2997	 100.00	1741.17
    112	4007f2	     44	    6.0	   19.0	   15.0	 0.1256	18.1254	 100.00	1741.27
    113	4007f2	     44	   12.0	   17.0	   15.0	 0.1251	 8.0872	 100.00	1741.33
    114	4007f2	     44	    8.0	   25.0	   15.1	 0.1243	 2.8841	 100.00	1741.41
    115	4007f2	     44	   16.0	   15.0	   15.1	 0.1262	20.5749	 100.00	1741.52
    116	4007f2	     44	    6.0	   17.0	   15.1	 0.1256	 8.7114	 100.00	1741.61
    117	4007f2	     44	    8.0	   17.0	   15.1	 0.1240	 6.6434	 100.00	1741.71
    118	4007f2	     44	   14.0	   21.0	   15.2	 0.1253	10.8027	 100.00	1741.95
    119	4007f2	     44	   10.0	   19.0	   15.2	 0.1245	11.5354	 100.00	1742.04
    120	4007f2	     44	    6.0	   21.0	   15.3	 0.1234	 2.9284	 100.00	1742.07
    121	4007f2	     44	   10.0	   17.0	   15.3	 0.1225	 3.1752	 100.00	1742.16
    122	4007f2	     44	    8.0	   25.0	   15.3	 0.1222	 3.8913	 100.00	1742.25
    123	4007f2	     44	   16.0	   19.0	   15.4	 0.1234	15.3542	 100.00	1742.38
    124	4007f2	     44	    6.0	   21.0	   15.4	 0.1232	 4.0459	 100.00	1742.48
    125	4007f2	     44	    8.0	   21.0	   15.5	 0.1228	11.2391	 100.00	1742.58
    126	4007f2	     44	   10.0	   25.0	   15.5	 0.1215	 4.7175	 100.00	1742.68
    127	4007f2	     44	   10.0	   23.0	   15.6	 0.1209	 3.4651	 100.00	1742.75
    128	4007f2	     44	    6.0	   25.0	   15.7	 0.1201	 3.7200	 100.00	1742.78
    129	4007f2	     44	   12.0	   15.0	   15.7	 0.1212	25.2808	 100.00	1742.85
    130	4007f2	     44	   10.0	   21.0	   15.7	 0.1220	 8.0926	 100.00	1743.07
    131	4007f2	     44	    8.0	   19.0	   15.7	 0.1220	 7.5933	 100.00	1743.18
    132	4007f2	     45	   20.0	    7.0	   15.7	 0.2533	32.1170	 100.00	1743.36
    133	4007f2	     45	    6.0	    9.0	   15.6	 0.2504	24.7649	 100.00	1743.30
    134	4007f2	     45	   14.0	   13.0	   15.6	 0.2215	11.3869	 100.00	1743.34
    135	4007f2	     45	    6.0	   15.0	   15.6	 0.1911	 7.8816	 100.00	1743.38
    136	4007f2	     45	   10.0	   13.0	   15.6	 0.1830	13.3640	 100.00	1743.45
    137	4007f2	     45	    8.0	   11.0	   15.5	 0.1740	 9.6037	 100.00	1743.54
    138	4007f2	     45	   10.0	   17.0	   15.6	 0.1590	 5.5468	 100.00	1743.62
    139	4007f2	     45	   12.0	   15.0	   15.6	 0.1608	19.9368	 100.00	1743.72
    140	4007f2	     45	   12.0	   11.0	   15.5	 0.1624	25.3612	 100.00	1743.82
    141	4007f2	     45	    6.0	   13.0	   15.5	 0.1580	 4.4779	 100.00	1743.87
    142	4007f2	     45	   12.0	   15.0	   15.5	 0.1508	 2.3182	 100.00	1743.95
    143	4007f2	     45	    6.0	   17.0	   15.5	 0.1489	22.6806	 100.00	1744.16
    144	4007f2	     45	   10.0	   15.0	   15.5	 0.1438	 4.3778	 100.00	1744.23
    145	4007f2	     45	   10.0	   15.0	   15.5	 0.1485	15.7365	 100.00	1744.33
    146	4007f2	     45	   10.0	   21.0	   15.5	 0.1408	 3.6900	 100.00	1744.40
    147	4007f2	     45	    8.0	   19.0	   15.6	 0.1378	12.4697	 100.00	1744.48
    148	4007f2	     45	   14.0	   13.0	   15.5	 0.1407	21.6707	 100.00	1744.57
    149	4007f2	     45	    6.0	   15.0	   15.5	 0.1398	 9.4784	 100.00	1744.70
    150	4007f2	     45	   18.0	   15.0	   15.5	 0.1397	 8.5597	 100.00	1744.35
    151	4007f2	     45	    6.0	   17.0	   15.5	 0.1422	 6.2319	 100.00	1743.45
    152	400160	     45	    6.0	   17.0	   15.6	 0.1422	 6.2319	 100.00	1740.97
