./asc:main.c:294: warning: auxv random bytes were not cleared
  Round	    PC	Excited	Hamming	   Loss	 Regret	    MSE	  Error	   MIPS
      0	40010c	     34	12743.0	12743.0	12743.0	 0.2763	 100.00	0.12570
      1	40013d	     34	  307.0	13046.0	 6523.0	 0.1986	 100.00	0.22399
      2	40013d	     34	   11.0	13047.0	 4349.0	 0.2008	 100.00	0.30583
      3	40013d	     34	   12.0	13047.0	 3261.8	 0.1895	 100.00	0.37190
      4	40013d	     34	   11.0	13046.0	 5218.6	 0.1959	 100.00	0.46412
      5	40013d	     34	   10.0	13052.0	 6524.2	 0.1940	 100.00	0.54462
      6	40013d	     34	   11.0	13049.0	 7456.3	 0.1865	 100.00	0.62240
      7	40013d	     34	    8.0	13051.0	 8155.6	 0.1956	 100.00	0.69440
      8	40013d	     34	   13.0	13048.0	 8699.2	 0.2000	 100.00	0.76573
      9	40013d	     34	    6.0	13050.0	 9134.3	 0.1996	 100.00	0.82940
     10	40013d	     34	   11.0	13053.0	 9490.5	 0.1949	 100.00	0.89035
     11	40013d	     34	   14.0	13049.0	 9787.1	 0.1893	 100.00	0.94998
     12	40013d	     34	   15.0	13048.0	10037.9	 0.1853	 100.00	0.99900
     13	40013d	     34	   12.0	13046.0	10252.8	 0.1788	 100.00	   1.05
     14	40013d	     34	    8.0	13050.0	10439.3	 0.1806	 100.00	   1.10
     15	40013d	     34	    7.0	13049.0	10602.4	 0.1745	 100.00	   1.15
     16	40013d	     34	   11.0	13048.0	10746.2	 0.1796	 100.00	   1.19
     17	40013d	     34	   11.0	13051.0	10874.3	 0.1802	 100.00	   1.24
     18	40013d	     34	   10.0	13051.0	10988.8	 0.1791	 100.00	   1.27
     19	40013d	     34	   13.0	13050.0	11091.9	 0.1821	 100.00	   1.31
     20	40013d	     34	   11.0	13049.0	11185.1	 0.1822	 100.00	   1.35
     21	40013d	     34	   11.0	13048.0	11269.8	 0.1790	 100.00	   1.39
     22	40013d	     34	   12.0	13050.0	11347.2	 0.1775	 100.00	   1.43
     23	40013d	     34	   15.0	13053.0	11418.2	 0.1748	 100.00	   1.45
     24	40013d	     34	   12.0	13051.0	11483.6	 0.1768	 100.00	   1.48
     25	40013d	     34	    6.0	13049.0	11543.8	 0.1776	 100.00	   1.51
     26	40013d	     34	   15.0	13048.0	11599.5	 0.1761	 100.00	   1.54
     27	40013d	     34	    8.0	13050.0	11651.3	 0.1777	 100.00	   1.57
     28	40013d	     34	   13.0	13051.0	11699.6	 0.1782	 100.00	   1.59
     29	40013d	     34	   11.0	13056.0	11744.8	 0.1778	 100.00	   1.62
     30	40013d	     34	    8.0	13056.0	11787.1	 0.1777	 100.00	   1.64
     31	40013d	     34	   17.0	13049.0	11826.5	 0.1804	 100.00	   1.67
     32	40013d	     34	   10.0	13049.0	11863.5	 0.1807	 100.00	   1.69
     33	40013d	     34	    9.0	13056.0	11898.6	 0.1824	 100.00	   1.71
     34	40013d	     34	   13.0	13051.0	11931.5	 0.1814	 100.00	   1.73
     35	40013d	     34	   13.0	13054.0	11962.7	 0.1809	 100.00	   1.75
     36	40013d	     34	   13.0	13053.0	11992.2	 0.1814	 100.00	   1.77
     37	40013d	     34	    8.0	13053.0	12020.1	 0.1817	 100.00	   1.79
     38	40013d	     34	    8.0	13051.0	12046.5	 0.1805	 100.00	   1.80
     39	40013d	     34	   14.0	13057.0	12071.8	 0.1821	 100.00	   1.82
     40	40013d	     34	   10.0	13049.0	12095.6	 0.1813	 100.00	   1.84
     41	40013d	     34	   14.0	13047.0	12118.3	 0.1828	 100.00	   1.85
     42	40013d	     34	    8.0	13049.0	12139.9	 0.1819	 100.00	   1.86
     43	40013d	     34	   11.0	13050.0	12160.6	 0.1817	 100.00	   1.88
     44	40013d	     34	   18.0	13052.0	12180.4	 0.1810	 100.00	   1.89
     45	40013d	     34	    8.0	13052.0	12199.4	 0.1811	 100.00	   1.91
     46	40013d	     34	   12.0	13052.0	12217.5	 0.1839	 100.00	   1.92
     47	40013d	     34	   13.0	13053.0	12234.9	 0.1855	 100.00	   1.94
     48	40013d	     34	   11.0	13050.0	12251.6	 0.1856	 100.00	   1.95
     49	40013d	     34	   10.0	13048.0	12267.5	 0.1840	 100.00	   1.96
     50	40013d	     34	   12.0	13050.0	12282.8	 0.1843	 100.00	   1.97
     51	40013d	     34	   10.0	13054.0	12297.7	 0.1846	 100.00	   1.99
     52	40013d	     34	   16.0	13046.0	12311.8	 0.1839	 100.00	   2.00
     53	40013d	     34	   11.0	13051.0	12325.5	 0.1835	 100.00	   2.01
     54	40013d	     34	   10.0	13051.0	12338.7	 0.1842	 100.00	   2.02
     55	40013d	     34	   10.0	13053.0	12351.4	 0.1832	 100.00	   2.03
     56	40013d	     34	   12.0	13053.0	12363.7	 0.1850	 100.00	   2.04
     57	40013d	     34	   13.0	13050.0	12375.6	 0.1850	 100.00	   2.05
     58	40013d	     34	   14.0	13054.0	12387.1	 0.1842	 100.00	   2.06
     59	40013d	     34	   12.0	13054.0	12398.2	 0.1846	 100.00	   2.07
     60	40013d	     34	   14.0	13052.0	12408.9	 0.1841	 100.00	   2.08
     61	40013d	     34	   11.0	13055.0	12419.3	 0.1843	 100.00	   2.08
     62	40013d	     34	   14.0	13051.0	12429.3	 0.1827	 100.00	   2.09
     63	40013d	     34	   14.0	13053.0	12439.1	 0.1834	 100.00	   2.10
     64	40013d	     34	   14.0	13051.0	12448.5	 0.1845	 100.00	   2.11
     65	40013d	     34	    9.0	13050.0	12457.6	 0.1835	 100.00	   2.12
     66	40013d	     34	   10.0	13052.0	12466.5	 0.1828	 100.00	   2.13
     67	40013d	     34	   13.0	13053.0	12475.1	 0.1809	 100.00	   2.14
     68	40013d	     34	   13.0	13054.0	12483.5	 0.1821	 100.00	   2.14
     69	40013d	     34	   10.0	13054.0	12491.6	 0.1817	 100.00	   2.15
     70	40013d	     34	   14.0	13054.0	12499.6	 0.1821	 100.00	   2.16
     71	40013d	     34	    9.0	13059.0	12507.3	 0.1834	 100.00	   2.17
     72	40013d	     34	   13.0	13050.0	12514.8	 0.1836	 100.00	   2.17
     73	40013d	     34	    7.0	13055.0	12522.1	 0.1834	 100.00	   2.18
     74	40013d	     34	   15.0	13054.0	12529.2	 0.1835	 100.00	   2.19
     75	40013d	     34	   11.0	13053.0	12536.1	 0.1833	 100.00	   2.19
     76	40013d	     34	   14.0	13053.0	12542.8	 0.1837	 100.00	   2.20
     77	40013d	     34	   12.0	13051.0	12549.3	 0.1841	 100.00	   2.21
     78	40013d	     34	    9.0	13054.0	12555.7	 0.1834	 100.00	   2.22
     79	40013d	     34	    8.0	13054.0	12561.9	 0.1854	 100.00	   2.22
     80	40013d	     34	   13.0	13055.0	12568.0	 0.1849	 100.00	   2.23
     81	40013d	     34	    9.0	13054.0	12573.9	 0.1848	 100.00	   2.23
     82	40013d	     34	   20.0	13048.0	12579.6	 0.1843	 100.00	   2.24
     83	40013d	     34	   13.0	13049.0	12585.2	 0.1840	 100.00	   2.24
     84	40013d	     34	   13.0	13048.0	12590.7	 0.1843	 100.00	   2.25
     85	40013d	     34	   13.0	13053.0	12596.0	 0.1838	 100.00	   2.26
     86	40013d	     34	   13.0	13050.0	12601.3	 0.1823	 100.00	   2.26
     87	40013d	     34	   12.0	13054.0	12606.4	 0.1833	 100.00	   2.27
     88	40013d	     34	   15.0	13049.0	12611.4	 0.1833	 100.00	   2.27
     89	40013d	     34	    8.0	13051.0	12616.3	 0.1840	 100.00	   2.28
     90	40013d	     34	   15.0	13052.0	12621.0	 0.1839	 100.00	   2.28
     91	40013d	     34	    7.0	13053.0	12625.7	 0.1845	 100.00	   2.29
     92	40013d	     34	   14.0	13053.0	12630.3	 0.1838	 100.00	   2.29
     93	40013d	     34	   12.0	13055.0	12634.9	 0.1844	 100.00	   2.30
     94	40013d	     34	   11.0	13054.0	12639.3	 0.1849	 100.00	   2.30
     95	40013d	     34	   11.0	13051.0	12643.6	 0.1852	 100.00	   2.31
     96	40013d	     34	   13.0	13048.0	12647.7	 0.1853	 100.00	   2.31
     97	40013d	     34	   11.0	13053.0	12651.9	 0.1855	 100.00	   2.32
     98	40013d	     34	   13.0	13052.0	12655.9	 0.1856	 100.00	   2.32
     99	40013d	     34	    8.0	13054.0	12659.9	 0.1852	 100.00	   2.32
    100	40013d	     34	   15.0	13055.0	12663.8	 0.1848	 100.00	   2.33
    101	40013d	     34	   11.0	13052.0	12667.6	 0.1843	 100.00	   2.33
    102	40013d	     34	   10.0	13052.0	12671.3	 0.1847	 100.00	   2.33
    103	40013d	     34	   17.0	13049.0	12675.0	 0.1847	 100.00	   2.34
    104	40013d	     34	   11.0	13048.0	12678.5	 0.1851	 100.00	   2.34
    105	40013d	     34	   11.0	13049.0	12682.0	 0.1855	 100.00	   2.35
    106	40013d	     34	   12.0	13053.0	12685.5	 0.1850	 100.00	   2.35
    107	40013d	     34	   12.0	13053.0	12688.9	 0.1849	 100.00	   2.36
    108	40013d	     34	   18.0	13051.0	12692.2	 0.1847	 100.00	   2.36
    109	40013d	     34	   13.0	13050.0	12695.5	 0.1840	 100.00	   2.36
    110	40013d	     34	   10.0	13056.0	12698.7	 0.1841	 100.00	   2.37
    111	40013d	     34	   13.0	13053.0	12701.9	 0.1840	 100.00	   2.37
    112	40013d	     34	   13.0	13056.0	12705.0	 0.1847	 100.00	   2.37
    113	40013d	     34	   13.0	13051.0	12708.0	 0.1844	 100.00	   2.38
    114	40013d	     34	   12.0	13053.0	12711.0	 0.1848	 100.00	   2.38
    115	40013d	     34	    9.0	13052.0	12714.0	 0.1847	 100.00	   2.38
    116	40013d	     34	   16.0	13054.0	12716.9	 0.1849	 100.00	   2.39
    117	40013d	     34	   10.0	13054.0	12719.7	 0.1848	 100.00	   2.39
    118	40013d	     34	   15.0	13051.0	12722.5	 0.1851	 100.00	   2.39
    119	40013d	     34	   13.0	13056.0	12725.3	 0.1851	 100.00	   2.40
    120	40013d	     34	   15.0	13055.0	12728.0	 0.1854	 100.00	   2.40
    121	40013d	     34	   13.0	13052.0	12730.7	 0.1850	 100.00	   2.40
    122	40013d	     34	   13.0	13053.0	12733.3	 0.1847	 100.00	   2.41
    123	40013d	     34	   14.0	13051.0	12735.9	 0.1846	 100.00	   2.41
    124	40013d	     34	   11.0	13054.0	12738.4	 0.1852	 100.00	   2.41
    125	40013d	     34	    9.0	13057.0	12740.9	 0.1846	 100.00	   2.41
    126	40013d	     34	   13.0	13052.0	12743.4	 0.1847	 100.00	   2.42
    127	40013d	     34	   13.0	13057.0	12745.8	 0.1849	 100.00	   2.42
    128	40013d	     34	   13.0	13052.0	12748.2	 0.1853	 100.00	   2.42
    129	40013d	     34	    9.0	13053.0	12750.6	 0.1843	 100.00	   2.42
    130	40013d	     34	   13.0	13050.0	12752.8	 0.1844	 100.00	   2.43
    131	40013d	     34	   11.0	13051.0	12755.1	 0.1838	 100.00	   2.43
    132	40013d	     34	   12.0	13053.0	12757.3	 0.1839	 100.00	   2.43
    133	40013d	     34	   12.0	13053.0	12759.5	 0.1835	 100.00	   2.44
    134	40013d	     34	   16.0	13051.0	12761.7	 0.1834	 100.00	   2.44
    135	40013d	     34	   12.0	13055.0	12763.9	 0.1834	 100.00	   2.44
    136	40013d	     34	   12.0	13051.0	12766.0	 0.1836	 100.00	   2.44
    137	40013d	     34	   10.0	13053.0	12768.0	 0.1832	 100.00	   2.45
    138	40013d	     34	   12.0	13053.0	12770.1	 0.1832	 100.00	   2.45
    139	40013d	     34	   10.0	13055.0	12772.1	 0.1836	 100.00	   2.45
    140	40013d	     34	   12.0	13051.0	12774.1	 0.1835	 100.00	   2.45
    141	40013d	     34	   12.0	13055.0	12776.1	 0.1840	 100.00	   2.46
    142	40013d	     34	   10.0	13057.0	12778.0	 0.1848	 100.00	   2.46
    143	40013d	     34	   12.0	13053.0	12780.0	 0.1852	 100.00	   2.46
    144	40013d	     34	   13.0	13050.0	12781.8	 0.1862	 100.00	   2.46
    145	40013d	     34	   13.0	13053.0	12783.7	 0.1861	 100.00	   2.47
    146	40013d	     34	   15.0	13054.0	12785.5	 0.1859	 100.00	   2.47
    147	40013d	     34	    9.0	13055.0	12787.3	 0.1857	 100.00	   2.47
    148	40013d	     34	   14.0	13051.0	12789.1	 0.1862	 100.00	   2.47
    149	40013d	     34	   14.0	13053.0	12790.9	 0.1863	 100.00	   2.47
    150	40013d	     34	   11.0	13054.0	12792.6	 0.1873	 100.00	   2.48
    151	40013d	     34	   11.0	13059.0	12794.4	 0.1877	 100.00	   2.48
    152	40013d	     34	   14.0	13053.0	12796.0	 0.1884	 100.00	   2.48
    153	40013d	     34	   11.0	13054.0	12797.7	 0.1889	 100.00	   2.48
    154	40013d	     34	   13.0	13057.0	12799.4	 0.1898	 100.00	   2.49
    155	40013d	     34	    8.0	13055.0	12801.0	 0.1899	 100.00	   2.49
    156	40013d	     34	   15.0	13054.0	12802.6	 0.1900	 100.00	   2.49
    157	40013d	     34	   14.0	13056.0	12804.2	 0.1906	 100.00	   2.49
    158	40013d	     34	   12.0	13056.0	12805.8	 0.1904	 100.00	   2.49
    159	40013d	     34	   13.0	13055.0	12807.4	 0.1911	 100.00	   2.49
    160	40013d	     34	   10.0	13051.0	12808.9	 0.1910	 100.00	   2.50
    161	40013d	     34	    7.0	13050.0	12810.4	 0.1907	 100.00	   2.50
    162	40013d	     34	   13.0	13055.0	12811.9	 0.1908	 100.00	   2.50
    163	40013d	     34	   12.0	13057.0	12813.4	 0.1915	 100.00	   2.50
    164	40013d	     34	   20.0	13049.0	12814.8	 0.1924	 100.00	   2.50
    165	40013d	     34	   10.0	13047.0	12816.2	 0.1918	 100.00	   2.51
    166	40013d	     34	   13.0	13050.0	12817.6	 0.1920	 100.00	   2.51
    167	40013d	     34	   11.0	13053.0	12819.0	 0.1920	 100.00	   2.51
    168	40013d	     34	   13.0	13052.0	12820.4	 0.1916	 100.00	   2.51
    169	40013d	     34	   10.0	13048.0	12821.7	 0.1918	 100.00	   2.51
    170	40013d	     34	   11.0	13051.0	12823.1	 0.1917	 100.00	   2.51
    171	40013d	     34	   11.0	13054.0	12824.4	 0.1919	 100.00	   2.52
    172	40013d	     34	   19.0	13049.0	12825.7	 0.1918	 100.00	   2.52
    173	40013d	     34	   12.0	13053.0	12827.0	 0.1920	 100.00	   2.52
    174	40013d	     34	   12.0	13055.0	12828.3	 0.1920	 100.00	   2.52
    175	40013d	     34	   15.0	13052.0	12829.6	 0.1919	 100.00	   2.52
    176	40013d	     34	   14.0	13050.0	12830.8	 0.1918	 100.00	   2.52
    177	40013d	     34	   10.0	13052.0	12832.1	 0.1914	 100.00	   2.53
    178	40013d	     34	   13.0	13049.0	12833.3	 0.1911	 100.00	   2.53
    179	40013d	     34	   13.0	13056.0	12834.5	 0.1914	 100.00	   2.53
    180	40013d	     34	   17.0	13051.0	12835.7	 0.1912	 100.00	   2.53
    181	40013d	     34	   15.0	13056.0	12836.9	 0.1913	 100.00	   2.53
    182	40013d	     34	   10.0	13052.0	12838.1	 0.1911	 100.00	   2.53
    183	40013d	     34	   13.0	13055.0	12839.3	 0.1910	 100.00	   2.54
    184	40013d	     34	   12.0	13057.0	12840.5	 0.1911	 100.00	   2.54
    185	40013d	     34	   17.0	13050.0	12841.6	 0.1911	 100.00	   2.54
    186	40013d	     34	   13.0	13055.0	12842.7	 0.1914	 100.00	   2.54
    187	40013d	     34	   11.0	13056.0	12843.9	 0.1915	 100.00	   2.54
    188	40013d	     34	   12.0	13056.0	12845.0	 0.1914	 100.00	   2.54
    189	40013d	     34	   12.0	13054.0	12846.1	 0.1913	 100.00	   2.54
    190	40013d	     34	   12.0	13054.0	12847.2	 0.1915	 100.00	   2.55
    191	40013d	     34	   13.0	13055.0	12848.3	 0.1917	 100.00	   2.55
    192	40013d	     34	   14.0	13051.0	12849.3	 0.1920	 100.00	   2.55
    193	40013d	     34	    9.0	13056.0	12850.4	 0.1917	 100.00	   2.55
    194	40013d	     34	    9.0	13053.0	12851.4	 0.1912	 100.00	   2.55
    195	40013d	     34	   15.0	13052.0	12852.4	 0.1905	 100.00	   2.55
    196	40013d	     34	   12.0	13054.0	12853.5	 0.1904	 100.00	   2.55
    197	40013d	     34	   10.0	13058.0	12854.5	 0.1901	 100.00	   2.56
    198	40013d	     34	   17.0	13049.0	12855.5	 0.1902	 100.00	   2.56
    199	40013d	     34	   11.0	13058.0	12856.5	 0.1902	 100.00	   2.56
    200	40013d	     34	   13.0	13049.0	12857.4	 0.1902	 100.00	   2.56
    201	40013d	     34	    9.0	13052.0	12858.4	 0.1900	 100.00	   2.56
    202	40013d	     34	    9.0	13055.0	12859.4	 0.1901	 100.00	   2.56
    203	40013d	     34	   13.0	13056.0	12860.3	 0.1906	 100.00	   2.56
    204	40013d	     34	   17.0	13053.0	12861.3	 0.1905	 100.00	   2.56
    205	40013d	     34	   18.0	13051.0	12862.2	 0.1908	 100.00	   2.56
    206	40013d	     34	   14.0	13053.0	12863.1	 0.1909	 100.00	   2.57
    207	40013d	     34	   11.0	13054.0	12864.0	 0.1909	 100.00	   2.57
    208	40013d	     34	   14.0	13052.0	12864.9	 0.1908	 100.00	   2.57
    209	40013d	     34	   13.0	13057.0	12865.9	 0.1907	 100.00	   2.57
    210	40013d	     34	   16.0	13047.0	12866.7	 0.1906	 100.00	   2.57
    211	40013d	     34	   13.0	13054.0	12867.6	 0.1903	 100.00	   2.57
    212	40013d	     34	   16.0	13056.0	12868.5	 0.1907	 100.00	   2.57
    213	40013d	     34	   12.0	13052.0	12869.3	 0.1909	 100.00	   2.57
    214	40013d	     34	   15.0	13055.0	12870.2	 0.1911	 100.00	   2.58
    215	40013d	     34	    9.0	13058.0	12871.1	 0.1911	 100.00	   2.58
    216	40013d	     34	   13.0	13053.0	12871.9	 0.1913	 100.00	   2.58
    217	40013d	     34	   12.0	13053.0	12872.7	 0.1915	 100.00	   2.58
    218	40013d	     34	   13.0	13052.0	12873.6	 0.1915	 100.00	   2.58
    219	40013d	     34	   14.0	13054.0	12874.4	 0.1919	 100.00	   2.58
    220	40013d	     34	   13.0	13057.0	12875.2	 0.1919	 100.00	   2.58
    221	40013d	     34	   10.0	13057.0	12876.0	 0.1917	 100.00	   2.59
    222	40013d	     34	   13.0	13056.0	12876.8	 0.1917	 100.00	   2.59
    223	40013d	     34	   12.0	13052.0	12877.6	 0.1919	 100.00	   2.59
    224	40013d	     34	   14.0	13054.0	12878.4	 0.1919	 100.00	   2.59
    225	40013d	     34	    9.0	13061.0	12879.2	 0.1916	 100.00	   2.59
    226	40013d	     34	   16.0	13051.0	12880.0	 0.1915	 100.00	   2.59
    227	40013d	     34	   13.0	13054.0	12880.7	 0.1913	 100.00	   2.59
    228	40013d	     34	   17.0	13053.0	12881.5	 0.1915	 100.00	   2.59
    229	40013d	     34	   10.0	13053.0	12882.2	 0.1916	 100.00	   2.59
    230	40013d	     34	   11.0	13054.0	12883.0	 0.1916	 100.00	   2.59
    231	40013d	     34	   14.0	13054.0	12883.7	 0.1916	 100.00	   2.59
    232	40013d	     34	   12.0	13048.0	12884.4	 0.1915	 100.00	   2.60
    233	40013d	     34	   11.0	13053.0	12885.1	 0.1913	 100.00	   2.60
    234	40013d	     34	   15.0	13054.0	12885.8	 0.1917	 100.00	   2.60
    235	40013d	     34	   11.0	13055.0	12886.6	 0.1919	 100.00	   2.60
    236	40013d	     34	   15.0	13054.0	12887.3	 0.1918	 100.00	   2.60
    237	40013d	     34	   16.0	13056.0	12888.0	 0.1918	 100.00	   2.60
    238	40013d	     34	   13.0	13061.0	12888.7	 0.1923	 100.00	   2.60
    239	40013d	     34	    9.0	13058.0	12889.4	 0.1922	 100.00	   2.60
    240	40013d	     34	   12.0	13056.0	12890.1	 0.1923	 100.00	   2.60
    241	40013d	     34	   17.0	13057.0	12890.8	 0.1924	 100.00	   2.60
    242	40013d	     34	   13.0	13052.0	12891.5	 0.1923	 100.00	   2.61
    243	40013d	     34	   11.0	13055.0	12892.1	 0.1927	 100.00	   2.61
    244	40013d	     34	   15.0	13058.0	12892.8	 0.1929	 100.00	   2.61
    245	40013d	     34	   11.0	13053.0	12893.5	 0.1928	 100.00	   2.61
    246	40013d	     34	   16.0	13047.0	12894.1	 0.1932	 100.00	   2.61
    247	40013d	     34	   13.0	13054.0	12894.7	 0.1932	 100.00	   2.61
    248	40013d	     34	   12.0	13050.0	12895.3	 0.1935	 100.00	   2.61
    249	40013d	     34	   13.0	13051.0	12896.0	 0.1932	 100.00	   2.61
    250	40013d	     34	   15.0	13056.0	12896.6	 0.1933	 100.00	   2.61
    251	40013d	     34	   10.0	13052.0	12897.2	 0.1932	 100.00	   2.61
    252	40013d	     34	   12.0	13050.0	12897.8	 0.1935	 100.00	   2.61
    253	40013d	     34	   10.0	13056.0	12898.4	 0.1931	 100.00	   2.62
    254	40013d	     34	   15.0	13057.0	12899.1	 0.1932	 100.00	   2.62
    255	40013d	     34	   11.0	13054.0	12899.7	 0.1933	 100.00	   2.62
    256	40013d	     34	   17.0	13053.0	12900.3	 0.1934	 100.00	   2.62
    257	40013d	     34	   11.0	13056.0	12900.9	 0.1934	 100.00	   2.62
    258	40013d	     34	   15.0	13047.0	12901.4	 0.1931	 100.00	   2.62
    259	40013d	     34	   14.0	13053.0	12902.0	 0.1932	 100.00	   2.62
    260	40013d	     34	   14.0	13053.0	12902.6	 0.1931	 100.00	   2.62
    261	40013d	     34	   12.0	13055.0	12903.2	 0.1931	 100.00	   2.62
    262	40013d	     34	   13.0	13054.0	12903.8	 0.1931	 100.00	   2.62
    263	40013d	     34	   14.0	13054.0	12904.3	 0.1935	 100.00	   2.62
    264	40013d	     34	   15.0	13053.0	12904.9	 0.1936	 100.00	   2.62
    265	40013d	     34	   10.0	13055.0	12905.4	 0.1936	 100.00	   2.63
    266	40013d	     34	   15.0	13058.0	12906.0	 0.1934	 100.00	   2.63
    267	40013d	     34	   15.0	13053.0	12906.6	 0.1937	 100.00	   2.63
    268	40013d	     34	   20.0	13053.0	12907.1	 0.1935	 100.00	   2.63
    269	40013d	     34	   17.0	13050.0	12907.6	 0.1933	 100.00	   2.63
    270	40013d	     34	   12.0	13058.0	12908.2	 0.1933	 100.00	   2.63
    271	40013d	     34	   12.0	13054.0	12908.7	 0.1932	 100.00	   2.63
    272	40013d	     34	   17.0	13055.0	12909.3	 0.1934	 100.00	   2.63
    273	40013d	     34	   12.0	13055.0	12909.8	 0.1936	 100.00	   2.63
    274	40013d	     34	   18.0	13053.0	12910.3	 0.1938	 100.00	   2.63
    275	40013d	     34	   14.0	13059.0	12910.9	 0.1937	 100.00	   2.63
    276	40013d	     34	   12.0	13059.0	12911.4	 0.1937	 100.00	   2.63
    277	40013d	     34	   15.0	13054.0	12911.9	 0.1936	 100.00	   2.63
    278	40013d	     34	   15.0	13057.0	12912.4	 0.1934	 100.00	   2.63
    279	40013d	     34	   13.0	13056.0	12912.9	 0.1935	 100.00	   2.63
    280	40013d	     34	   15.0	13053.0	12913.4	 0.1936	 100.00	   2.64
    281	40013d	     34	   11.0	13052.0	12913.9	 0.1936	 100.00	   2.64
    282	40013d	     34	   19.0	13055.0	12914.4	 0.1937	 100.00	   2.64
    283	40013d	     34	   10.0	13057.0	12914.9	 0.1936	 100.00	   2.64
    284	40013d	     34	   13.0	13056.0	12915.4	 0.1940	 100.00	   2.64
    285	40013d	     34	   15.0	13057.0	12915.9	 0.1941	 100.00	   2.64
    286	40013d	     34	   17.0	13056.0	12916.4	 0.1940	 100.00	   2.64
    287	40013d	     34	   15.0	13051.0	12916.9	 0.1941	 100.00	   2.64
    288	40013d	     34	   10.0	13053.0	12917.3	 0.1939	 100.00	   2.64
    289	40013d	     34	   11.0	13056.0	12917.8	 0.1941	 100.00	   2.64
    290	40013d	     34	   12.0	13054.0	12918.3	 0.1941	 100.00	   2.64
    291	40013d	     34	    9.0	13055.0	12918.8	 0.1939	 100.00	   2.64
    292	40013d	     34	   19.0	13052.0	12919.2	 0.1939	 100.00	   2.64
    293	40013d	     34	   11.0	13051.0	12919.7	 0.1939	 100.00	   2.64
    294	40013d	     34	    9.0	13054.0	12920.1	 0.1937	 100.00	   2.65
    295	40013d	     34	   13.0	13059.0	12920.6	 0.1940	 100.00	   2.65
    296	40013d	     34	   13.0	13054.0	12921.0	 0.1943	 100.00	   2.65
    297	40013d	     34	   14.0	13054.0	12921.5	 0.1942	 100.00	   2.65
    298	40013d	     34	   12.0	13056.0	12921.9	 0.1941	 100.00	   2.65
    299	40013d	     34	    9.0	13057.0	12922.4	 0.1941	 100.00	   2.65
    300	40013d	     34	   17.0	13052.0	12922.8	 0.1942	 100.00	   2.65
    301	40013d	     34	    9.0	13057.0	12923.3	 0.1938	 100.00	   2.65
    302	40013d	     34	   12.0	13061.0	12923.7	 0.1941	 100.00	   2.65
    303	40013d	     34	   14.0	13055.0	12924.1	 0.1942	 100.00	   2.65
    304	40013d	     34	   14.0	13053.0	12924.6	 0.1943	 100.00	   2.65
    305	40013d	     34	   15.0	13056.0	12925.0	 0.1941	 100.00	   2.65
    306	40013d	     34	   16.0	13054.0	12925.4	 0.1942	 100.00	   2.65
    307	40013d	     34	   10.0	13060.0	12925.9	 0.1939	 100.00	   2.65
    308	40013d	     34	   17.0	13055.0	12926.3	 0.1940	 100.00	   2.65
    309	40013d	     34	   10.0	13057.0	12926.7	 0.1942	 100.00	   2.65
    310	40013d	     34	   16.0	13053.0	12927.1	 0.1941	 100.00	   2.66
    311	40013d	     34	   14.0	13057.0	12927.5	 0.1944	 100.00	   2.66
    312	40013d	     34	   10.0	13055.0	12927.9	 0.1946	 100.00	   2.66
    313	40013d	     34	   15.0	13052.0	12928.3	 0.1948	 100.00	   2.66
    314	40013d	     34	   13.0	13053.0	12928.7	 0.1949	 100.00	   2.66
    315	40013d	     34	   15.0	13056.0	12929.1	 0.1949	 100.00	   2.66
    316	40013d	     34	   17.0	13057.0	12929.5	 0.1950	 100.00	   2.66
    317	40013d	     34	   11.0	13058.0	12929.9	 0.1950	 100.00	   2.66
    318	40013d	     34	   16.0	13056.0	12930.3	 0.1951	 100.00	   2.66
    319	40013d	     34	   12.0	13054.0	12930.7	 0.1952	 100.00	   2.66
    320	40013d	     34	   15.0	13059.0	12931.1	 0.1953	 100.00	   2.66
    321	40013d	     34	   12.0	13057.0	12931.5	 0.1955	 100.00	   2.66
    322	40013d	     34	   10.0	13055.0	12931.9	 0.1957	 100.00	   2.66
    323	40013d	     34	   12.0	13055.0	12932.3	 0.1957	 100.00	   2.66
    324	40013d	     34	   15.0	13056.0	12932.6	 0.1956	 100.00	   2.66
    325	40013d	     34	   13.0	13057.0	12933.0	 0.1956	 100.00	   2.66
    326	40013d	     34	    9.0	13056.0	12933.4	 0.1955	 100.00	   2.66
    327	40013d	     34	   15.0	13057.0	12933.8	 0.1956	 100.00	   2.66
    328	40013d	     34	   20.0	13047.0	12934.1	 0.1957	 100.00	   2.66
    329	40013d	     34	   14.0	13051.0	12934.5	 0.1959	 100.00	   2.67
    330	40013d	     34	   10.0	13055.0	12934.8	 0.1959	 100.00	   2.67
    331	40013d	     34	   10.0	13053.0	12935.2	 0.1958	 100.00	   2.67
    332	40013d	     34	   11.0	13052.0	12935.5	 0.1958	 100.00	   2.67
    333	40013d	     34	    9.0	13055.0	12935.9	 0.1957	 100.00	   2.67
    334	40013d	     34	   13.0	13058.0	12936.3	 0.1959	 100.00	   2.67
    335	40013d	     34	   15.0	13053.0	12936.6	 0.1959	 100.00	   2.67
    336	40013d	     34	   13.0	13054.0	12937.0	 0.1958	 100.00	   2.67
    337	40013d	     34	   15.0	13053.0	12937.3	 0.1958	 100.00	   2.67
    338	40013d	     34	   14.0	13047.0	12937.6	 0.1961	 100.00	   2.67
    339	40013d	     34	    7.0	13050.0	12938.0	 0.1960	 100.00	   2.67
    340	40013d	     34	   15.0	13053.0	12938.3	 0.1959	 100.00	   2.67
    341	40013d	     34	   15.0	13056.0	12938.6	 0.1960	 100.00	   2.67
    342	40013d	     34	   14.0	13054.0	12939.0	 0.1964	 100.00	   2.67
    343	40013d	     34	    8.0	13058.0	12939.3	 0.1964	 100.00	   2.67
    344	40013d	     34	   14.0	13050.0	12939.6	 0.1963	 100.00	   2.67
    345	40013d	     34	   12.0	13050.0	12940.0	 0.1962	 100.00	   2.67
    346	40013d	     34	   19.0	13057.0	12940.3	 0.1964	 100.00	   2.67
    347	40013d	     34	   12.0	13053.0	12940.6	 0.1960	 100.00	   2.67
    348	40013d	     34	   12.0	13049.0	12940.9	 0.1960	 100.00	   2.67
    349	40013d	     34	   16.0	13053.0	12941.3	 0.1960	 100.00	   2.68
    350	40013d	     34	   17.0	13050.0	12941.6	 0.1963	 100.00	   2.68
    351	40013d	     34	   10.0	13050.0	12941.9	 0.1965	 100.00	   2.68
    352	40013d	     34	   16.0	13052.0	12942.2	 0.1963	 100.00	   2.68
    353	40013d	     34	   13.0	13053.0	12942.5	 0.1965	 100.00	   2.68
    354	40013d	     34	   13.0	13052.0	12942.8	 0.1966	 100.00	   2.68
    355	40013d	     34	   14.0	13054.0	12943.1	 0.1966	 100.00	   2.68
    356	40013d	     34	   18.0	13056.0	12943.4	 0.1962	 100.00	   2.68
    357	40013d	     34	   12.0	13058.0	12943.8	 0.1964	 100.00	   2.68
    358	40013d	     34	   10.0	13052.0	12944.1	 0.1965	 100.00	   2.68
    359	40013d	     34	   17.0	13053.0	12944.4	 0.1967	 100.00	   2.68
    360	40013d	     34	   10.0	13051.0	12944.7	 0.1970	 100.00	   2.68
    361	40013d	     34	    8.0	13051.0	12944.9	 0.1968	 100.00	   2.68
    362	40013d	     34	   15.0	13056.0	12945.3	 0.1968	 100.00	   2.68
    363	40013d	     34	   14.0	13056.0	12945.6	 0.1971	 100.00	   2.68
    364	40013d	     34	   18.0	13050.0	12945.8	 0.1972	 100.00	   2.68
    365	40013d	     34	   13.0	13055.0	12946.1	 0.1974	 100.00	   2.68
    366	40013d	     34	   12.0	13053.0	12946.4	 0.1975	 100.00	   2.68
    367	40013d	     34	   15.0	13060.0	12946.7	 0.1974	 100.00	   2.68
    368	40013d	     34	   12.0	13058.0	12947.0	 0.1978	 100.00	   2.68
    369	40013d	     34	   19.0	13049.0	12947.3	 0.1977	 100.00	   2.69
    370	40013d	     34	   14.0	13051.0	12947.6	 0.1977	 100.00	   2.69
    371	40013d	     34	   13.0	13054.0	12947.9	 0.1978	 100.00	   2.69
    372	40013d	     34	   12.0	13050.0	12948.2	 0.1979	 100.00	   2.69
    373	40013d	     34	    9.0	13053.0	12948.4	 0.1980	 100.00	   2.69
    374	40013d	     34	   16.0	13051.0	12948.7	 0.1979	 100.00	   2.69
    375	40013d	     34	   13.0	13054.0	12949.0	 0.1980	 100.00	   2.69
    376	40013d	     34	   13.0	13055.0	12949.3	 0.1979	 100.00	   2.69
    377	40013d	     34	   11.0	13052.0	12949.5	 0.1980	 100.00	   2.69
    378	40013d	     34	   10.0	13054.0	12949.8	 0.1979	 100.00	   2.69
    379	40013d	     34	   15.0	13053.0	12950.1	 0.1978	 100.00	   2.69
    380	40013d	     34	   17.0	13050.0	12950.4	 0.1978	 100.00	   2.69
    381	40013d	     34	   10.0	13052.0	12950.6	 0.1978	 100.00	   2.69
    382	40013d	     34	   12.0	13056.0	12950.9	 0.1978	 100.00	   2.69
    383	40013d	     34	   13.0	13055.0	12951.2	 0.1981	 100.00	   2.69
    384	40013d	     34	   17.0	13050.0	12951.4	 0.1984	 100.00	   2.69
    385	40013d	     34	   11.0	13057.0	12951.7	 0.1982	 100.00	   2.69
    386	40013d	     34	   14.0	13053.0	12952.0	 0.1982	 100.00	   2.69
    387	40013d	     34	   13.0	13052.0	12952.2	 0.1981	 100.00	   2.69
    388	40013d	     34	   13.0	13055.0	12952.5	 0.1985	 100.00	   2.69
    389	40013d	     34	   16.0	13057.0	12952.7	 0.1989	 100.00	   2.69
    390	40013d	     34	   18.0	13055.0	12953.0	 0.1992	 100.00	   2.69
    391	40013d	     34	   15.0	13054.0	12953.3	 0.1993	 100.00	   2.69
    392	40013d	     34	   12.0	13056.0	12953.5	 0.1994	 100.00	   2.69
    393	40013d	     34	    8.0	13054.0	12953.8	 0.1993	 100.00	   2.69
    394	40013d	     34	   12.0	13056.0	12954.0	 0.1994	 100.00	   2.69
    395	40013d	     34	   11.0	13055.0	12954.3	 0.1994	 100.00	   2.70
    396	40013d	     34	   14.0	13053.0	12954.5	 0.1995	 100.00	   2.70
    397	40013d	     34	   12.0	13053.0	12954.8	 0.1993	 100.00	   2.70
    398	40013d	     34	   13.0	13060.0	12955.1	 0.1993	 100.00	   2.70
    399	40013d	     34	   17.0	13053.0	12955.3	 0.1996	 100.00	   2.70
    400	40013d	     34	   16.0	13051.0	12955.5	 0.1998	 100.00	   2.70
    401	40013d	     34	    9.0	13056.0	12955.8	 0.1999	 100.00	   2.70
    402	40013d	     34	   12.0	13050.0	12956.0	 0.1998	 100.00	   2.70
    403	40013d	     34	   12.0	13058.0	12956.3	 0.1998	 100.00	   2.70
    404	40013d	     34	   13.0	13055.0	12956.5	 0.1998	 100.00	   2.70
    405	40013d	     34	   16.0	13053.0	12956.8	 0.1998	 100.00	   2.70
    406	40013d	     34	   12.0	13057.0	12957.0	 0.1996	 100.00	   2.70
    407	40013d	     34	   13.0	13058.0	12957.3	 0.1997	 100.00	   2.70
    408	40013d	     34	   13.0	13057.0	12957.5	 0.1996	 100.00	   2.70
    409	40013d	     34	   10.0	13055.0	12957.7	 0.1997	 100.00	   2.70
    410	40013d	     34	   17.0	13052.0	12958.0	 0.1999	 100.00	   2.70
    411	40013d	     34	   14.0	13056.0	12958.2	 0.2002	 100.00	   2.70
    412	40013d	     34	   13.0	13053.0	12958.4	 0.2005	 100.00	   2.70
    413	40013d	     34	   12.0	13055.0	12958.7	 0.2004	 100.00	   2.70
    414	40013d	     34	   12.0	13055.0	12958.9	 0.2005	 100.00	   2.70
    415	40013d	     34	   13.0	13054.0	12959.1	 0.2004	 100.00	   2.70
    416	40013d	     34	   16.0	13052.0	12959.3	 0.2005	 100.00	   2.70
    417	40013d	     34	   13.0	13055.0	12959.6	 0.2004	 100.00	   2.70
    418	40013d	     34	   15.0	13050.0	12959.8	 0.2006	 100.00	   2.70
    419	40013d	     34	   11.0	13055.0	12960.0	 0.2008	 100.00	   2.70
    420	40013d	     34	   17.0	13052.0	12960.2	 0.2008	 100.00	   2.70
    421	40013d	     34	   14.0	13052.0	12960.5	 0.2010	 100.00	   2.70
    422	40013d	     34	   12.0	13056.0	12960.7	 0.2011	 100.00	   2.70
    423	40013d	     34	   14.0	13054.0	12960.9	 0.2011	 100.00	   2.70
    424	40013d	     34	   12.0	13052.0	12961.1	 0.2010	 100.00	   2.71
    425	40013d	     34	   14.0	13050.0	12961.3	 0.2012	 100.00	   2.71
    426	40013d	     34	   10.0	13056.0	12961.5	 0.2013	 100.00	   2.71
    427	40013d	     34	   14.0	13056.0	12961.8	 0.2012	 100.00	   2.71
    428	40013d	     34	   15.0	13055.0	12962.0	 0.2012	 100.00	   2.71
    429	40013d	     34	   18.0	13057.0	12962.2	 0.2011	 100.00	   2.71
    430	40013d	     34	   15.0	13060.0	12962.4	 0.2013	 100.00	   2.71
    431	40013d	     34	   17.0	13055.0	12962.6	 0.2013	 100.00	   2.71
    432	40013d	     34	   11.0	13052.0	12962.9	 0.2011	 100.00	   2.71
    433	40013d	     34	   13.0	13057.0	12963.1	 0.2012	 100.00	   2.71
    434	40013d	     34	   17.0	13054.0	12963.3	 0.2011	 100.00	   2.71
    435	40013d	     34	    5.0	13059.0	12963.5	 0.2011	 100.00	   2.71
    436	40013d	     34	   16.0	13051.0	12963.7	 0.2012	 100.00	   2.71
    437	40013d	     34	   12.0	13059.0	12963.9	 0.2012	 100.00	   2.71
    438	40013d	     34	   13.0	13054.0	12964.1	 0.2013	 100.00	   2.71
    439	40013d	     34	   11.0	13057.0	12964.3	 0.2013	 100.00	   2.71
    440	40013d	     34	   12.0	13055.0	12964.5	 0.2013	 100.00	   2.71
    441	40013d	     34	   12.0	13053.0	12964.7	 0.2013	 100.00	   2.71
    442	40013d	     34	   11.0	13054.0	12964.9	 0.2012	 100.00	   2.71
    443	40013d	     34	   14.0	13050.0	12965.1	 0.2013	 100.00	   2.71
    444	40013d	     34	   13.0	13055.0	12965.3	 0.2014	 100.00	   2.71
    445	40013d	     34	   16.0	13061.0	12965.5	 0.2014	 100.00	   2.71
    446	40013d	     34	   15.0	13060.0	12965.8	 0.2015	 100.00	   2.71
    447	40013d	     34	   15.0	13053.0	12966.0	 0.2013	 100.00	   2.71
    448	40013d	     34	   16.0	13057.0	12966.2	 0.2014	 100.00	   2.71
    449	40013d	     34	   15.0	13060.0	12966.4	 0.2016	 100.00	   2.71
    450	40013d	     34	   16.0	13056.0	12966.6	 0.2017	 100.00	   2.71
    451	40013d	     34	   19.0	13051.0	12966.8	 0.2020	 100.00	   2.71
    452	40013d	     34	   17.0	13054.0	12966.9	 0.2020	 100.00	   2.71
    453	40013d	     34	   16.0	13052.0	12967.1	 0.2022	 100.00	   2.71
    454	40013d	     34	   10.0	13050.0	12967.3	 0.2024	 100.00	   2.71
    455	40013d	     34	   11.0	13057.0	12967.5	 0.2024	 100.00	   2.71
    456	40013d	     34	   15.0	13054.0	12967.7	 0.2025	 100.00	   2.71
    457	40013d	     34	   10.0	13054.0	12967.9	 0.2024	 100.00	   2.72
    458	40013d	     34	   11.0	13055.0	12968.1	 0.2025	 100.00	   2.72
    459	40013d	     34	   15.0	13056.0	12968.3	 0.2027	 100.00	   2.72
    460	40013d	     34	   13.0	13053.0	12968.5	 0.2029	 100.00	   2.72
    461	40013d	     34	   19.0	13054.0	12968.6	 0.2027	 100.00	   2.72
    462	40013d	     34	    9.0	13057.0	12968.8	 0.2025	 100.00	   2.72
    463	40013d	     34	   12.0	13057.0	12969.0	 0.2025	 100.00	   2.72
    464	40013d	     34	   16.0	13051.0	12969.2	 0.2025	 100.00	   2.72
    465	40013d	     34	   13.0	13058.0	12969.4	 0.2023	 100.00	   2.72
    466	40013d	     34	   20.0	13054.0	12969.6	 0.2023	 100.00	   2.72
    467	40013d	     34	   14.0	13056.0	12969.8	 0.2023	 100.00	   2.72
    468	40013d	     34	   13.0	13059.0	12969.9	 0.2023	 100.00	   2.72
    469	40013d	     34	   16.0	13055.0	12970.1	 0.2027	 100.00	   2.72
    470	40013d	     34	   14.0	13059.0	12970.3	 0.2030	 100.00	   2.72
    471	40013d	     34	    9.0	13058.0	12970.5	 0.2034	 100.00	   2.72
    472	40013d	     34	   18.0	13052.0	12970.7	 0.2037	 100.00	   2.72
    473	40013d	     34	   14.0	13054.0	12970.8	 0.2036	 100.00	   2.72
    474	40013d	     34	   15.0	13051.0	12971.0	 0.2037	 100.00	   2.72
    475	40013d	     34	   14.0	13061.0	12971.2	 0.2037	 100.00	   2.72
    476	40013d	     34	   14.0	13057.0	12971.4	 0.2038	 100.00	   2.72
    477	40013d	     34	   17.0	13058.0	12971.6	 0.2039	 100.00	   2.72
    478	40013d	     34	   12.0	13056.0	12971.7	 0.2039	 100.00	   2.72
    479	40013d	     34	   11.0	13053.0	12971.9	 0.2041	 100.00	   2.72
    480	40013d	     34	   11.0	13052.0	12972.1	 0.2041	 100.00	   2.72
    481	40013d	     34	    9.0	13061.0	12972.3	 0.2040	 100.00	   2.72
    482	40013d	     34	   19.0	13050.0	12972.4	 0.2040	 100.00	   2.72
    483	40013d	     34	   14.0	13056.0	12972.6	 0.2043	 100.00	   2.72
    484	40013d	     34	   13.0	13055.0	12972.8	 0.2043	 100.00	   2.72
    485	40013d	     34	   12.0	13053.0	12972.9	 0.2043	 100.00	   2.72
    486	40013d	     34	   14.0	13057.0	12973.1	 0.2045	 100.00	   2.72
    487	40013d	     34	   15.0	13060.0	12973.3	 0.2044	 100.00	   2.72
    488	40013d	     34	   13.0	13055.0	12973.4	 0.2043	 100.00	   2.72
    489	40013d	     34	   14.0	13055.0	12973.6	 0.2044	 100.00	   2.72
    490	40013d	     34	   13.0	13054.0	12973.8	 0.2044	 100.00	   2.73
    491	40013d	     34	   11.0	13057.0	12973.9	 0.2045	 100.00	   2.73
    492	40013d	     34	   20.0	13053.0	12974.1	 0.2046	 100.00	   2.73
    493	40013d	     34	   11.0	13052.0	12974.3	 0.2047	 100.00	   2.73
    494	40013d	     34	   11.0	13055.0	12974.4	 0.2047	 100.00	   2.73
    495	40013d	     34	   12.0	13053.0	12974.6	 0.2046	 100.00	   2.73
    496	40013d	     34	   15.0	13052.0	12974.7	 0.2047	 100.00	   2.73
    497	40013d	     34	   13.0	13053.0	12974.9	 0.2046	 100.00	   2.73
    498	40013d	     34	   14.0	13053.0	12975.1	 0.2047	 100.00	   2.73
    499	40013d	     34	   13.0	13054.0	12975.2	 0.2048	 100.00	   2.73
    500	40013d	     34	   13.0	13051.0	12975.4	 0.2048	 100.00	   2.73
    501	40013d	     34	   12.0	13055.0	12975.5	 0.2049	 100.00	   2.73
    502	40013d	     34	   17.0	13048.0	12975.7	 0.2051	 100.00	   2.73
    503	40013d	     34	   14.0	13058.0	12975.8	 0.2050	 100.00	   2.73
    504	40013d	     34	   19.0	13051.0	12976.0	 0.2050	 100.00	   2.73
    505	40013d	     34	   12.0	13051.0	12976.1	 0.2051	 100.00	   2.73
    506	40013d	     34	   14.0	13051.0	12976.3	 0.2050	 100.00	   2.73
    507	40013d	     34	   12.0	13051.0	12976.4	 0.2051	 100.00	   2.73
    508	40013d	     34	   16.0	13057.0	12976.6	 0.2052	 100.00	   2.73
    509	40013d	     34	   12.0	13057.0	12976.7	 0.2052	 100.00	   2.73
    510	40013d	     34	   13.0	13060.0	12976.9	 0.2052	 100.00	   2.73
    511	40013d	     34	   17.0	13051.0	12977.0	 0.2052	 100.00	   2.73
    512	40013d	     34	   18.0	13051.0	12977.2	 0.2051	 100.00	   2.73
    513	40013d	     34	   10.0	13053.0	12977.3	 0.2052	 100.00	   2.73
    514	40013d	     34	   13.0	13050.0	12977.5	 0.2051	 100.00	   2.73
    515	40013d	     34	   11.0	13053.0	12977.6	 0.2051	 100.00	   2.73
    516	40013d	     34	   16.0	13055.0	12977.8	 0.2051	 100.00	   2.73
    517	40013d	     34	   10.0	13055.0	12977.9	 0.2052	 100.00	   2.73
    518	40013d	     34	   15.0	13050.0	12978.1	 0.2053	 100.00	   2.73
    519	40013d	     34	   13.0	13057.0	12978.2	 0.2054	 100.00	   2.73
    520	40013d	     34	   15.0	13054.0	12978.4	 0.2054	 100.00	   2.73
    521	40013d	     34	   14.0	13056.0	12978.5	 0.2054	 100.00	   2.73
    522	40013d	     34	   15.0	13057.0	12978.7	 0.2054	 100.00	   2.73
    523	40013d	     34	   15.0	13052.0	12978.8	 0.2053	 100.00	   2.73
    524	40013d	     34	   11.0	13053.0	12978.9	 0.2052	 100.00	   2.73
    525	40013d	     34	   11.0	13052.0	12979.1	 0.2052	 100.00	   2.74
    526	40013d	     34	   14.0	13060.0	12979.2	 0.2052	 100.00	   2.74
    527	40013d	     34	   18.0	13056.0	12979.4	 0.2050	 100.00	   2.74
    528	40013d	     34	   15.0	13053.0	12979.5	 0.2051	 100.00	   2.74
    529	40013d	     34	   12.0	13055.0	12979.7	 0.2052	 100.00	   2.74
    530	40013d	     34	   13.0	13054.0	12979.8	 0.2054	 100.00	   2.74
    531	40013d	     34	   11.0	13059.0	12979.9	 0.2055	 100.00	   2.74
    532	40013d	     34	   13.0	13056.0	12980.1	 0.2056	 100.00	   2.74
    533	40013d	     34	   20.0	13054.0	12980.2	 0.2058	 100.00	   2.74
    534	40013d	     34	   14.0	13056.0	12980.4	 0.2059	 100.00	   2.74
    535	40013d	     34	   13.0	13057.0	12980.5	 0.2058	 100.00	   2.74
    536	40013d	     34	   18.0	13055.0	12980.7	 0.2059	 100.00	   2.74
    537	40013d	     34	   11.0	13056.0	12980.8	 0.2059	 100.00	   2.74
    538	40013d	     34	   15.0	13055.0	12980.9	 0.2060	 100.00	   2.74
    539	40013d	     34	    9.0	13054.0	12981.1	 0.2059	 100.00	   2.74
    540	40013d	     34	   12.0	13052.0	12981.2	 0.2059	 100.00	   2.74
    541	40013d	     34	   13.0	13057.0	12981.3	 0.2060	 100.00	   2.74
    542	40013d	     34	   12.0	13061.0	12981.5	 0.2060	 100.00	   2.74
    543	40013d	     34	   17.0	13056.0	12981.6	 0.2062	 100.00	   2.74
    544	40013d	     34	   11.0	13055.0	12981.8	 0.2062	 100.00	   2.74
    545	40013d	     34	   11.0	13054.0	12981.9	 0.2062	 100.00	   2.74
    546	40013d	     34	   15.0	13055.0	12982.0	 0.2062	 100.00	   2.74
    547	40013d	     34	   14.0	13057.0	12982.2	 0.2063	 100.00	   2.74
    548	40013d	     34	   16.0	13051.0	12982.3	 0.2063	 100.00	   2.74
    549	40013d	     34	   11.0	13056.0	12982.4	 0.2062	 100.00	   2.74
    550	40013d	     34	   12.0	13056.0	12982.5	 0.2063	 100.00	   2.74
    551	40013d	     34	   12.0	13058.0	12982.7	 0.2065	 100.00	   2.74
    552	40013d	     34	   14.0	13056.0	12982.8	 0.2066	 100.00	   2.74
    553	40013d	     34	   17.0	13051.0	12982.9	 0.2066	 100.00	   2.74
    554	40013d	     34	   17.0	13056.0	12983.1	 0.2067	 100.00	   2.74
    555	40013d	     34	   12.0	13054.0	12983.2	 0.2066	 100.00	   2.74
    556	40013d	     34	   16.0	13052.0	12983.3	 0.2066	 100.00	   2.74
    557	40013d	     34	   11.0	13055.0	12983.5	 0.2067	 100.00	   2.74
    558	40013d	     34	   15.0	13058.0	12983.6	 0.2068	 100.00	   2.74
    559	40013d	     34	   12.0	13056.0	12983.7	 0.2070	 100.00	   2.74
    560	40013d	     34	   17.0	13055.0	12983.8	 0.2069	 100.00	   2.74
    561	40013d	     34	   14.0	13053.0	12984.0	 0.2071	 100.00	   2.74
    562	40013d	     34	   14.0	13055.0	12984.1	 0.2071	 100.00	   2.74
    563	40013d	     34	   10.0	13055.0	12984.2	 0.2072	 100.00	   2.74
    564	40013d	     34	   17.0	13050.0	12984.3	 0.2071	 100.00	   2.74
    565	40013d	     34	   11.0	13053.0	12984.5	 0.2070	 100.00	   2.74
    566	40013d	     34	   16.0	13059.0	12984.6	 0.2070	 100.00	   2.74
    567	40013d	     34	   16.0	13057.0	12984.7	 0.2070	 100.00	   2.74
    568	40013d	     34	   12.0	13053.0	12984.8	 0.2070	 100.00	   2.75
    569	40013d	     34	   16.0	13055.0	12985.0	 0.2071	 100.00	   2.75
    570	40013d	     34	   14.0	13057.0	12985.1	 0.2071	 100.00	   2.75
    571	40013d	     34	   11.0	13058.0	12985.2	 0.2072	 100.00	   2.75
    572	40013d	     34	   15.0	13059.0	12985.3	 0.2071	 100.00	   2.75
    573	40013d	     34	   12.0	13059.0	12985.5	 0.2071	 100.00	   2.75
    574	40013d	     34	   19.0	13054.0	12985.6	 0.2074	 100.00	   2.75
    575	40013d	     34	   11.0	13057.0	12985.7	 0.2075	 100.00	   2.75
    576	40013d	     34	   14.0	13053.0	12985.8	 0.2076	 100.00	   2.75
    577	40013d	     34	    9.0	13054.0	12985.9	 0.2075	 100.00	   2.75
    578	40013d	     34	   10.0	13052.0	12986.1	 0.2074	 100.00	   2.75
    579	40013d	     34	   12.0	13052.0	12986.2	 0.2072	 100.00	   2.75
    580	40013d	     34	   15.0	13055.0	12986.3	 0.2073	 100.00	   2.75
    581	40013d	     34	   12.0	13059.0	12986.4	 0.2072	 100.00	   2.75
    582	40013d	     34	   11.0	13052.0	12986.5	 0.2072	 100.00	   2.75
    583	40013d	     34	   12.0	13058.0	12986.7	 0.2071	 100.00	   2.75
    584	40013d	     34	   13.0	13053.0	12986.8	 0.2071	 100.00	   2.75
    585	40013d	     34	    9.0	13054.0	12986.9	 0.2069	 100.00	   2.75
    586	40013d	     34	   13.0	13055.0	12987.0	 0.2070	 100.00	   2.75
    587	40013d	     34	   15.0	13056.0	12987.1	 0.2071	 100.00	   2.75
    588	40013d	     34	   16.0	13056.0	12987.2	 0.2070	 100.00	   2.75
    589	40013d	     34	   14.0	13060.0	12987.4	 0.2070	 100.00	   2.75
    590	40013d	     34	   10.0	13056.0	12987.5	 0.2070	 100.00	   2.75
    591	40013d	     34	   11.0	13059.0	12987.6	 0.2070	 100.00	   2.75
    592	40013d	     34	   20.0	13051.0	12987.7	 0.2069	 100.00	   2.75
    593	40013d	     34	   14.0	13057.0	12987.8	 0.2069	 100.00	   2.75
    594	40013d	     34	   21.0	13048.0	12987.9	 0.2071	 100.00	   2.75
    595	40013d	     34	   10.0	13056.0	12988.0	 0.2070	 100.00	   2.75
    596	40013d	     34	   14.0	13056.0	12988.1	 0.2072	 100.00	   2.75
    597	40013d	     34	   17.0	13053.0	12988.3	 0.2072	 100.00	   2.75
    598	40013d	     34	   11.0	13056.0	12988.4	 0.2071	 100.00	   2.75
    599	40013d	     34	   12.0	13060.0	12988.5	 0.2071	 100.00	   2.75
    600	40013d	     34	   15.0	13053.0	12988.6	 0.2072	 100.00	   2.75
    601	40013d	     34	    9.0	13054.0	12988.7	 0.2072	 100.00	   2.75
    602	40013d	     34	   15.0	13057.0	12988.8	 0.2072	 100.00	   2.75
    603	40013d	     34	   12.0	13061.0	12988.9	 0.2074	 100.00	   2.75
    604	40013d	     34	   16.0	13059.0	12989.0	 0.2073	 100.00	   2.75
    605	40013d	     34	   10.0	13059.0	12989.2	 0.2073	 100.00	   2.75
    606	40013d	     34	   14.0	13057.0	12989.3	 0.2074	 100.00	   2.75
    607	40013d	     34	   15.0	13058.0	12989.4	 0.2074	 100.00	   2.75
    608	40013d	     34	   14.0	13058.0	12989.5	 0.2076	 100.00	   2.75
    609	40013d	     34	   13.0	13057.0	12989.6	 0.2076	 100.00	   2.75
    610	40013d	     34	   16.0	13053.0	12989.7	 0.2075	 100.00	   2.75
    611	40013d	     34	   12.0	13057.0	12989.8	 0.2077	 100.00	   2.75
    612	40013d	     34	   17.0	13058.0	12989.9	 0.2076	 100.00	   2.75
    613	40013d	     34	    9.0	13061.0	12990.1	 0.2076	 100.00	   2.75
    614	40013d	     34	   17.0	13056.0	12990.2	 0.2077	 100.00	   2.74
    615	40013d	     34	   16.0	13056.0	12990.3	 0.2080	 100.00	   2.74
    616	40013d	     34	   15.0	13053.0	12990.4	 0.2080	 100.00	   2.74
    617	40013d	     34	   10.0	13055.0	12990.5	 0.2081	 100.00	   2.74
    618	40013d	     34	   15.0	13054.0	12990.6	 0.2081	 100.00	   2.74
    619	40013d	     34	    5.0	13053.0	12990.7	 0.2082	 100.00	   2.74
    620	40013d	     34	   19.0	13054.0	12990.8	 0.2081	 100.00	   2.74
    621	40013d	     34	   11.0	13059.0	12990.9	 0.2081	 100.00	   2.74
    622	40013d	     34	   13.0	13056.0	12991.0	 0.2081	 100.00	   2.74
    623	40013d	     34	   12.0	13054.0	12991.1	 0.2082	 100.00	   2.74
    624	40013d	     34	   13.0	13057.0	12991.2	 0.2082	 100.00	   2.74
    625	40013d	     34	   17.0	13054.0	12991.3	 0.2083	 100.00	   2.74
    626	40013d	     34	   15.0	13055.0	12991.4	 0.2083	 100.00	   2.74
    627	40013d	     34	   11.0	13060.0	12991.5	 0.2082	 100.00	   2.74
    628	40013d	     34	   16.0	13054.0	12991.6	 0.2083	 100.00	   2.74
    629	40013d	     34	   13.0	13057.0	12991.7	 0.2082	 100.00	   2.74
    630	40013d	     34	   16.0	13057.0	12991.8	 0.2083	 100.00	   2.74
    631	40013d	     34	   13.0	13058.0	12991.9	 0.2083	 100.00	   2.74
    632	40013d	     34	   15.0	13055.0	12992.0	 0.2083	 100.00	   2.74
    633	40013d	     34	   14.0	13055.0	12992.1	 0.2083	 100.00	   2.74
    634	40013d	     34	   15.0	13058.0	12992.2	 0.2083	 100.00	   2.74
    635	40013d	     34	   15.0	13055.0	12992.3	 0.2083	 100.00	   2.74
    636	40013d	     34	   16.0	13061.0	12992.4	 0.2083	 100.00	   2.74
    637	40013d	     34	   12.0	13055.0	12992.5	 0.2084	 100.00	   2.74
    638	40013d	     34	   13.0	13058.0	12992.6	 0.2082	 100.00	   2.74
    639	40013d	     34	   14.0	13058.0	12992.7	 0.2081	 100.00	   2.74
    640	40013d	     34	   16.0	13052.0	12992.8	 0.2082	 100.00	   2.74
    641	40013d	     34	   10.0	13058.0	12992.9	 0.2083	 100.00	   2.74
    642	40013d	     34	   12.0	13054.0	12993.0	 0.2082	 100.00	   2.74
    643	40013d	     34	   16.0	13062.0	12993.1	 0.2082	 100.00	   2.74
    644	40013d	     34	   15.0	13059.0	12993.2	 0.2082	 100.00	   2.74
    645	40013d	     34	   13.0	13058.0	12993.3	 0.2081	 100.00	   2.74
    646	40013d	     34	   15.0	13055.0	12993.4	 0.2080	 100.00	   2.74
    647	40013d	     34	   11.0	13062.0	12993.5	 0.2081	 100.00	   2.74
    648	40013d	     34	   14.0	13056.0	12993.6	 0.2082	 100.00	   2.74
    649	40013d	     34	   13.0	13059.0	12993.7	 0.2082	 100.00	   2.74
    650	40013d	     34	   14.0	13059.0	12993.8	 0.2083	 100.00	   2.74
    651	40013d	     34	   13.0	13058.0	12993.9	 0.2082	 100.00	   2.74
    652	40013d	     34	   15.0	13059.0	12994.0	 0.2082	 100.00	   2.74
    653	40013d	     34	   13.0	13056.0	12994.1	 0.2082	 100.00	   2.75
    654	40013d	     34	   10.0	13062.0	12994.2	 0.2082	 100.00	   2.75
    655	40013d	     34	   11.0	13059.0	12994.3	 0.2082	 100.00	   2.75
    656	40013d	     34	   23.0	13050.0	12994.4	 0.2084	 100.00	   2.75
    657	40013d	     34	   14.0	13054.0	12994.5	 0.2085	 100.00	   2.75
    658	40013d	     34	   13.0	13055.0	12994.6	 0.2085	 100.00	   2.75
    659	40013d	     34	   15.0	13050.0	12994.7	 0.2086	 100.00	   2.75
    660	40013d	     34	   13.0	13053.0	12994.8	 0.2086	 100.00	   2.75
    661	40013d	     34	   17.0	13048.0	12994.8	 0.2086	 100.00	   2.75
    662	40013d	     34	   15.0	13057.0	12994.9	 0.2087	 100.00	   2.75
    663	40013d	     34	   13.0	13058.0	12995.0	 0.2086	 100.00	   2.75
    664	40013d	     34	   16.0	13050.0	12995.1	 0.2087	 100.00	   2.75
    665	40013d	     34	   11.0	13053.0	12995.2	 0.2087	 100.00	   2.75
    666	40013d	     34	   20.0	13051.0	12995.3	 0.2087	 100.00	   2.75
    667	40013d	     34	   14.0	13057.0	12995.4	 0.2087	 100.00	   2.75
    668	40013d	     34	   15.0	13052.0	12995.5	 0.2086	 100.00	   2.75
    669	40013d	     34	   14.0	13058.0	12995.6	 0.2085	 100.00	   2.75
    670	40013d	     34	   15.0	13053.0	12995.6	 0.2086	 100.00	   2.75
    671	40013d	     34	   13.0	13050.0	12995.7	 0.2087	 100.00	   2.75
    672	40013d	     34	   14.0	13054.0	12995.8	 0.2088	 100.00	   2.75
    673	40013d	     34	   10.0	13054.0	12995.9	 0.2087	 100.00	   2.75
    674	40013d	     34	   14.0	13052.0	12996.0	 0.2089	 100.00	   2.75
    675	40013d	     34	   12.0	13052.0	12996.1	 0.2089	 100.00	   2.75
    676	40013d	     34	   21.0	13051.0	12996.1	 0.2089	 100.00	   2.75
    677	40013d	     34	   11.0	13054.0	12996.2	 0.2090	 100.00	   2.75
    678	40013d	     34	   14.0	13054.0	12996.3	 0.2090	 100.00	   2.75
    679	40013d	     34	   15.0	13055.0	12996.4	 0.2090	 100.00	   2.75
    680	40013d	     34	   14.0	13053.0	12996.5	 0.2089	 100.00	   2.75
    681	40013d	     34	   14.0	13051.0	12996.6	 0.2090	 100.00	   2.75
    682	40013d	     34	   17.0	13052.0	12996.6	 0.2091	 100.00	   2.75
    683	40013d	     34	   11.0	13055.0	12996.7	 0.2091	 100.00	   2.75
    684	40013d	     34	   18.0	13055.0	12996.8	 0.2091	 100.00	   2.75
    685	40013d	     34	   15.0	13056.0	12996.9	 0.2091	 100.00	   2.75
    686	40013d	     34	   13.0	13057.0	12997.0	 0.2092	 100.00	   2.75
    687	40013d	     34	   13.0	13052.0	12997.1	 0.2092	 100.00	   2.75
    688	40013d	     34	   12.0	13050.0	12997.1	 0.2091	 100.00	   2.75
    689	40013d	     34	   15.0	13055.0	12997.2	 0.2092	 100.00	   2.75
    690	40013d	     34	   11.0	13050.0	12997.3	 0.2092	 100.00	   2.75
    691	40013d	     34	    7.0	13053.0	12997.4	 0.2092	 100.00	   2.75
    692	40013d	     34	   21.0	13054.0	12997.5	 0.2090	 100.00	   2.75
    693	40013d	     34	   15.0	13051.0	12997.5	 0.2090	 100.00	   2.75
    694	40013d	     34	   12.0	13055.0	12997.6	 0.2091	 100.00	   2.75
    695	40013d	     34	   13.0	13060.0	12997.7	 0.2092	 100.00	   2.75
    696	40013d	     34	   13.0	13061.0	12997.8	 0.2093	 100.00	   2.75
    697	40013d	     34	   13.0	13052.0	12997.9	 0.2094	 100.00	   2.75
    698	40013d	     34	   14.0	13054.0	12998.0	 0.2095	 100.00	   2.75
    699	40013d	     34	   10.0	13054.0	12998.0	 0.2095	 100.00	   2.75
    700	40013d	     34	   13.0	13055.0	12998.1	 0.2094	 100.00	   2.75
    701	40013d	     34	   12.0	13057.0	12998.2	 0.2094	 100.00	   2.75
    702	40013d	     34	   13.0	13056.0	12998.3	 0.2095	 100.00	   2.75
    703	40013d	     34	   14.0	13056.0	12998.4	 0.2095	 100.00	   2.75
    704	40013d	     34	   12.0	13054.0	12998.5	 0.2096	 100.00	   2.75
    705	40013d	     34	   10.0	13054.0	12998.5	 0.2096	 100.00	   2.75
    706	40013d	     34	   14.0	13056.0	12998.6	 0.2097	 100.00	   2.75
    707	40013d	     34	   16.0	13054.0	12998.7	 0.2097	 100.00	   2.75
    708	40013d	     34	   14.0	13052.0	12998.8	 0.2097	 100.00	   2.75
    709	40013d	     34	   14.0	13054.0	12998.8	 0.2097	 100.00	   2.75
    710	40013d	     34	   14.0	13056.0	12998.9	 0.2097	 100.00	   2.75
    711	40013d	     34	   15.0	13053.0	12999.0	 0.2096	 100.00	   2.75
    712	40013d	     34	   18.0	13057.0	12999.1	 0.2096	 100.00	   2.75
    713	40013d	     34	    9.0	13056.0	12999.2	 0.2096	 100.00	   2.75
    714	40013d	     34	   15.0	13057.0	12999.2	 0.2096	 100.00	   2.75
    715	40013d	     34	   10.0	13057.0	12999.3	 0.2097	 100.00	   2.75
    716	40013d	     34	   13.0	13052.0	12999.4	 0.2098	 100.00	   2.75
    717	40013d	     34	   18.0	13052.0	12999.5	 0.2098	 100.00	   2.75
    718	40013d	     34	   15.0	13055.0	12999.5	 0.2097	 100.00	   2.75
    719	40013d	     34	   13.0	13058.0	12999.6	 0.2097	 100.00	   2.75
    720	40013d	     34	   13.0	13055.0	12999.7	 0.2099	 100.00	   2.75
    721	40013d	     34	   15.0	13060.0	12999.8	 0.2100	 100.00	   2.75
    722	40013d	     34	   13.0	13053.0	12999.9	 0.2101	 100.00	   2.75
    723	40013d	     34	   13.0	13052.0	12999.9	 0.2101	 100.00	   2.75
    724	40013d	     34	   14.0	13052.0	13000.0	 0.2102	 100.00	   2.75
    725	40013d	     34	   15.0	13057.0	13000.1	 0.2102	 100.00	   2.75
    726	40013d	     34	   10.0	13057.0	13000.2	 0.2103	 100.00	   2.75
    727	40013d	     34	    8.0	13061.0	13000.2	 0.2102	 100.00	   2.75
    728	40013d	     34	   14.0	13057.0	13000.3	 0.2103	 100.00	   2.75
    729	40013d	     34	   12.0	13053.0	13000.4	 0.2103	 100.00	   2.75
    730	40013d	     34	   15.0	13052.0	13000.5	 0.2103	 100.00	   2.75
    731	40013d	     34	   14.0	13058.0	13000.5	 0.2104	 100.00	   2.76
    732	40013d	     34	   17.0	13059.0	13000.6	 0.2105	 100.00	   2.76
    733	40013d	     34	   14.0	13053.0	13000.7	 0.2105	 100.00	   2.76
    734	40013d	     34	   14.0	13061.0	13000.8	 0.2105	 100.00	   2.76
    735	40013d	     34	   15.0	13052.0	13000.9	 0.2106	 100.00	   2.76
    736	40013d	     34	   14.0	13056.0	13000.9	 0.2105	 100.00	   2.76
    737	40013d	     34	   12.0	13060.0	13001.0	 0.2105	 100.00	   2.76
    738	40013d	     34	   17.0	13051.0	13001.1	 0.2106	 100.00	   2.76
    739	40013d	     34	   14.0	13057.0	13001.1	 0.2106	 100.00	   2.76
    740	40013d	     34	   16.0	13053.0	13001.2	 0.2107	 100.00	   2.76
    741	40013d	     34	   15.0	13050.0	13001.3	 0.2107	 100.00	   2.76
    742	40013d	     34	   12.0	13052.0	13001.4	 0.2106	 100.00	   2.76
    743	40013d	     34	   15.0	13057.0	13001.4	 0.2107	 100.00	   2.76
    744	40013d	     34	   12.0	13055.0	13001.5	 0.2107	 100.00	   2.76
    745	40013d	     34	   15.0	13054.0	13001.6	 0.2107	 100.00	   2.76
    746	40013d	     34	   13.0	13057.0	13001.6	 0.2109	 100.00	   2.76
    747	40013d	     34	   11.0	13056.0	13001.7	 0.2108	 100.00	   2.76
    748	40013d	     34	   15.0	13051.0	13001.8	 0.2108	 100.00	   2.76
    749	40013d	     34	   13.0	13050.0	13001.8	 0.2108	 100.00	   2.76
    750	40013d	     34	   11.0	13059.0	13001.9	 0.2107	 100.00	   2.76
    751	40013d	     34	   14.0	13057.0	13002.0	 0.2108	 100.00	   2.76
    752	40013d	     34	   15.0	13056.0	13002.1	 0.2109	 100.00	   2.76
    753	40013d	     34	   11.0	13053.0	13002.1	 0.2109	 100.00	   2.76
    754	40013d	     34	   17.0	13054.0	13002.2	 0.2108	 100.00	   2.76
    755	40013d	     34	   10.0	13056.0	13002.3	 0.2111	 100.00	   2.76
