./asc:main.c:294: warning: auxv random bytes were not cleared
  Round	    PC	Excited	Hamming	   Loss	 Regret	    MSE	  Error	   MIPS
      0	40010c	     52	12752.0	12752.0	12752.0	 0.2810	 100.00	0.05652
      1	40014f	     52	  292.0	13040.0	 6520.0	 0.2236	 100.00	0.13696
      2	40014f	     52	   13.0	13045.0	 4348.3	 0.2318	 100.00	0.20395
      3	40014f	     52	   17.0	13050.0	 3262.5	 0.2518	 100.00	0.27398
      4	40014f	     52	   16.0	13042.0	 5218.4	 0.2295	 100.00	0.34099
      5	40014f	     52	   16.0	13046.0	 6523.0	 0.2532	 100.00	0.40478
      6	40014f	     52	   19.0	13043.0	 7454.4	 0.2312	 100.00	0.46690
      7	40014f	     52	   14.0	13043.0	 8153.0	 0.2241	 100.00	0.49501
      8	40014f	     52	   13.0	13048.0	 8696.9	 0.2299	 100.00	0.57240
      9	40014f	     52	   18.0	13048.0	 9132.0	 0.2351	 100.00	0.62517
     10	40014f	     52	   11.0	13051.0	 9488.3	 0.2326	 100.00	0.67555
     11	40014f	     52	   18.0	13049.0	 9785.0	 0.2306	 100.00	0.72292
     12	40014f	     52	   23.0	13046.0	10035.8	 0.2389	 100.00	0.76832
     13	40014f	     52	   19.0	13047.0	10250.9	 0.2418	 100.00	0.81397
     14	40014f	     52	   13.0	13046.0	10437.3	 0.2436	 100.00	0.85534
     15	40014f	     52	   15.0	13051.0	10600.6	 0.2456	 100.00	0.89653
     16	40014f	     52	   19.0	13046.0	10744.5	 0.2504	 100.00	0.92781
     17	40014f	     52	    9.0	13049.0	10872.5	 0.2513	 100.00	0.97126
     18	40014f	     52	   17.0	13048.0	10987.0	 0.2524	 100.00	   1.01
     19	40014f	     52	   21.0	13057.0	11090.5	 0.2532	 100.00	   1.04
     20	40014f	     52	   15.0	13050.0	11183.8	 0.2492	 100.00	   1.08
     21	40014f	     52	   16.0	13048.0	11268.5	 0.2507	 100.00	   1.11
     22	40014f	     52	   19.0	13041.0	11345.6	 0.2507	 100.00	   1.14
     23	40014f	     52	   16.0	13049.0	11416.6	 0.2525	 100.00	   1.17
     24	40014f	     52	   18.0	13037.0	11481.4	 0.2548	 100.00	   1.20
     25	40014f	     52	   11.0	13046.0	11541.6	 0.2579	 100.00	   1.23
     26	40014f	     52	   23.0	13045.0	11597.3	 0.2618	 100.00	   1.26
     27	40014f	     52	   10.0	13045.0	11649.0	 0.2612	 100.00	   1.28
     28	40014f	     52	   24.0	13051.0	11697.3	 0.2630	 100.00	   1.31
     29	40014f	     52	   24.0	13047.0	11742.3	 0.2655	 100.00	   1.34
     30	40014f	     52	   14.0	13045.0	11784.3	 0.2618	 100.00	   1.36
     31	40014f	     52	   21.0	13048.0	11823.8	 0.2610	 100.00	   1.38
     32	40014f	     52	   14.0	13044.0	11860.8	 0.2647	 100.00	   1.40
     33	40014f	     52	   16.0	13052.0	11895.8	 0.2670	 100.00	   1.43
     34	40014f	     52	   17.0	13051.0	11928.8	 0.2677	 100.00	   1.45
     35	40014f	     52	   20.0	13049.0	11959.9	 0.2672	 100.00	   1.47
     36	40014f	     52	   19.0	13054.0	11989.5	 0.2664	 100.00	   1.49
     37	40014f	     52	   18.0	13054.0	12017.5	 0.2657	 100.00	   1.51
     38	40014f	     52	   12.0	13050.0	12044.0	 0.2644	 100.00	   1.52
     39	40014f	     52	   17.0	13047.0	12069.1	 0.2628	 100.00	   1.54
     40	40014f	     52	   15.0	13048.0	12093.0	 0.2627	 100.00	   1.56
     41	40014f	     52	   20.0	13048.0	12115.7	 0.2628	 100.00	   1.58
     42	40014f	     52	   19.0	13047.0	12137.3	 0.2623	 100.00	   1.59
     43	40014f	     52	   19.0	13052.0	12158.1	 0.2626	 100.00	   1.61
     44	40014f	     52	   20.0	13044.0	12177.8	 0.2602	 100.00	   1.63
     45	40014f	     52	   18.0	13050.0	12196.8	 0.2586	 100.00	   1.64
     46	40014f	     52	   16.0	13052.0	12215.0	 0.2593	 100.00	   1.66
     47	40014f	     52	   17.0	13051.0	12232.4	 0.2587	 100.00	   1.67
     48	40014f	     52	   23.0	13048.0	12249.0	 0.2605	 100.00	   1.69
     49	40014f	     52	   15.0	13047.0	12265.0	 0.2601	 100.00	   1.70
     50	40014f	     52	   23.0	13044.0	12280.3	 0.2579	 100.00	   1.71
     51	40014f	     52	   18.0	13050.0	12295.1	 0.2588	 100.00	   1.73
     52	40014f	     52	   22.0	13048.0	12309.3	 0.2588	 100.00	   1.74
     53	40014f	     52	   23.0	13043.0	12322.9	 0.2591	 100.00	   1.75
     54	40014f	     52	   22.0	13051.0	12336.1	 0.2587	 100.00	   1.77
     55	40014f	     52	   18.0	13055.0	12348.9	 0.2584	 100.00	   1.77
     56	40014f	     52	   18.0	13047.0	12361.2	 0.2585	 100.00	   1.79
     57	40014f	     52	   22.0	13051.0	12373.1	 0.2569	 100.00	   1.80
     58	40014f	     52	   16.0	13045.0	12384.5	 0.2571	 100.00	   1.81
     59	40014f	     52	   19.0	13048.0	12395.5	 0.2551	 100.00	   1.82
     60	40014f	     52	   22.0	13056.0	12406.4	 0.2558	 100.00	   1.84
     61	40014f	     52	   12.0	13054.0	12416.8	 0.2540	 100.00	   1.85
     62	40014f	     52	   28.0	13052.0	12426.9	 0.2553	 100.00	   1.86
     63	40014f	     52	   21.0	13047.0	12436.6	 0.2562	 100.00	   1.87
     64	40014f	     52	   18.0	13045.0	12445.9	 0.2558	 100.00	   1.88
     65	40014f	     52	   17.0	13050.0	12455.1	 0.2556	 100.00	   1.89
     66	40014f	     52	   20.0	13058.0	12464.1	 0.2569	 100.00	   1.90
     67	40014f	     52	   33.0	13047.0	12472.7	 0.2570	 100.00	   1.91
     68	40014f	     52	   14.0	13043.0	12480.9	 0.2558	 100.00	   1.92
     69	40014f	     52	   10.0	13047.0	12489.0	 0.2569	 100.00	   1.93
     70	40014f	     52	   20.0	13057.0	12497.0	 0.2570	 100.00	   1.94
     71	40014f	     52	   16.0	13055.0	12504.8	 0.2561	 100.00	   1.95
     72	40014f	     52	   18.0	13043.0	12512.1	 0.2563	 100.00	   1.96
     73	40014f	     52	   11.0	13040.0	12519.3	 0.2558	 100.00	   1.97
     74	40014f	     52	   20.0	13054.0	12526.4	 0.2557	 100.00	   1.97
     75	40014f	     52	   23.0	13053.0	12533.3	 0.2559	 100.00	   1.98
     76	40014f	     52	   18.0	13053.0	12540.1	 0.2558	 100.00	   1.99
     77	40014f	     52	   19.0	13046.0	12546.6	 0.2554	 100.00	   2.00
     78	40014f	     52	   14.0	13054.0	12553.0	 0.2567	 100.00	   2.01
     79	40014f	     52	   11.0	13051.0	12559.2	 0.2566	 100.00	   2.02
     80	40014f	     52	   21.0	13052.0	12565.3	 0.2555	 100.00	   2.03
     81	40014f	     52	   13.0	13057.0	12571.3	 0.2550	 100.00	   2.03
     82	40014f	     52	   29.0	13050.0	12577.1	 0.2572	 100.00	   2.04
     83	40014f	     52	   22.0	13054.0	12582.7	 0.2572	 100.00	   2.05
     84	40014f	     52	   19.0	13043.0	12588.2	 0.2571	 100.00	   2.06
     85	40014f	     52	   16.0	13051.0	12593.5	 0.2578	 100.00	   2.06
     86	40014f	     52	   17.0	13054.0	12598.8	 0.2586	 100.00	   2.07
     87	40014f	     52	   12.0	13058.0	12604.0	 0.2588	 100.00	   2.08
     88	40014f	     52	   26.0	13050.0	12609.1	 0.2598	 100.00	   2.08
     89	40014f	     52	   19.0	13047.0	12613.9	 0.2590	 100.00	   2.09
     90	40014f	     52	   14.0	13051.0	12618.7	 0.2588	 100.00	   2.10
     91	40014f	     52	   20.0	13051.0	12623.4	 0.2580	 100.00	   2.10
     92	40014f	     52	   16.0	13055.0	12628.1	 0.2588	 100.00	   2.11
     93	40014f	     52	   16.0	13055.0	12632.6	 0.2585	 100.00	   2.11
     94	40014f	     52	   12.0	13057.0	12637.1	 0.2580	 100.00	   2.12
     95	40014f	     52	   22.0	13047.0	12641.3	 0.2585	 100.00	   2.13
     96	40014f	     52	   17.0	13050.0	12645.6	 0.2581	 100.00	   2.13
     97	40014f	     52	   16.0	13052.0	12649.7	 0.2580	 100.00	   2.14
     98	40014f	     52	   17.0	13049.0	12653.7	 0.2590	 100.00	   2.14
     99	40014f	     52	   19.0	13052.0	12657.7	 0.2585	 100.00	   2.15
    100	40014f	     52	   20.0	13052.0	12661.6	 0.2585	 100.00	   2.15
    101	40014f	     52	   17.0	13049.0	12665.4	 0.2589	 100.00	   2.16
    102	40014f	     52	   20.0	13053.0	12669.2	 0.2597	 100.00	   2.16
    103	40014f	     52	   31.0	13054.0	12672.9	 0.2615	 100.00	   2.17
    104	40014f	     52	   15.0	13045.0	12676.4	 0.2609	 100.00	   2.17
    105	40014f	     52	   24.0	13053.0	12680.0	 0.2611	 100.00	   2.18
    106	40014f	     52	   23.0	13054.0	12683.5	 0.2621	 100.00	   2.18
    107	40014f	     52	   17.0	13057.0	12686.9	 0.2619	 100.00	   2.19
    108	40014f	     52	   26.0	13057.0	12690.3	 0.2615	 100.00	   2.19
    109	40014f	     52	   24.0	13045.0	12693.6	 0.2617	 100.00	   2.20
    110	40014f	     52	   15.0	13054.0	12696.8	 0.2623	 100.00	   2.20
    111	40014f	     52	   20.0	13054.0	12700.0	 0.2628	 100.00	   2.21
    112	40014f	     52	   19.0	13049.0	12703.1	 0.2635	 100.00	   2.21
    113	40014f	     52	   18.0	13059.0	12706.2	 0.2633	 100.00	   2.21
    114	40014f	     52	   25.0	13046.0	12709.2	 0.2635	 100.00	   2.22
    115	40014f	     52	   11.0	13049.0	12712.1	 0.2637	 100.00	   2.22
    116	40014f	     52	   18.0	13055.0	12715.0	 0.2634	 100.00	   2.23
    117	40014f	     52	   20.0	13053.0	12717.9	 0.2643	 100.00	   2.23
    118	40014f	     52	   23.0	13056.0	12720.7	 0.2642	 100.00	   2.24
    119	40014f	     52	   28.0	13050.0	12723.5	 0.2639	 100.00	   2.24
    120	40014f	     52	   18.0	13054.0	12726.2	 0.2652	 100.00	   2.25
    121	40014f	     52	   22.0	13056.0	12728.9	 0.2646	 100.00	   2.25
    122	40014f	     52	   24.0	13056.0	12731.6	 0.2654	 100.00	   2.25
    123	40014f	     52	   24.0	13052.0	12734.1	 0.2659	 100.00	   2.26
    124	40014f	     52	   17.0	13049.0	12736.7	 0.2664	 100.00	   2.26
    125	40014f	     52	   22.0	13051.0	12739.2	 0.2653	 100.00	   2.27
    126	40014f	     52	   30.0	13051.0	12741.6	 0.2651	 100.00	   2.27
    127	40014f	     52	   15.0	13052.0	12744.0	 0.2662	 100.00	   2.28
    128	40014f	     52	   24.0	13050.0	12746.4	 0.2658	 100.00	   2.28
    129	40014f	     52	   14.0	13052.0	12748.8	 0.2656	 100.00	   2.28
    130	40014f	     52	   15.0	13053.0	12751.1	 0.2658	 100.00	   2.29
    131	40014f	     52	   25.0	13054.0	12753.4	 0.2658	 100.00	   2.29
    132	40014f	     52	   19.0	13051.0	12755.6	 0.2666	 100.00	   2.30
    133	40014f	     52	   19.0	13054.0	12757.8	 0.2672	 100.00	   2.30
    134	40014f	     52	   30.0	13054.0	12760.0	 0.2670	 100.00	   2.30
    135	40014f	     52	   17.0	13055.0	12762.2	 0.2677	 100.00	   2.31
    136	40014f	     52	   22.0	13053.0	12764.3	 0.2676	 100.00	   2.31
    137	40014f	     52	   18.0	13059.0	12766.5	 0.2678	 100.00	   2.32
    138	40014f	     52	   10.0	13059.0	12768.6	 0.2684	 100.00	   2.32
    139	40014f	     52	   17.0	13050.0	12770.6	 0.2688	 100.00	   2.32
    140	40014f	     52	   23.0	13055.0	12772.6	 0.2690	 100.00	   2.33
    141	40014f	     52	   16.0	13051.0	12774.6	 0.2682	 100.00	   2.33
    142	40014f	     52	   26.0	13059.0	12776.5	 0.2683	 100.00	   2.33
    143	40014f	     52	   14.0	13057.0	12778.5	 0.2687	 100.00	   2.34
    144	40014f	     52	   14.0	13049.0	12780.4	 0.2697	 100.00	   2.34
    145	40014f	     52	   18.0	13049.0	12782.2	 0.2695	 100.00	   2.34
    146	40014f	     52	   20.0	13051.0	12784.0	 0.2695	 100.00	   2.35
    147	40014f	     52	   18.0	13051.0	12785.8	 0.2688	 100.00	   2.35
    148	40014f	     52	   10.0	13055.0	12787.6	 0.2681	 100.00	   2.35
    149	40014f	     52	   27.0	13050.0	12789.4	 0.2684	 100.00	   2.35
    150	40014f	     52	   19.0	13045.0	12791.1	 0.2687	 100.00	   2.36
    151	40014f	     52	   20.0	13055.0	12792.8	 0.2689	 100.00	   2.36
    152	40014f	     52	   21.0	13048.0	12794.5	 0.2686	 100.00	   2.36
    153	40014f	     52	   12.0	13054.0	12796.2	 0.2691	 100.00	   2.36
    154	40014f	     52	   23.0	13057.0	12797.9	 0.2699	 100.00	   2.37
    155	40014f	     52	   19.0	13050.0	12799.5	 0.2696	 100.00	   2.37
    156	40014f	     52	   22.0	13056.0	12801.1	 0.2696	 100.00	   2.37
    157	40014f	     52	   14.0	13058.0	12802.7	 0.2700	 100.00	   2.38
    158	40014f	     52	   25.0	13051.0	12804.3	 0.2703	 100.00	   2.38
    159	40014f	     52	   23.0	13056.0	12805.9	 0.2701	 100.00	   2.38
    160	40014f	     52	   16.0	13054.0	12807.4	 0.2700	 100.00	   2.38
    161	40014f	     52	   20.0	13052.0	12808.9	 0.2703	 100.00	   2.39
    162	40014f	     52	   22.0	13056.0	12810.4	 0.2703	 100.00	   2.39
    163	40014f	     52	   25.0	13061.0	12812.0	 0.2698	 100.00	   2.39
    164	40014f	     52	   30.0	13051.0	12813.4	 0.2709	 100.00	   2.39
    165	40014f	     52	   22.0	13057.0	12814.9	 0.2713	 100.00	   2.40
    166	40014f	     52	   16.0	13053.0	12816.3	 0.2714	 100.00	   2.40
    167	40014f	     52	   17.0	13058.0	12817.7	 0.2723	 100.00	   2.40
    168	40014f	     52	   15.0	13053.0	12819.1	 0.2726	 100.00	   2.40
    169	40014f	     52	   25.0	13044.0	12820.5	 0.2722	 100.00	   2.41
    170	40014f	     52	   14.0	13052.0	12821.8	 0.2717	 100.00	   2.41
    171	40014f	     52	   19.0	13053.0	12823.2	 0.2714	 100.00	   2.41
    172	40014f	     52	   22.0	13055.0	12824.5	 0.2721	 100.00	   2.41
    173	40014f	     52	   14.0	13053.0	12825.8	 0.2719	 100.00	   2.41
    174	40014f	     52	   22.0	13053.0	12827.1	 0.2725	 100.00	   2.42
    175	40014f	     52	   22.0	13051.0	12828.4	 0.2724	 100.00	   2.42
    176	40014f	     52	   23.0	13052.0	12829.6	 0.2719	 100.00	   2.42
    177	40014f	     52	   23.0	13051.0	12830.9	 0.2722	 100.00	   2.42
    178	40014f	     52	   19.0	13048.0	12832.1	 0.2718	 100.00	   2.43
    179	40014f	     52	   10.0	13054.0	12833.3	 0.2719	 100.00	   2.43
    180	40014f	     52	   24.0	13050.0	12834.5	 0.2717	 100.00	   2.43
    181	40014f	     52	   25.0	13049.0	12835.7	 0.2713	 100.00	   2.43
    182	40014f	     52	   26.0	13055.0	12836.9	 0.2715	 100.00	   2.44
    183	40014f	     52	   20.0	13059.0	12838.1	 0.2713	 100.00	   2.44
    184	40014f	     52	   14.0	13055.0	12839.3	 0.2716	 100.00	   2.44
    185	40014f	     52	   24.0	13051.0	12840.4	 0.2723	 100.00	   2.44
    186	40014f	     52	   24.0	13051.0	12841.5	 0.2727	 100.00	   2.45
    187	40014f	     52	   21.0	13050.0	12842.7	 0.2725	 100.00	   2.45
    188	40014f	     52	   26.0	13048.0	12843.7	 0.2726	 100.00	   2.45
    189	40014f	     52	   15.0	13053.0	12844.8	 0.2727	 100.00	   2.45
    190	40014f	     52	   26.0	13053.0	12845.9	 0.2728	 100.00	   2.45
    191	40014f	     52	   20.0	13055.0	12847.0	 0.2735	 100.00	   2.46
    192	40014f	     52	   22.0	13047.0	12848.1	 0.2735	 100.00	   2.46
    193	40014f	     52	   21.0	13052.0	12849.1	 0.2736	 100.00	   2.46
    194	40014f	     52	   19.0	13055.0	12850.2	 0.2738	 100.00	   2.46
    195	40014f	     52	   28.0	13049.0	12851.2	 0.2737	 100.00	   2.47
    196	40014f	     52	   26.0	13053.0	12852.2	 0.2735	 100.00	   2.47
    197	40014f	     52	   19.0	13056.0	12853.2	 0.2737	 100.00	   2.47
    198	40014f	     52	   24.0	13052.0	12854.2	 0.2735	 100.00	   2.48
    199	40014f	     52	   23.0	13049.0	12855.2	 0.2730	 100.00	   2.48
    200	40014f	     52	   23.0	13052.0	12856.2	 0.2732	 100.00	   2.48
    201	40014f	     52	   15.0	13053.0	12857.2	 0.2733	 100.00	   2.49
    202	40014f	     52	   18.0	13053.0	12858.1	 0.2739	 100.00	   2.49
    203	40014f	     52	   21.0	13054.0	12859.1	 0.2743	 100.00	   2.49
    204	40014f	     52	   22.0	13058.0	12860.1	 0.2744	 100.00	   2.49
    205	40014f	     52	   30.0	13056.0	12861.0	 0.2748	 100.00	   2.50
    206	40014f	     52	   25.0	13049.0	12861.9	 0.2751	 100.00	   2.50
    207	40014f	     52	   20.0	13051.0	12862.8	 0.2753	 100.00	   2.50
    208	40014f	     52	   19.0	13050.0	12863.7	 0.2752	 100.00	   2.50
    209	40014f	     52	   29.0	13055.0	12864.6	 0.2752	 100.00	   2.51
    210	40014f	     52	   20.0	13047.0	12865.5	 0.2755	 100.00	   2.51
    211	40014f	     52	   24.0	13047.0	12866.3	 0.2757	 100.00	   2.51
    212	40014f	     52	   21.0	13054.0	12867.2	 0.2761	 100.00	   2.51
    213	40014f	     52	   30.0	13050.0	12868.1	 0.2761	 100.00	   2.51
    214	40014f	     52	   22.0	13056.0	12869.0	 0.2765	 100.00	   2.52
    215	40014f	     52	   19.0	13051.0	12869.8	 0.2775	 100.00	   2.52
    216	40014f	     52	   28.0	13047.0	12870.6	 0.2774	 100.00	   2.52
    217	40014f	     52	   19.0	13056.0	12871.5	 0.2774	 100.00	   2.52
    218	40014f	     52	   24.0	13050.0	12872.3	 0.2775	 100.00	   2.53
    219	40014f	     52	   18.0	13048.0	12873.1	 0.2779	 100.00	   2.53
    220	40014f	     52	   21.0	13049.0	12873.9	 0.2783	 100.00	   2.53
    221	40014f	     52	   16.0	13047.0	12874.7	 0.2783	 100.00	   2.53
    222	40014f	     52	   23.0	13054.0	12875.5	 0.2784	 100.00	   2.53
    223	40014f	     52	   20.0	13062.0	12876.3	 0.2787	 100.00	   2.54
    224	40014f	     52	   23.0	13045.0	12877.0	 0.2790	 100.00	   2.54
    225	40014f	     52	   16.0	13053.0	12877.8	 0.2788	 100.00	   2.54
    226	40014f	     52	   24.0	13057.0	12878.6	 0.2790	 100.00	   2.54
    227	40014f	     52	   22.0	13057.0	12879.4	 0.2790	 100.00	   2.54
    228	40014f	     52	   32.0	13053.0	12880.2	 0.2792	 100.00	   2.55
    229	40014f	     52	   24.0	13051.0	12880.9	 0.2788	 100.00	   2.55
    230	40014f	     52	   29.0	13060.0	12881.7	 0.2785	 100.00	   2.55
    231	40014f	     52	   28.0	13054.0	12882.4	 0.2788	 100.00	   2.55
    232	40014f	     52	   30.0	13058.0	12883.2	 0.2789	 100.00	   2.55
    233	40014f	     52	   27.0	13047.0	12883.9	 0.2788	 100.00	   2.56
    234	40014f	     52	   16.0	13057.0	12884.6	 0.2788	 100.00	   2.56
    235	40014f	     52	   13.0	13056.0	12885.3	 0.2792	 100.00	   2.56
    236	40014f	     52	   20.0	13056.0	12886.1	 0.2799	 100.00	   2.56
    237	40014f	     52	   16.0	13060.0	12886.8	 0.2803	 100.00	   2.57
    238	40014f	     52	   19.0	13061.0	12887.5	 0.2806	 100.00	   2.57
    239	40014f	     52	   18.0	13059.0	12888.2	 0.2804	 100.00	   2.57
    240	40014f	     52	   20.0	13061.0	12888.9	 0.2809	 100.00	   2.58
    241	40014f	     52	   14.0	13057.0	12889.6	 0.2811	 100.00	   2.58
    242	40014f	     52	   31.0	13050.0	12890.3	 0.2812	 100.00	   2.58
    243	40014f	     52	   16.0	13058.0	12891.0	 0.2811	 100.00	   2.58
    244	40014f	     52	   25.0	13057.0	12891.7	 0.2811	 100.00	   2.58
    245	40014f	     52	   22.0	13057.0	12892.3	 0.2811	 100.00	   2.58
    246	40014f	     52	   32.0	13053.0	12893.0	 0.2813	 100.00	   2.57
    247	40014f	     52	   25.0	13054.0	12893.6	 0.2808	 100.00	   2.57
    248	40014f	     52	   24.0	13048.0	12894.3	 0.2810	 100.00	   2.57
    249	40014f	     52	   16.0	13048.0	12894.9	 0.2810	 100.00	   2.57
    250	40014f	     52	   20.0	13052.0	12895.5	 0.2811	 100.00	   2.57
    251	40014f	     52	   21.0	13055.0	12896.1	 0.2811	 100.00	   2.57
    252	40014f	     52	   18.0	13055.0	12896.8	 0.2817	 100.00	   2.57
    253	40014f	     52	   21.0	13066.0	12897.4	 0.2818	 100.00	   2.57
    254	40014f	     52	   14.0	13058.0	12898.1	 0.2820	 100.00	   2.56
    255	40014f	     52	   16.0	13056.0	12898.7	 0.2822	 100.00	   2.56
    256	40014f	     52	   22.0	13048.0	12899.2	 0.2824	 100.00	   2.56
    257	40014f	     52	   19.0	13047.0	12899.8	 0.2825	 100.00	   2.56
    258	40014f	     52	   15.0	13054.0	12900.4	 0.2825	 100.00	   2.56
    259	40014f	     52	   20.0	13052.0	12901.0	 0.2818	 100.00	   2.56
    260	40014f	     52	   21.0	13055.0	12901.6	 0.2823	 100.00	   2.56
    261	40014f	     52	   10.0	13057.0	12902.2	 0.2824	 100.00	   2.56
    262	40014f	     52	   23.0	13054.0	12902.8	 0.2822	 100.00	   2.56
    263	40014f	     52	   24.0	13056.0	12903.3	 0.2821	 100.00	   2.57
    264	40014f	     52	   15.0	13055.0	12903.9	 0.2821	 100.00	   2.57
    265	40014f	     52	   15.0	13048.0	12904.5	 0.2822	 100.00	   2.57
    266	40014f	     52	   24.0	13058.0	12905.0	 0.2824	 100.00	   2.57
    267	40014f	     52	   26.0	13054.0	12905.6	 0.2829	 100.00	   2.57
    268	40014f	     52	   28.0	13052.0	12906.1	 0.2829	 100.00	   2.57
    269	40014f	     52	   23.0	13057.0	12906.7	 0.2831	 100.00	   2.57
    270	40014f	     52	   14.0	13061.0	12907.3	 0.2831	 100.00	   2.57
    271	40014f	     52	   12.0	13059.0	12907.8	 0.2832	 100.00	   2.58
    272	40014f	     52	   19.0	13058.0	12908.4	 0.2834	 100.00	   2.58
    273	40014f	     52	   17.0	13061.0	12908.9	 0.2834	 100.00	   2.58
    274	40014f	     52	   13.0	13060.0	12909.5	 0.2832	 100.00	   2.58
    275	40014f	     52	   18.0	13052.0	12910.0	 0.2829	 100.00	   2.58
    276	40014f	     52	   15.0	13057.0	12910.5	 0.2827	 100.00	   2.58
    277	40014f	     52	   30.0	13059.0	12911.1	 0.2828	 100.00	   2.58
    278	40014f	     52	   17.0	13050.0	12911.6	 0.2827	 100.00	   2.58
    279	40014f	     52	   16.0	13062.0	12912.1	 0.2824	 100.00	   2.59
    280	40014f	     52	   30.0	13054.0	12912.6	 0.2824	 100.00	   2.59
    281	40014f	     52	   12.0	13056.0	12913.1	 0.2822	 100.00	   2.59
    282	40014f	     52	   28.0	13058.0	12913.6	 0.2819	 100.00	   2.59
    283	40014f	     52	   22.0	13058.0	12914.1	 0.2820	 100.00	   2.59
    284	40014f	     52	   20.0	13056.0	12914.6	 0.2821	 100.00	   2.59
    285	40014f	     52	   24.0	13052.0	12915.1	 0.2824	 100.00	   2.59
    286	40014f	     52	   21.0	13053.0	12915.6	 0.2828	 100.00	   2.59
    287	40014f	     52	   27.0	13052.0	12916.1	 0.2833	 100.00	   2.60
    288	40014f	     52	   23.0	13055.0	12916.5	 0.2835	 100.00	   2.60
    289	40014f	     52	   21.0	13052.0	12917.0	 0.2837	 100.00	   2.60
    290	40014f	     52	   21.0	13059.0	12917.5	 0.2839	 100.00	   2.60
    291	40014f	     52	   17.0	13054.0	12918.0	 0.2840	 100.00	   2.60
    292	40014f	     52	   26.0	13056.0	12918.4	 0.2835	 100.00	   2.60
    293	40014f	     52	   23.0	13055.0	12918.9	 0.2838	 100.00	   2.60
    294	40014f	     52	   26.0	13057.0	12919.4	 0.2835	 100.00	   2.60
    295	40014f	     52	   13.0	13054.0	12919.8	 0.2835	 100.00	   2.60
    296	40014f	     52	   20.0	13056.0	12920.3	 0.2834	 100.00	   2.60
    297	40014f	     52	   25.0	13049.0	12920.7	 0.2839	 100.00	   2.60
    298	40014f	     52	   14.0	13049.0	12921.1	 0.2841	 100.00	   2.60
    299	40014f	     52	   16.0	13053.0	12921.6	 0.2839	 100.00	   2.60
    300	40014f	     52	   24.0	13057.0	12922.0	 0.2841	 100.00	   2.61
    301	40014f	     52	   18.0	13059.0	12922.5	 0.2839	 100.00	   2.61
    302	40014f	     52	   20.0	13065.0	12923.0	 0.2839	 100.00	   2.61
    303	40014f	     52	   15.0	13058.0	12923.4	 0.2840	 100.00	   2.61
    304	40014f	     52	   29.0	13053.0	12923.8	 0.2842	 100.00	   2.61
    305	40014f	     52	   25.0	13054.0	12924.2	 0.2839	 100.00	   2.61
    306	40014f	     52	   22.0	13056.0	12924.7	 0.2840	 100.00	   2.61
    307	40014f	     52	   15.0	13055.0	12925.1	 0.2839	 100.00	   2.61
    308	40014f	     52	   23.0	13052.0	12925.5	 0.2839	 100.00	   2.61
    309	40014f	     52	   20.0	13062.0	12925.9	 0.2838	 100.00	   2.61
    310	40014f	     52	   19.0	13059.0	12926.4	 0.2843	 100.00	   2.61
    311	40014f	     52	   18.0	13055.0	12926.8	 0.2847	 100.00	   2.61
    312	40014f	     52	   19.0	13056.0	12927.2	 0.2851	 100.00	   2.61
    313	40014f	     52	   24.0	13060.0	12927.6	 0.2852	 100.00	   2.62
    314	40014f	     52	   20.0	13056.0	12928.0	 0.2855	 100.00	   2.62
    315	40014f	     52	   18.0	13062.0	12928.5	 0.2856	 100.00	   2.62
    316	40014f	     52	   28.0	13052.0	12928.8	 0.2855	 100.00	   2.62
    317	40014f	     52	   23.0	13061.0	12929.3	 0.2856	 100.00	   2.62
    318	40014f	     52	   25.0	13060.0	12929.7	 0.2857	 100.00	   2.62
    319	40014f	     52	   19.0	13057.0	12930.1	 0.2858	 100.00	   2.62
    320	40014f	     52	   24.0	13051.0	12930.4	 0.2857	 100.00	   2.62
    321	40014f	     52	   22.0	13057.0	12930.8	 0.2859	 100.00	   2.62
    322	40014f	     52	   26.0	13047.0	12931.2	 0.2857	 100.00	   2.62
    323	40014f	     52	   22.0	13063.0	12931.6	 0.2857	 100.00	   2.62
    324	40014f	     52	   25.0	13054.0	12932.0	 0.2855	 100.00	   2.62
    325	40014f	     52	   19.0	13057.0	12932.4	 0.2855	 100.00	   2.63
    326	40014f	     52	   15.0	13062.0	12932.8	 0.2857	 100.00	   2.63
    327	40014f	     52	   21.0	13051.0	12933.1	 0.2857	 100.00	   2.63
    328	40014f	     52	   27.0	13048.0	12933.5	 0.2860	 100.00	   2.63
    329	40014f	     52	   30.0	13054.0	12933.8	 0.2859	 100.00	   2.63
    330	40014f	     52	   19.0	13055.0	12934.2	 0.2858	 100.00	   2.63
    331	40014f	     52	   23.0	13048.0	12934.5	 0.2858	 100.00	   2.63
    332	40014f	     52	   24.0	13050.0	12934.9	 0.2860	 100.00	   2.63
    333	40014f	     52	   19.0	13051.0	12935.2	 0.2864	 100.00	   2.63
    334	40014f	     52	   15.0	13052.0	12935.6	 0.2864	 100.00	   2.63
    335	40014f	     52	   17.0	13059.0	12936.0	 0.2863	 100.00	   2.64
    336	40014f	     52	   21.0	13056.0	12936.3	 0.2863	 100.00	   2.64
    337	40014f	     52	   26.0	13060.0	12936.7	 0.2863	 100.00	   2.64
    338	40014f	     52	   21.0	13051.0	12937.0	 0.2863	 100.00	   2.64
    339	40014f	     52	   21.0	13048.0	12937.3	 0.2862	 100.00	   2.64
    340	40014f	     52	   28.0	13052.0	12937.7	 0.2863	 100.00	   2.64
    341	40014f	     52	   26.0	13054.0	12938.0	 0.2867	 100.00	   2.64
    342	40014f	     52	   25.0	13053.0	12938.4	 0.2866	 100.00	   2.64
    343	40014f	     52	   19.0	13052.0	12938.7	 0.2868	 100.00	   2.64
    344	40014f	     52	   25.0	13051.0	12939.0	 0.2868	 100.00	   2.64
    345	40014f	     52	   26.0	13049.0	12939.3	 0.2870	 100.00	   2.64
    346	40014f	     52	   19.0	13050.0	12939.6	 0.2869	 100.00	   2.64
    347	40014f	     52	   21.0	13057.0	12940.0	 0.2871	 100.00	   2.64
    348	40014f	     52	   13.0	13062.0	12940.3	 0.2873	 100.00	   2.65
    349	40014f	     52	   27.0	13047.0	12940.6	 0.2873	 100.00	   2.65
    350	40014f	     52	   26.0	13059.0	12941.0	 0.2873	 100.00	   2.65
    351	40014f	     52	    9.0	13056.0	12941.3	 0.2874	 100.00	   2.65
    352	40014f	     52	   27.0	13047.0	12941.6	 0.2877	 100.00	   2.65
    353	40014f	     52	   28.0	13063.0	12941.9	 0.2878	 100.00	   2.65
    354	40014f	     52	   18.0	13053.0	12942.3	 0.2880	 100.00	   2.65
    355	40014f	     52	   18.0	13057.0	12942.6	 0.2881	 100.00	   2.65
    356	40014f	     52	   27.0	13058.0	12942.9	 0.2882	 100.00	   2.65
    357	40014f	     52	   16.0	13058.0	12943.2	 0.2878	 100.00	   2.65
    358	40014f	     52	   21.0	13057.0	12943.5	 0.2880	 100.00	   2.65
    359	40014f	     52	   25.0	13054.0	12943.8	 0.2880	 100.00	   2.65
    360	40014f	     52	   18.0	13054.0	12944.2	 0.2881	 100.00	   2.65
    361	40014f	     52	   24.0	13054.0	12944.5	 0.2884	 100.00	   2.65
    362	40014f	     52	   17.0	13049.0	12944.7	 0.2882	 100.00	   2.65
    363	40014f	     52	   20.0	13061.0	12945.1	 0.2880	 100.00	   2.65
    364	40014f	     52	   35.0	13054.0	12945.4	 0.2881	 100.00	   2.65
    365	40014f	     52	   23.0	13055.0	12945.7	 0.2881	 100.00	   2.65
    366	40014f	     52	   23.0	13054.0	12946.0	 0.2881	 100.00	   2.65
    367	40014f	     52	   12.0	13062.0	12946.3	 0.2884	 100.00	   2.66
    368	40014f	     52	   21.0	13053.0	12946.6	 0.2885	 100.00	   2.66
    369	40014f	     52	   21.0	13054.0	12946.9	 0.2888	 100.00	   2.66
    370	40014f	     52	   26.0	13056.0	12947.1	 0.2884	 100.00	   2.66
    371	40014f	     52	   24.0	13046.0	12947.4	 0.2885	 100.00	   2.66
    372	40014f	     52	   20.0	13050.0	12947.7	 0.2887	 100.00	   2.66
    373	40014f	     52	   20.0	13048.0	12948.0	 0.2889	 100.00	   2.66
    374	40014f	     52	   27.0	13051.0	12948.2	 0.2888	 100.00	   2.66
    375	40014f	     52	   26.0	13051.0	12948.5	 0.2891	 100.00	   2.66
    376	40014f	     52	   12.0	13057.0	12948.8	 0.2895	 100.00	   2.66
    377	40014f	     52	   26.0	13055.0	12949.1	 0.2898	 100.00	   2.66
    378	40014f	     52	   15.0	13054.0	12949.3	 0.2898	 100.00	   2.66
    379	40014f	     52	   19.0	13053.0	12949.6	 0.2900	 100.00	   2.66
    380	40014f	     52	   32.0	13055.0	12949.9	 0.2900	 100.00	   2.66
    381	40014f	     52	   20.0	13053.0	12950.2	 0.2902	 100.00	   2.66
    382	40014f	     52	   24.0	13059.0	12950.5	 0.2905	 100.00	   2.66
    383	40014f	     52	   14.0	13053.0	12950.7	 0.2908	 100.00	   2.66
    384	40014f	     52	   23.0	13046.0	12951.0	 0.2910	 100.00	   2.67
    385	40014f	     52	   28.0	13060.0	12951.2	 0.2909	 100.00	   2.67
    386	40014f	     52	   17.0	13057.0	12951.5	 0.2909	 100.00	   2.67
    387	40014f	     52	   25.0	13054.0	12951.8	 0.2911	 100.00	   2.67
    388	40014f	     52	   28.0	13050.0	12952.0	 0.2910	 100.00	   2.67
    389	40014f	     52	   25.0	13055.0	12952.3	 0.2912	 100.00	   2.67
    390	40014f	     52	   32.0	13051.0	12952.6	 0.2913	 100.00	   2.67
    391	40014f	     52	   19.0	13060.0	12952.8	 0.2913	 100.00	   2.67
    392	40014f	     52	   25.0	13061.0	12953.1	 0.2913	 100.00	   2.67
    393	40014f	     52	    9.0	13056.0	12953.4	 0.2914	 100.00	   2.67
    394	40014f	     52	   22.0	13056.0	12953.6	 0.2914	 100.00	   2.67
    395	40014f	     52	   24.0	13056.0	12953.9	 0.2915	 100.00	   2.67
    396	40014f	     52	   23.0	13053.0	12954.1	 0.2917	 100.00	   2.67
    397	40014f	     52	   22.0	13059.0	12954.4	 0.2917	 100.00	   2.67
    398	40014f	     52	   22.0	13063.0	12954.7	 0.2916	 100.00	   2.67
    399	40014f	     52	   18.0	13061.0	12954.9	 0.2915	 100.00	   2.68
    400	40014f	     52	   28.0	13057.0	12955.2	 0.2915	 100.00	   2.68
    401	40014f	     52	   20.0	13059.0	12955.4	 0.2915	 100.00	   2.68
    402	40014f	     52	   21.0	13058.0	12955.7	 0.2915	 100.00	   2.68
    403	40014f	     52	   15.0	13057.0	12956.0	 0.2916	 100.00	   2.68
    404	40014f	     52	   22.0	13055.0	12956.2	 0.2919	 100.00	   2.68
    405	40014f	     52	   20.0	13057.0	12956.4	 0.2919	 100.00	   2.68
    406	40014f	     52	   24.0	13057.0	12956.7	 0.2920	 100.00	   2.68
    407	40014f	     52	   19.0	13064.0	12957.0	 0.2919	 100.00	   2.68
    408	40014f	     52	   22.0	13058.0	12957.2	 0.2920	 100.00	   2.68
    409	40014f	     52	   26.0	13060.0	12957.5	 0.2922	 100.00	   2.68
    410	40014f	     52	   32.0	13060.0	12957.7	 0.2927	 100.00	   2.68
    411	40014f	     52	   17.0	13051.0	12957.9	 0.2928	 100.00	   2.68
    412	40014f	     52	   30.0	13055.0	12958.2	 0.2932	 100.00	   2.68
    413	40014f	     52	   15.0	13054.0	12958.4	 0.2931	 100.00	   2.68
    414	40014f	     52	   20.0	13056.0	12958.6	 0.2933	 100.00	   2.68
    415	40014f	     52	   20.0	13050.0	12958.9	 0.2933	 100.00	   2.68
    416	40014f	     52	   21.0	13051.0	12959.1	 0.2933	 100.00	   2.68
    417	40014f	     52	   19.0	13046.0	12959.3	 0.2933	 100.00	   2.68
    418	40014f	     52	   20.0	13052.0	12959.5	 0.2933	 100.00	   2.69
    419	40014f	     52	   23.0	13051.0	12959.7	 0.2931	 100.00	   2.69
    420	40014f	     52	   23.0	13050.0	12959.9	 0.2930	 100.00	   2.69
    421	40014f	     52	   16.0	13048.0	12960.1	 0.2930	 100.00	   2.69
    422	40014f	     52	   18.0	13058.0	12960.4	 0.2930	 100.00	   2.69
    423	40014f	     52	   24.0	13058.0	12960.6	 0.2929	 100.00	   2.69
    424	40014f	     52	   20.0	13052.0	12960.8	 0.2930	 100.00	   2.69
    425	40014f	     52	   18.0	13046.0	12961.0	 0.2930	 100.00	   2.69
    426	40014f	     52	   24.0	13052.0	12961.2	 0.2931	 100.00	   2.69
    427	40014f	     52	   21.0	13055.0	12961.5	 0.2931	 100.00	   2.69
    428	40014f	     52	   23.0	13058.0	12961.7	 0.2932	 100.00	   2.69
    429	40014f	     52	   23.0	13055.0	12961.9	 0.2931	 100.00	   2.69
    430	40014f	     52	   20.0	13057.0	12962.1	 0.2931	 100.00	   2.69
    431	40014f	     52	   27.0	13054.0	12962.3	 0.2931	 100.00	   2.69
    432	40014f	     52	   25.0	13057.0	12962.5	 0.2932	 100.00	   2.69
    433	40014f	     52	   26.0	13057.0	12962.8	 0.2933	 100.00	   2.69
    434	40014f	     52	   22.0	13047.0	12963.0	 0.2934	 100.00	   2.69
    435	40014f	     52	   27.0	13058.0	12963.2	 0.2935	 100.00	   2.69
    436	40014f	     52	   28.0	13048.0	12963.4	 0.2937	 100.00	   2.69
    437	40014f	     52	   25.0	13061.0	12963.6	 0.2937	 100.00	   2.69
    438	40014f	     52	   26.0	13053.0	12963.8	 0.2936	 100.00	   2.69
    439	40014f	     52	   21.0	13062.0	12964.0	 0.2936	 100.00	   2.69
    440	40014f	     52	   16.0	13060.0	12964.2	 0.2937	 100.00	   2.70
    441	40014f	     52	   30.0	13058.0	12964.4	 0.2937	 100.00	   2.70
    442	40014f	     52	   28.0	13048.0	12964.6	 0.2939	 100.00	   2.70
    443	40014f	     52	   22.0	13046.0	12964.8	 0.2942	 100.00	   2.70
    444	40014f	     52	   21.0	13059.0	12965.0	 0.2942	 100.00	   2.70
    445	40014f	     52	    8.0	13061.0	12965.2	 0.2944	 100.00	   2.70
    446	40014f	     52	   27.0	13060.0	12965.5	 0.2946	 100.00	   2.70
    447	40014f	     52	   22.0	13058.0	12965.7	 0.2945	 100.00	   2.70
    448	40014f	     52	   30.0	13044.0	12965.8	 0.2948	 100.00	   2.70
    449	40014f	     52	   17.0	13057.0	12966.0	 0.2949	 100.00	   2.70
    450	40014f	     52	   19.0	13054.0	12966.2	 0.2948	 100.00	   2.70
    451	40014f	     52	   32.0	13058.0	12966.4	 0.2950	 100.00	   2.70
    452	40014f	     52	   23.0	13047.0	12966.6	 0.2947	 100.00	   2.70
    453	40014f	     52	   17.0	13056.0	12966.8	 0.2949	 100.00	   2.70
    454	40014f	     52	   26.0	13054.0	12967.0	 0.2948	 100.00	   2.70
    455	40014f	     52	   15.0	13055.0	12967.2	 0.2947	 100.00	   2.70
    456	40014f	     52	   27.0	13054.0	12967.4	 0.2946	 100.00	   2.70
    457	40014f	     52	   25.0	13053.0	12967.6	 0.2947	 100.00	   2.70
    458	40014f	     52	   24.0	13051.0	12967.8	 0.2945	 100.00	   2.70
    459	40014f	     52	   17.0	13056.0	12968.0	 0.2946	 100.00	   2.71
    460	40014f	     52	   18.0	13060.0	12968.1	 0.2947	 100.00	   2.71
    461	40014f	     52	   24.0	13056.0	12968.3	 0.2949	 100.00	   2.71
    462	40014f	     52	   26.0	13052.0	12968.5	 0.2950	 100.00	   2.71
    463	40014f	     52	   18.0	13054.0	12968.7	 0.2950	 100.00	   2.71
    464	40014f	     52	   29.0	13055.0	12968.9	 0.2948	 100.00	   2.71
    465	40014f	     52	   24.0	13053.0	12969.1	 0.2948	 100.00	   2.71
    466	40014f	     52	   22.0	13055.0	12969.3	 0.2950	 100.00	   2.71
    467	40014f	     52	   17.0	13060.0	12969.4	 0.2948	 100.00	   2.71
    468	40014f	     52	   33.0	13051.0	12969.6	 0.2948	 100.00	   2.71
    469	40014f	     52	   32.0	13055.0	12969.8	 0.2950	 100.00	   2.71
    470	40014f	     52	   19.0	13048.0	12970.0	 0.2953	 100.00	   2.71
    471	40014f	     52	   18.0	13062.0	12970.2	 0.2954	 100.00	   2.71
    472	40014f	     52	   24.0	13056.0	12970.3	 0.2956	 100.00	   2.71
    473	40014f	     52	   21.0	13055.0	12970.5	 0.2956	 100.00	   2.71
    474	40014f	     52	   19.0	13058.0	12970.7	 0.2956	 100.00	   2.71
    475	40014f	     52	   23.0	13055.0	12970.9	 0.2958	 100.00	   2.71
    476	40014f	     52	   19.0	13054.0	12971.1	 0.2960	 100.00	   2.71
    477	40014f	     52	   27.0	13059.0	12971.2	 0.2960	 100.00	   2.71
    478	40014f	     52	   18.0	13061.0	12971.4	 0.2960	 100.00	   2.71
    479	40014f	     52	   19.0	13062.0	12971.6	 0.2961	 100.00	   2.71
    480	40014f	     52	   22.0	13058.0	12971.8	 0.2960	 100.00	   2.71
    481	40014f	     52	   18.0	13056.0	12972.0	 0.2960	 100.00	   2.71
    482	40014f	     52	   26.0	13054.0	12972.1	 0.2962	 100.00	   2.71
    483	40014f	     52	   24.0	13060.0	12972.3	 0.2962	 100.00	   2.71
    484	40014f	     52	   27.0	13051.0	12972.5	 0.2962	 100.00	   2.71
    485	40014f	     52	   19.0	13058.0	12972.7	 0.2962	 100.00	   2.71
    486	40014f	     52	   17.0	13057.0	12972.8	 0.2961	 100.00	   2.71
    487	40014f	     52	   26.0	13057.0	12973.0	 0.2960	 100.00	   2.71
    488	40014f	     52	   31.0	13054.0	12973.2	 0.2961	 100.00	   2.71
    489	40014f	     52	   22.0	13056.0	12973.3	 0.2961	 100.00	   2.72
    490	40014f	     52	   22.0	13056.0	12973.5	 0.2961	 100.00	   2.72
    491	40014f	     52	   25.0	13059.0	12973.7	 0.2962	 100.00	   2.72
    492	40014f	     52	   28.0	13057.0	12973.9	 0.2967	 100.00	   2.72
    493	40014f	     52	   13.0	13056.0	12974.0	 0.2966	 100.00	   2.72
    494	40014f	     52	   22.0	13056.0	12974.2	 0.2965	 100.00	   2.72
    495	40014f	     52	   16.0	13052.0	12974.3	 0.2965	 100.00	   2.72
    496	40014f	     52	   23.0	13053.0	12974.5	 0.2964	 100.00	   2.72
    497	40014f	     52	   26.0	13061.0	12974.7	 0.2964	 100.00	   2.72
    498	40014f	     52	   21.0	13064.0	12974.9	 0.2964	 100.00	   2.72
    499	40014f	     52	   21.0	13053.0	12975.0	 0.2965	 100.00	   2.72
    500	40014f	     52	   22.0	13051.0	12975.2	 0.2967	 100.00	   2.72
    501	40014f	     52	   24.0	13053.0	12975.3	 0.2967	 100.00	   2.72
    502	40014f	     52	   27.0	13058.0	12975.5	 0.2967	 100.00	   2.72
    503	40014f	     52	   21.0	13055.0	12975.6	 0.2965	 100.00	   2.72
    504	40014f	     52	   29.0	13058.0	12975.8	 0.2963	 100.00	   2.72
    505	40014f	     52	   24.0	13058.0	12976.0	 0.2964	 100.00	   2.72
    506	40014f	     52	   27.0	13057.0	12976.1	 0.2963	 100.00	   2.72
    507	40014f	     52	   23.0	13054.0	12976.3	 0.2962	 100.00	   2.72
    508	40014f	     52	   23.0	13053.0	12976.4	 0.2965	 100.00	   2.72
    509	40014f	     52	   20.0	13061.0	12976.6	 0.2965	 100.00	   2.72
    510	40014f	     52	   26.0	13053.0	12976.7	 0.2967	 100.00	   2.72
    511	40014f	     52	   21.0	13064.0	12976.9	 0.2969	 100.00	   2.72
    512	40014f	     52	   27.0	13049.0	12977.1	 0.2969	 100.00	   2.73
    513	40014f	     52	   22.0	13057.0	12977.2	 0.2969	 100.00	   2.73
    514	40014f	     52	   14.0	13055.0	12977.4	 0.2969	 100.00	   2.73
    515	40014f	     52	   22.0	13053.0	12977.5	 0.2970	 100.00	   2.73
    516	40014f	     52	   18.0	13043.0	12977.6	 0.2968	 100.00	   2.73
    517	40014f	     52	   13.0	13052.0	12977.8	 0.2970	 100.00	   2.73
    518	40014f	     52	   18.0	13050.0	12977.9	 0.2970	 100.00	   2.73
    519	40014f	     52	   18.0	13054.0	12978.1	 0.2968	 100.00	   2.73
    520	40014f	     52	   19.0	13053.0	12978.2	 0.2971	 100.00	   2.73
    521	40014f	     52	   28.0	13055.0	12978.4	 0.2969	 100.00	   2.73
    522	40014f	     52	   24.0	13053.0	12978.5	 0.2972	 100.00	   2.73
    523	40014f	     52	   26.0	13063.0	12978.7	 0.2970	 100.00	   2.73
    524	40014f	     52	   13.0	13060.0	12978.8	 0.2972	 100.00	   2.73
    525	40014f	     52	   22.0	13054.0	12979.0	 0.2972	 100.00	   2.73
    526	40014f	     52	   24.0	13052.0	12979.1	 0.2971	 100.00	   2.73
    527	40014f	     52	   21.0	13059.0	12979.2	 0.2971	 100.00	   2.73
    528	40014f	     52	   23.0	13056.0	12979.4	 0.2973	 100.00	   2.73
    529	40014f	     52	   17.0	13057.0	12979.5	 0.2973	 100.00	   2.73
    530	40014f	     52	   26.0	13061.0	12979.7	 0.2974	 100.00	   2.73
    531	40014f	     52	   20.0	13063.0	12979.8	 0.2974	 100.00	   2.73
    532	40014f	     52	   28.0	13057.0	12980.0	 0.2972	 100.00	   2.73
    533	40014f	     52	   22.0	13053.0	12980.1	 0.2973	 100.00	   2.73
    534	40014f	     52	   26.0	13055.0	12980.3	 0.2974	 100.00	   2.73
    535	40014f	     52	   26.0	13061.0	12980.4	 0.2976	 100.00	   2.73
    536	40014f	     52	   21.0	13054.0	12980.6	 0.2975	 100.00	   2.73
    537	40014f	     52	   15.0	13055.0	12980.7	 0.2976	 100.00	   2.73
    538	40014f	     52	   26.0	13055.0	12980.8	 0.2978	 100.00	   2.73
    539	40014f	     52	   19.0	13052.0	12981.0	 0.2977	 100.00	   2.73
    540	40014f	     52	   19.0	13051.0	12981.1	 0.2979	 100.00	   2.73
    541	40014f	     52	   19.0	13050.0	12981.2	 0.2980	 100.00	   2.73
    542	40014f	     52	   20.0	13056.0	12981.4	 0.2980	 100.00	   2.73
    543	40014f	     52	   24.0	13060.0	12981.5	 0.2983	 100.00	   2.73
    544	40014f	     52	   25.0	13047.0	12981.6	 0.2983	 100.00	   2.73
    545	40014f	     52	   18.0	13063.0	12981.8	 0.2981	 100.00	   2.73
    546	40014f	     52	   22.0	13055.0	12981.9	 0.2981	 100.00	   2.74
    547	40014f	     52	   26.0	13059.0	12982.0	 0.2981	 100.00	   2.74
    548	40014f	     52	   21.0	13050.0	12982.2	 0.2983	 100.00	   2.74
    549	40014f	     52	   22.0	13054.0	12982.3	 0.2983	 100.00	   2.74
    550	40014f	     52	   26.0	13060.0	12982.4	 0.2985	 100.00	   2.74
    551	40014f	     52	   24.0	13068.0	12982.6	 0.2985	 100.00	   2.74
    552	40014f	     52	   21.0	13057.0	12982.7	 0.2986	 100.00	   2.74
    553	40014f	     52	   30.0	13057.0	12982.9	 0.2986	 100.00	   2.74
    554	40014f	     52	   18.0	13045.0	12983.0	 0.2986	 100.00	   2.74
    555	40014f	     52	   23.0	13058.0	12983.1	 0.2986	 100.00	   2.74
    556	40014f	     52	   23.0	13057.0	12983.2	 0.2987	 100.00	   2.74
    557	40014f	     52	   23.0	13050.0	12983.4	 0.2987	 100.00	   2.74
    558	40014f	     52	   27.0	13061.0	12983.5	 0.2990	 100.00	   2.74
    559	40014f	     52	   28.0	13059.0	12983.6	 0.2992	 100.00	   2.74
    560	40014f	     52	   25.0	13052.0	12983.8	 0.2993	 100.00	   2.74
    561	40014f	     52	   25.0	13057.0	12983.9	 0.2991	 100.00	   2.74
    562	40014f	     52	   26.0	13055.0	12984.0	 0.2990	 100.00	   2.74
    563	40014f	     52	   20.0	13063.0	12984.2	 0.2990	 100.00	   2.74
    564	40014f	     52	   24.0	13051.0	12984.3	 0.2993	 100.00	   2.74
    565	40014f	     52	   22.0	13059.0	12984.4	 0.2993	 100.00	   2.74
    566	40014f	     52	   19.0	13064.0	12984.6	 0.2993	 100.00	   2.74
    567	40014f	     52	   20.0	13058.0	12984.7	 0.2992	 100.00	   2.74
    568	40014f	     52	   17.0	13061.0	12984.8	 0.2992	 100.00	   2.74
    569	40014f	     52	   25.0	13052.0	12984.9	 0.2994	 100.00	   2.74
    570	40014f	     52	   17.0	13057.0	12985.1	 0.2996	 100.00	   2.74
    571	40014f	     52	   17.0	13060.0	12985.2	 0.2995	 100.00	   2.74
    572	40014f	     52	   15.0	13059.0	12985.3	 0.2994	 100.00	   2.74
    573	40014f	     52	   15.0	13060.0	12985.4	 0.2993	 100.00	   2.74
    574	40014f	     52	   30.0	13054.0	12985.6	 0.2997	 100.00	   2.74
    575	40014f	     52	   24.0	13058.0	12985.7	 0.2999	 100.00	   2.75
    576	40014f	     52	   24.0	13054.0	12985.8	 0.3000	 100.00	   2.75
    577	40014f	     52	   13.0	13051.0	12985.9	 0.2999	 100.00	   2.75
    578	40014f	     52	   20.0	13051.0	12986.0	 0.2998	 100.00	   2.75
    579	40014f	     52	   24.0	13053.0	12986.2	 0.2998	 100.00	   2.75
    580	40014f	     52	   23.0	13050.0	12986.3	 0.2999	 100.00	   2.75
    581	40014f	     52	   22.0	13066.0	12986.4	 0.3001	 100.00	   2.75
    582	40014f	     52	   22.0	13054.0	12986.5	 0.3001	 100.00	   2.75
    583	40014f	     52	    8.0	13060.0	12986.6	 0.3001	 100.00	   2.75
    584	40014f	     52	   24.0	13058.0	12986.8	 0.3001	 100.00	   2.75
    585	40014f	     52	   28.0	13056.0	12986.9	 0.3001	 100.00	   2.75
    586	40014f	     52	   20.0	13062.0	12987.0	 0.3001	 100.00	   2.75
    587	40014f	     52	   19.0	13055.0	12987.1	 0.3001	 100.00	   2.75
    588	40014f	     52	   18.0	13059.0	12987.2	 0.3001	 100.00	   2.75
    589	40014f	     52	   25.0	13046.0	12987.3	 0.3002	 100.00	   2.75
    590	40014f	     52	   12.0	13048.0	12987.4	 0.3002	 100.00	   2.75
    591	40014f	     52	   16.0	13058.0	12987.6	 0.3003	 100.00	   2.75
    592	40014f	     52	   20.0	13064.0	12987.7	 0.3003	 100.00	   2.75
    593	40014f	     52	   25.0	13047.0	12987.8	 0.3003	 100.00	   2.75
    594	40014f	     52	   24.0	13055.0	12987.9	 0.3003	 100.00	   2.75
    595	40014f	     52	   30.0	13055.0	12988.0	 0.3005	 100.00	   2.75
    596	40014f	     52	   30.0	13047.0	12988.1	 0.3006	 100.00	   2.75
    597	40014f	     52	   26.0	13059.0	12988.2	 0.3007	 100.00	   2.75
    598	40014f	     52	   29.0	13056.0	12988.4	 0.3007	 100.00	   2.75
    599	40014f	     52	   18.0	13060.0	12988.5	 0.3008	 100.00	   2.75
    600	40014f	     52	   23.0	13045.0	12988.6	 0.3008	 100.00	   2.75
    601	40014f	     52	   17.0	13056.0	12988.7	 0.3009	 100.00	   2.75
    602	40014f	     52	   29.0	13057.0	12988.8	 0.3008	 100.00	   2.75
    603	40014f	     52	   13.0	13060.0	12988.9	 0.3008	 100.00	   2.75
    604	40014f	     52	   13.0	13057.0	12989.0	 0.3008	 100.00	   2.75
    605	40014f	     52	   17.0	13058.0	12989.1	 0.3008	 100.00	   2.75
    606	40014f	     52	   18.0	13058.0	12989.2	 0.3007	 100.00	   2.75
    607	40014f	     52	   16.0	13062.0	12989.4	 0.3007	 100.00	   2.75
    608	40014f	     52	   25.0	13057.0	12989.5	 0.3009	 100.00	   2.75
    609	40014f	     52	   13.0	13066.0	12989.6	 0.3009	 100.00	   2.75
    610	40014f	     52	   32.0	13054.0	12989.7	 0.3010	 100.00	   2.75
    611	40014f	     52	   23.0	13053.0	12989.8	 0.3011	 100.00	   2.75
    612	40014f	     52	   29.0	13054.0	12989.9	 0.3009	 100.00	   2.75
    613	40014f	     52	   13.0	13059.0	12990.0	 0.3010	 100.00	   2.75
    614	40014f	     52	   25.0	13066.0	12990.2	 0.3010	 100.00	   2.75
    615	40014f	     52	   37.0	13055.0	12990.3	 0.3010	 100.00	   2.75
    616	40014f	     52	   21.0	13050.0	12990.4	 0.3009	 100.00	   2.75
    617	40014f	     52	   18.0	13052.0	12990.5	 0.3010	 100.00	   2.75
    618	40014f	     52	   21.0	13057.0	12990.6	 0.3010	 100.00	   2.75
    619	40014f	     52	   18.0	13065.0	12990.7	 0.3012	 100.00	   2.76
    620	40014f	     52	   31.0	13056.0	12990.8	 0.3011	 100.00	   2.76
    621	40014f	     52	   24.0	13062.0	12990.9	 0.3010	 100.00	   2.76
    622	40014f	     52	   18.0	13054.0	12991.0	 0.3010	 100.00	   2.76
    623	40014f	     52	   29.0	13061.0	12991.1	 0.3011	 100.00	   2.76
    624	40014f	     52	   22.0	13057.0	12991.2	 0.3012	 100.00	   2.76
    625	40014f	     52	   24.0	13053.0	12991.3	 0.3016	 100.00	   2.76
    626	40014f	     52	   18.0	13051.0	12991.4	 0.3016	 100.00	   2.76
    627	40014f	     52	   21.0	13060.0	12991.5	 0.3015	 100.00	   2.76
    628	40014f	     52	   24.0	13060.0	12991.6	 0.3014	 100.00	   2.76
    629	40014f	     52	   23.0	13059.0	12991.7	 0.3014	 100.00	   2.76
    630	40014f	     52	   16.0	13059.0	12991.8	 0.3016	 100.00	   2.76
    631	40014f	     52	   19.0	13058.0	12992.0	 0.3015	 100.00	   2.76
    632	40014f	     52	   19.0	13055.0	12992.1	 0.3015	 100.00	   2.76
    633	40014f	     52	   18.0	13061.0	12992.2	 0.3014	 100.00	   2.76
    634	40014f	     52	   23.0	13052.0	12992.3	 0.3015	 100.00	   2.76
    635	40014f	     52	   22.0	13058.0	12992.4	 0.3016	 100.00	   2.76
    636	40014f	     52	   18.0	13052.0	12992.5	 0.3015	 100.00	   2.76
    637	40014f	     52	   17.0	13047.0	12992.5	 0.3015	 100.00	   2.76
    638	40014f	     52	   27.0	13058.0	12992.6	 0.3016	 100.00	   2.76
    639	40014f	     52	   28.0	13056.0	12992.7	 0.3017	 100.00	   2.76
    640	40014f	     52	   27.0	13051.0	12992.8	 0.3019	 100.00	   2.76
    641	40014f	     52	   17.0	13056.0	12992.9	 0.3019	 100.00	   2.76
    642	40014f	     52	   24.0	13060.0	12993.0	 0.3020	 100.00	   2.76
    643	40014f	     52	   16.0	13060.0	12993.1	 0.3020	 100.00	   2.76
    644	40014f	     52	   26.0	13066.0	12993.2	 0.3019	 100.00	   2.76
    645	40014f	     52	   21.0	13059.0	12993.4	 0.3020	 100.00	   2.76
    646	40014f	     52	   23.0	13064.0	12993.5	 0.3021	 100.00	   2.76
    647	40014f	     52	   14.0	13064.0	12993.6	 0.3022	 100.00	   2.76
    648	40014f	     52	   15.0	13059.0	12993.7	 0.3020	 100.00	   2.76
    649	40014f	     52	   15.0	13056.0	12993.8	 0.3019	 100.00	   2.76
    650	40014f	     52	   23.0	13061.0	12993.9	 0.3021	 100.00	   2.76
    651	40014f	     52	   27.0	13054.0	12994.0	 0.3022	 100.00	   2.76
    652	40014f	     52	   32.0	13068.0	12994.1	 0.3024	 100.00	   2.76
    653	40014f	     52	   22.0	13062.0	12994.2	 0.3024	 100.00	   2.76
    654	40014f	     52	   22.0	13054.0	12994.3	 0.3025	 100.00	   2.76
    655	40014f	     52	   28.0	13062.0	12994.4	 0.3024	 100.00	   2.76
    656	40014f	     52	   23.0	13045.0	12994.5	 0.3028	 100.00	   2.76
    657	40014f	     52	   17.0	13048.0	12994.5	 0.3028	 100.00	   2.76
    658	40014f	     52	   21.0	13051.0	12994.6	 0.3025	 100.00	   2.76
    659	40014f	     52	   18.0	13047.0	12994.7	 0.3025	 100.00	   2.76
    660	40014f	     52	   21.0	13050.0	12994.8	 0.3026	 100.00	   2.76
    661	40014f	     52	   24.0	13060.0	12994.9	 0.3026	 100.00	   2.76
    662	40014f	     52	   19.0	13055.0	12995.0	 0.3026	 100.00	   2.76
    663	40014f	     52	   26.0	13051.0	12995.1	 0.3027	 100.00	   2.76
    664	40014f	     52	   18.0	13053.0	12995.1	 0.3029	 100.00	   2.76
    665	40014f	     52	   23.0	13054.0	12995.2	 0.3028	 100.00	   2.77
    666	40014f	     52	   30.0	13050.0	12995.3	 0.3029	 100.00	   2.76
    667	40014f	     52	   18.0	13052.0	12995.4	 0.3029	 100.00	   2.77
    668	40014f	     52	   16.0	13056.0	12995.5	 0.3029	 100.00	   2.77
    669	40014f	     52	   25.0	13059.0	12995.6	 0.3028	 100.00	   2.77
    670	40014f	     52	   25.0	13048.0	12995.7	 0.3027	 100.00	   2.77
    671	40014f	     52	   22.0	13060.0	12995.8	 0.3028	 100.00	   2.77
    672	40014f	     52	   28.0	13054.0	12995.8	 0.3030	 100.00	   2.77
    673	40014f	     52	   22.0	13058.0	12995.9	 0.3033	 100.00	   2.77
    674	40014f	     52	   20.0	13052.0	12996.0	 0.3033	 100.00	   2.77
    675	40014f	     52	   24.0	13058.0	12996.1	 0.3034	 100.00	   2.77
    676	40014f	     52	   24.0	13054.0	12996.2	 0.3033	 100.00	   2.77
    677	40014f	     52	   29.0	13047.0	12996.3	 0.3033	 100.00	   2.77
    678	40014f	     52	   20.0	13051.0	12996.4	 0.3033	 100.00	   2.77
    679	40014f	     52	   24.0	13055.0	12996.4	 0.3034	 100.00	   2.77
    680	40014f	     52	   24.0	13053.0	12996.5	 0.3034	 100.00	   2.77
    681	40014f	     52	   24.0	13053.0	12996.6	 0.3033	 100.00	   2.77
    682	40014f	     52	   29.0	13044.0	12996.7	 0.3032	 100.00	   2.77
    683	40014f	     52	   15.0	13053.0	12996.8	 0.3031	 100.00	   2.77
    684	40014f	     52	   21.0	13054.0	12996.8	 0.3033	 100.00	   2.77
    685	40014f	     52	   17.0	13065.0	12996.9	 0.3032	 100.00	   2.77
    686	40014f	     52	   22.0	13053.0	12997.0	 0.3031	 100.00	   2.77
    687	40014f	     52	   19.0	13058.0	12997.1	 0.3031	 100.00	   2.77
    688	40014f	     52	   19.0	13055.0	12997.2	 0.3033	 100.00	   2.77
    689	40014f	     52	   27.0	13046.0	12997.3	 0.3034	 100.00	   2.77
    690	40014f	     52	   13.0	13053.0	12997.3	 0.3035	 100.00	   2.77
    691	40014f	     52	   17.0	13058.0	12997.4	 0.3036	 100.00	   2.77
    692	40014f	     52	   25.0	13053.0	12997.5	 0.3036	 100.00	   2.77
    693	40014f	     52	   18.0	13057.0	12997.6	 0.3038	 100.00	   2.77
    694	40014f	     52	   27.0	13058.0	12997.7	 0.3039	 100.00	   2.77
    695	40014f	     52	   19.0	13061.0	12997.8	 0.3038	 100.00	   2.77
    696	40014f	     52	   25.0	13060.0	12997.9	 0.3036	 100.00	   2.77
    697	40014f	     52	   20.0	13048.0	12997.9	 0.3037	 100.00	   2.77
    698	40014f	     52	   19.0	13047.0	12998.0	 0.3037	 100.00	   2.77
    699	40014f	     52	   26.0	13053.0	12998.1	 0.3036	 100.00	   2.77
    700	40014f	     52	   13.0	13054.0	12998.2	 0.3035	 100.00	   2.77
    701	40014f	     52	   18.0	13056.0	12998.2	 0.3034	 100.00	   2.77
    702	40014f	     52	   20.0	13052.0	12998.3	 0.3035	 100.00	   2.77
    703	40014f	     52	   15.0	13053.0	12998.4	 0.3035	 100.00	   2.77
    704	40014f	     52	   25.0	13050.0	12998.5	 0.3035	 100.00	   2.77
    705	40014f	     52	   21.0	13051.0	12998.5	 0.3035	 100.00	   2.77
    706	40014f	     52	   23.0	13056.0	12998.6	 0.3036	 100.00	   2.77
    707	40014f	     52	   25.0	13053.0	12998.7	 0.3037	 100.00	   2.77
    708	40014f	     52	   28.0	13059.0	12998.8	 0.3037	 100.00	   2.77
    709	40014f	     52	   16.0	13053.0	12998.9	 0.3038	 100.00	   2.77
    710	40014f	     52	   26.0	13057.0	12998.9	 0.3037	 100.00	   2.77
    711	40014f	     52	   20.0	13059.0	12999.0	 0.3038	 100.00	   2.77
    712	40014f	     52	   20.0	13049.0	12999.1	 0.3039	 100.00	   2.78
    713	40014f	     52	   19.0	13054.0	12999.2	 0.3039	 100.00	   2.78
    714	40014f	     52	   16.0	13052.0	12999.3	 0.3038	 100.00	   2.78
    715	40014f	     52	   21.0	13059.0	12999.3	 0.3038	 100.00	   2.78
    716	40014f	     52	   22.0	13047.0	12999.4	 0.3040	 100.00	   2.78
    717	40014f	     52	   21.0	13054.0	12999.5	 0.3039	 100.00	   2.78
    718	40014f	     52	   18.0	13050.0	12999.6	 0.3038	 100.00	   2.78
    719	40014f	     52	   25.0	13061.0	12999.6	 0.3039	 100.00	   2.78
    720	40014f	     52	   15.0	13056.0	12999.7	 0.3040	 100.00	   2.78
    721	40014f	     52	   21.0	13055.0	12999.8	 0.3041	 100.00	   2.78
    722	40014f	     52	   24.0	13055.0	12999.9	 0.3041	 100.00	   2.78
    723	40014f	     52	   17.0	13060.0	13000.0	 0.3041	 100.00	   2.78
    724	40014f	     52	   26.0	13050.0	13000.0	 0.3041	 100.00	   2.78
    725	40014f	     52	   19.0	13061.0	13000.1	 0.3040	 100.00	   2.78
    726	40014f	     52	   27.0	13056.0	13000.2	 0.3040	 100.00	   2.78
    727	40014f	     52	    8.0	13054.0	13000.3	 0.3040	 100.00	   2.78
    728	40014f	     52	   25.0	13055.0	13000.3	 0.3040	 100.00	   2.78
    729	40014f	     52	   22.0	13059.0	13000.4	 0.3039	 100.00	   2.78
    730	40014f	     52	   22.0	13055.0	13000.5	 0.3040	 100.00	   2.78
    731	40014f	     52	   22.0	13053.0	13000.6	 0.3040	 100.00	   2.78
    732	40014f	     52	   25.0	13058.0	13000.6	 0.3041	 100.00	   2.78
    733	40014f	     52	   23.0	13051.0	13000.7	 0.3042	 100.00	   2.78
    734	40014f	     52	   23.0	13054.0	13000.8	 0.3042	 100.00	   2.78
    735	40014f	     52	   21.0	13059.0	13000.9	 0.3042	 100.00	   2.78
    736	40014f	     52	   24.0	13053.0	13000.9	 0.3044	 100.00	   2.78
    737	40014f	     52	   23.0	13060.0	13001.0	 0.3045	 100.00	   2.78
    738	40014f	     52	   26.0	13058.0	13001.1	 0.3045	 100.00	   2.78
    739	40014f	     52	   22.0	13050.0	13001.1	 0.3046	 100.00	   2.78
    740	40014f	     52	   22.0	13056.0	13001.2	 0.3045	 100.00	   2.78
    741	40014f	     52	   21.0	13053.0	13001.3	 0.3046	 100.00	   2.78
    742	40014f	     52	   22.0	13055.0	13001.4	 0.3046	 100.00	   2.78
    743	40014f	     52	   23.0	13062.0	13001.4	 0.3047	 100.00	   2.78
    744	40014f	     52	   16.0	13052.0	13001.5	 0.3046	 100.00	   2.77
    745	40014f	     52	   23.0	13047.0	13001.6	 0.3046	 100.00	   2.77
    746	40014f	     52	   27.0	13058.0	13001.7	 0.3047	 100.00	   2.77
    747	40014f	     52	   22.0	13058.0	13001.7	 0.3046	 100.00	   2.77
    748	40014f	     52	   26.0	13042.0	13001.8	 0.3047	 100.00	   2.77
    749	40014f	     52	   21.0	13053.0	13001.8	 0.3046	 100.00	   2.77
    750	40014f	     52	   29.0	13060.0	13001.9	 0.3048	 100.00	   2.77
    751	40014f	     52	   16.0	13056.0	13002.0	 0.3047	 100.00	   2.77
    752	40014f	     52	   19.0	13055.0	13002.1	 0.3048	 100.00	   2.77
    753	40014f	     52	   24.0	13049.0	13002.1	 0.3047	 100.00	   2.77
    754	40014f	     52	   24.0	13057.0	13002.2	 0.3048	 100.00	   2.77
    755	40014f	     52	   21.0	13058.0	13002.3	 0.3048	 100.00	   2.77
