./asc:main.c:294: warning: auxv random bytes were not cleared
  Round	    PC	Excited	Hamming	   Loss	 Regret	    MSE	  Error	   MIPS
      0	40010c	     52	12745.0	12745.0	12745.0	 0.3186	 100.00	0.07732
      1	400148	     52	  291.0	13030.0	 6515.0	 0.2546	 100.00	0.16422
      2	400148	     52	   13.0	13035.0	 4345.0	 0.2629	 100.00	0.24029
      3	400148	     52	   17.0	13040.0	 3260.0	 0.3047	 100.00	0.31813
      4	400148	     52	   16.0	13032.0	 5214.4	 0.2877	 100.00	0.39308
      5	400148	     52	   16.0	13036.0	 6518.0	 0.2968	 100.00	0.46439
      6	400148	     52	   19.0	13033.0	 7448.7	 0.2755	 100.00	0.52943
      7	400148	     52	   14.0	13033.0	 8146.8	 0.2859	 100.00	0.58967
      8	400148	     52	   13.0	13038.0	 8690.2	 0.2908	 100.00	0.64986
      9	400148	     52	   18.0	13038.0	 9125.0	 0.2920	 100.00	0.70588
     10	400148	     52	   11.0	13041.0	 9481.0	 0.2875	 100.00	0.75916
     11	400148	     52	   18.0	13039.0	 9777.5	 0.2830	 100.00	0.81094
     12	400148	     52	   23.0	13036.0	10028.2	 0.2783	 100.00	0.85887
     13	400148	     52	   19.0	13037.0	10243.1	 0.2802	 100.00	0.90530
     14	400148	     52	   13.0	13036.0	10429.3	 0.2776	 100.00	0.94918
     15	400148	     52	   15.0	13041.0	10592.5	 0.2757	 100.00	0.98718
     16	400148	     52	   19.0	13036.0	10736.2	 0.2741	 100.00	   1.03
     17	400148	     52	    9.0	13039.0	10864.2	 0.2668	 100.00	   1.07
     18	400148	     52	   17.0	13038.0	10978.6	 0.2669	 100.00	   1.11
     19	400148	     52	   21.0	13047.0	11082.0	 0.2647	 100.00	   1.14
     20	400148	     52	   15.0	13040.0	11175.2	 0.2624	 100.00	   1.18
     21	400148	     52	   16.0	13038.0	11259.9	 0.2606	 100.00	   1.21
     22	400148	     52	   19.0	13031.0	11336.9	 0.2586	 100.00	   1.24
     23	400148	     52	   16.0	13039.0	11407.8	 0.2588	 100.00	   1.28
     24	400148	     52	   18.0	13027.0	11472.6	 0.2586	 100.00	   1.30
     25	400148	     52	   11.0	13036.0	11532.7	 0.2572	 100.00	   1.33
     26	400148	     52	   23.0	13035.0	11588.4	 0.2601	 100.00	   1.36
     27	400148	     52	   10.0	13035.0	11640.0	 0.2609	 100.00	   1.39
     28	400148	     52	   24.0	13041.0	11688.3	 0.2612	 100.00	   1.42
     29	400148	     52	   24.0	13037.0	11733.3	 0.2639	 100.00	   1.44
     30	400148	     52	   14.0	13035.0	11775.3	 0.2635	 100.00	   1.47
     31	400148	     52	   21.0	13038.0	11814.8	 0.2621	 100.00	   1.49
     32	400148	     52	   14.0	13034.0	11851.7	 0.2659	 100.00	   1.51
     33	400148	     52	   16.0	13042.0	11886.7	 0.2700	 100.00	   1.54
     34	400148	     52	   17.0	13041.0	11919.7	 0.2700	 100.00	   1.56
     35	400148	     52	   20.0	13039.0	11950.8	 0.2696	 100.00	   1.58
     36	400148	     52	   19.0	13044.0	11980.3	 0.2686	 100.00	   1.60
     37	400148	     52	   18.0	13044.0	12008.3	 0.2691	 100.00	   1.62
     38	400148	     52	   12.0	13040.0	12034.8	 0.2673	 100.00	   1.64
     39	400148	     52	   17.0	13037.0	12059.8	 0.2668	 100.00	   1.66
     40	400148	     52	   15.0	13038.0	12083.7	 0.2667	 100.00	   1.68
     41	400148	     52	   20.0	13038.0	12106.4	 0.2664	 100.00	   1.69
     42	400148	     52	   19.0	13037.0	12128.0	 0.2653	 100.00	   1.71
     43	400148	     52	   19.0	13042.0	12148.8	 0.2653	 100.00	   1.73
     44	400148	     52	   20.0	13034.0	12168.5	 0.2646	 100.00	   1.74
     45	400148	     52	   18.0	13040.0	12187.4	 0.2634	 100.00	   1.76
     46	400148	     52	   16.0	13042.0	12205.6	 0.2620	 100.00	   1.77
     47	400148	     52	   17.0	13041.0	12223.0	 0.2601	 100.00	   1.79
     48	400148	     52	   23.0	13038.0	12239.7	 0.2614	 100.00	   1.80
     49	400148	     52	   15.0	13037.0	12255.6	 0.2623	 100.00	   1.81
     50	400148	     52	   23.0	13034.0	12270.9	 0.2620	 100.00	   1.83
     51	400148	     52	   18.0	13040.0	12285.7	 0.2642	 100.00	   1.84
     52	400148	     52	   22.0	13038.0	12299.8	 0.2648	 100.00	   1.85
     53	400148	     52	   23.0	13033.0	12313.4	 0.2636	 100.00	   1.86
     54	400148	     52	   22.0	13041.0	12326.7	 0.2634	 100.00	   1.88
     55	400148	     52	   18.0	13045.0	12339.5	 0.2642	 100.00	   1.89
     56	400148	     52	   18.0	13037.0	12351.7	 0.2636	 100.00	   1.90
     57	400148	     52	   22.0	13041.0	12363.6	 0.2614	 100.00	   1.91
     58	400148	     52	   16.0	13035.0	12375.0	 0.2615	 100.00	   1.92
     59	400148	     52	   19.0	13038.0	12386.0	 0.2600	 100.00	   1.93
     60	400148	     52	   22.0	13046.0	12396.9	 0.2604	 100.00	   1.94
     61	400148	     52	   12.0	13044.0	12407.3	 0.2586	 100.00	   1.95
     62	400148	     52	   28.0	13042.0	12417.4	 0.2605	 100.00	   1.96
     63	400148	     52	   21.0	13037.0	12427.0	 0.2593	 100.00	   1.97
     64	400148	     52	   18.0	13035.0	12436.4	 0.2592	 100.00	   1.98
     65	400148	     52	   17.0	13040.0	12445.5	 0.2574	 100.00	   1.99
     66	400148	     52	   20.0	13048.0	12454.5	 0.2586	 100.00	   2.00
     67	400148	     52	   33.0	13037.0	12463.1	 0.2594	 100.00	   2.01
     68	400148	     52	   14.0	13033.0	12471.4	 0.2594	 100.00	   2.02
     69	400148	     52	   10.0	13037.0	12479.4	 0.2613	 100.00	   2.02
     70	400148	     52	   20.0	13047.0	12487.4	 0.2622	 100.00	   2.03
     71	400148	     52	   16.0	13045.0	12495.2	 0.2619	 100.00	   2.04
     72	400148	     52	   18.0	13033.0	12502.5	 0.2633	 100.00	   2.05
     73	400148	     52	   11.0	13030.0	12509.7	 0.2631	 100.00	   2.05
     74	400148	     52	   20.0	13044.0	12516.8	 0.2638	 100.00	   2.06
     75	400148	     52	   23.0	13043.0	12523.7	 0.2626	 100.00	   2.07
     76	400148	     52	   18.0	13043.0	12530.5	 0.2632	 100.00	   2.08
     77	400148	     52	   19.0	13036.0	12536.9	 0.2638	 100.00	   2.09
     78	400148	     52	   14.0	13044.0	12543.4	 0.2643	 100.00	   2.10
     79	400148	     52	   11.0	13041.0	12549.6	 0.2645	 100.00	   2.10
     80	400148	     52	   21.0	13042.0	12555.7	 0.2644	 100.00	   2.11
     81	400148	     52	   13.0	13047.0	12561.7	 0.2646	 100.00	   2.12
     82	400148	     52	   29.0	13040.0	12567.4	 0.2661	 100.00	   2.13
     83	400148	     52	   22.0	13044.0	12573.1	 0.2658	 100.00	   2.13
     84	400148	     52	   19.0	13033.0	12578.5	 0.2660	 100.00	   2.14
     85	400148	     52	   16.0	13041.0	12583.9	 0.2663	 100.00	   2.15
     86	400148	     52	   17.0	13044.0	12589.2	 0.2671	 100.00	   2.15
     87	400148	     52	   12.0	13048.0	12594.4	 0.2682	 100.00	   2.16
     88	400148	     52	   26.0	13040.0	12599.4	 0.2677	 100.00	   2.17
     89	400148	     52	   19.0	13037.0	12604.3	 0.2672	 100.00	   2.17
     90	400148	     52	   14.0	13041.0	12609.1	 0.2667	 100.00	   2.18
     91	400148	     52	   20.0	13041.0	12613.8	 0.2669	 100.00	   2.19
     92	400148	     52	   16.0	13045.0	12618.4	 0.2668	 100.00	   2.19
     93	400148	     52	   16.0	13045.0	12622.9	 0.2678	 100.00	   2.20
     94	400148	     52	   12.0	13047.0	12627.4	 0.2676	 100.00	   2.20
     95	400148	     52	   22.0	13037.0	12631.7	 0.2677	 100.00	   2.21
     96	400148	     52	   17.0	13040.0	12635.9	 0.2673	 100.00	   2.22
     97	400148	     52	   16.0	13042.0	12640.0	 0.2676	 100.00	   2.22
     98	400148	     52	   17.0	13039.0	12644.0	 0.2670	 100.00	   2.23
     99	400148	     52	   19.0	13042.0	12648.0	 0.2678	 100.00	   2.23
    100	400148	     52	   20.0	13042.0	12651.9	 0.2677	 100.00	   2.24
    101	400148	     52	   17.0	13039.0	12655.7	 0.2682	 100.00	   2.24
    102	400148	     52	   20.0	13043.0	12659.5	 0.2681	 100.00	   2.25
    103	400148	     52	   31.0	13044.0	12663.2	 0.2688	 100.00	   2.25
    104	400148	     52	   15.0	13035.0	12666.7	 0.2690	 100.00	   2.26
    105	400148	     52	   24.0	13043.0	12670.3	 0.2692	 100.00	   2.26
    106	400148	     52	   23.0	13044.0	12673.8	 0.2699	 100.00	   2.27
    107	400148	     52	   17.0	13047.0	12677.2	 0.2696	 100.00	   2.27
    108	400148	     52	   26.0	13047.0	12680.6	 0.2700	 100.00	   2.28
    109	400148	     52	   24.0	13035.0	12683.8	 0.2702	 100.00	   2.28
    110	400148	     52	   15.0	13044.0	12687.1	 0.2702	 100.00	   2.28
    111	400148	     52	   20.0	13044.0	12690.3	 0.2711	 100.00	   2.29
    112	400148	     52	   19.0	13039.0	12693.3	 0.2710	 100.00	   2.29
    113	400148	     52	   18.0	13049.0	12696.5	 0.2714	 100.00	   2.30
    114	400148	     52	   25.0	13036.0	12699.4	 0.2707	 100.00	   2.30
    115	400148	     52	   11.0	13039.0	12702.3	 0.2708	 100.00	   2.30
    116	400148	     52	   18.0	13045.0	12705.3	 0.2704	 100.00	   2.31
    117	400148	     52	   20.0	13043.0	12708.1	 0.2710	 100.00	   2.31
    118	400148	     52	   23.0	13046.0	12711.0	 0.2708	 100.00	   2.31
    119	400148	     52	   28.0	13040.0	12713.7	 0.2709	 100.00	   2.32
    120	400148	     52	   18.0	13044.0	12716.4	 0.2717	 100.00	   2.32
    121	400148	     52	   22.0	13046.0	12719.1	 0.2711	 100.00	   2.33
    122	400148	     52	   24.0	13046.0	12721.8	 0.2709	 100.00	   2.33
    123	400148	     52	   24.0	13042.0	12724.4	 0.2711	 100.00	   2.33
    124	400148	     52	   17.0	13039.0	12726.9	 0.2722	 100.00	   2.34
    125	400148	     52	   22.0	13041.0	12729.4	 0.2722	 100.00	   2.34
    126	400148	     52	   30.0	13041.0	12731.9	 0.2721	 100.00	   2.34
    127	400148	     52	   15.0	13042.0	12734.3	 0.2727	 100.00	   2.35
    128	400148	     52	   24.0	13040.0	12736.6	 0.2721	 100.00	   2.35
    129	400148	     52	   14.0	13042.0	12739.0	 0.2716	 100.00	   2.35
    130	400148	     52	   15.0	13043.0	12741.3	 0.2719	 100.00	   2.36
    131	400148	     52	   25.0	13044.0	12743.6	 0.2715	 100.00	   2.36
    132	400148	     52	   19.0	13041.0	12745.8	 0.2721	 100.00	   2.36
    133	400148	     52	   19.0	13044.0	12748.1	 0.2721	 100.00	   2.37
    134	400148	     52	   30.0	13044.0	12750.3	 0.2727	 100.00	   2.37
    135	400148	     52	   17.0	13045.0	12752.4	 0.2735	 100.00	   2.37
    136	400148	     52	   22.0	13043.0	12754.5	 0.2730	 100.00	   2.38
    137	400148	     52	   18.0	13049.0	12756.7	 0.2722	 100.00	   2.38
    138	400148	     52	   10.0	13049.0	12758.8	 0.2728	 100.00	   2.38
    139	400148	     52	   17.0	13040.0	12760.8	 0.2733	 100.00	   2.39
    140	400148	     52	   23.0	13045.0	12762.8	 0.2732	 100.00	   2.39
    141	400148	     52	   16.0	13041.0	12764.8	 0.2732	 100.00	   2.39
    142	400148	     52	   26.0	13049.0	12766.8	 0.2727	 100.00	   2.40
    143	400148	     52	   14.0	13047.0	12768.7	 0.2722	 100.00	   2.40
    144	400148	     52	   14.0	13039.0	12770.6	 0.2734	 100.00	   2.40
    145	400148	     52	   18.0	13039.0	12772.4	 0.2734	 100.00	   2.40
    146	400148	     52	   20.0	13041.0	12774.2	 0.2736	 100.00	   2.41
    147	400148	     52	   18.0	13041.0	12776.0	 0.2736	 100.00	   2.41
    148	400148	     52	   10.0	13045.0	12777.8	 0.2734	 100.00	   2.41
    149	400148	     52	   27.0	13040.0	12779.6	 0.2736	 100.00	   2.42
    150	400148	     52	   19.0	13035.0	12781.3	 0.2743	 100.00	   2.42
    151	400148	     52	   20.0	13045.0	12783.0	 0.2750	 100.00	   2.42
    152	400148	     52	   21.0	13038.0	12784.7	 0.2750	 100.00	   2.43
    153	400148	     52	   12.0	13044.0	12786.4	 0.2750	 100.00	   2.43
    154	400148	     52	   23.0	13047.0	12788.0	 0.2747	 100.00	   2.43
    155	400148	     52	   19.0	13040.0	12789.7	 0.2753	 100.00	   2.43
    156	400148	     52	   22.0	13046.0	12791.3	 0.2758	 100.00	   2.44
    157	400148	     52	   14.0	13048.0	12792.9	 0.2758	 100.00	   2.44
    158	400148	     52	   25.0	13041.0	12794.5	 0.2766	 100.00	   2.44
    159	400148	     52	   23.0	13046.0	12796.0	 0.2763	 100.00	   2.45
    160	400148	     52	   16.0	13044.0	12797.6	 0.2763	 100.00	   2.45
    161	400148	     52	   20.0	13042.0	12799.1	 0.2760	 100.00	   2.45
    162	400148	     52	   22.0	13046.0	12800.6	 0.2758	 100.00	   2.45
    163	400148	     52	   25.0	13051.0	12802.1	 0.2758	 100.00	   2.45
    164	400148	     52	   30.0	13041.0	12803.6	 0.2763	 100.00	   2.46
    165	400148	     52	   22.0	13047.0	12805.1	 0.2767	 100.00	   2.46
    166	400148	     52	   16.0	13043.0	12806.5	 0.2776	 100.00	   2.46
    167	400148	     52	   17.0	13048.0	12807.9	 0.2780	 100.00	   2.46
    168	400148	     52	   15.0	13043.0	12809.3	 0.2779	 100.00	   2.46
    169	400148	     52	   25.0	13034.0	12810.6	 0.2777	 100.00	   2.47
    170	400148	     52	   14.0	13042.0	12812.0	 0.2778	 100.00	   2.47
    171	400148	     52	   19.0	13043.0	12813.3	 0.2772	 100.00	   2.47
    172	400148	     52	   22.0	13045.0	12814.7	 0.2776	 100.00	   2.47
    173	400148	     52	   14.0	13043.0	12816.0	 0.2771	 100.00	   2.47
    174	400148	     52	   22.0	13043.0	12817.3	 0.2772	 100.00	   2.48
    175	400148	     52	   22.0	13041.0	12818.5	 0.2775	 100.00	   2.48
    176	400148	     52	   23.0	13042.0	12819.8	 0.2774	 100.00	   2.48
    177	400148	     52	   23.0	13041.0	12821.1	 0.2776	 100.00	   2.48
    178	400148	     52	   19.0	13038.0	12822.3	 0.2780	 100.00	   2.49
    179	400148	     52	   10.0	13044.0	12823.5	 0.2781	 100.00	   2.49
    180	400148	     52	   24.0	13040.0	12824.7	 0.2779	 100.00	   2.49
    181	400148	     52	   25.0	13039.0	12825.9	 0.2783	 100.00	   2.49
    182	400148	     52	   26.0	13045.0	12827.1	 0.2789	 100.00	   2.49
    183	400148	     52	   20.0	13049.0	12828.3	 0.2787	 100.00	   2.49
    184	400148	     52	   14.0	13045.0	12829.4	 0.2791	 100.00	   2.49
    185	400148	     52	   24.0	13041.0	12830.6	 0.2793	 100.00	   2.50
    186	400148	     52	   24.0	13041.0	12831.7	 0.2794	 100.00	   2.50
    187	400148	     52	   21.0	13040.0	12832.8	 0.2794	 100.00	   2.50
    188	400148	     52	   26.0	13038.0	12833.9	 0.2795	 100.00	   2.50
    189	400148	     52	   15.0	13043.0	12835.0	 0.2798	 100.00	   2.50
    190	400148	     52	   26.0	13043.0	12836.1	 0.2801	 100.00	   2.50
    191	400148	     52	   20.0	13045.0	12837.2	 0.2802	 100.00	   2.51
    192	400148	     52	   22.0	13037.0	12838.2	 0.2802	 100.00	   2.51
    193	400148	     52	   21.0	13042.0	12839.3	 0.2804	 100.00	   2.51
    194	400148	     52	   19.0	13045.0	12840.3	 0.2800	 100.00	   2.51
    195	400148	     52	   28.0	13039.0	12841.3	 0.2802	 100.00	   2.51
    196	400148	     52	   26.0	13043.0	12842.4	 0.2800	 100.00	   2.52
    197	400148	     52	   19.0	13046.0	12843.4	 0.2803	 100.00	   2.52
    198	400148	     52	   24.0	13042.0	12844.4	 0.2803	 100.00	   2.52
    199	400148	     52	   23.0	13039.0	12845.4	 0.2801	 100.00	   2.52
    200	400148	     52	   23.0	13042.0	12846.3	 0.2800	 100.00	   2.52
    201	400148	     52	   15.0	13043.0	12847.3	 0.2799	 100.00	   2.52
    202	400148	     52	   18.0	13043.0	12848.3	 0.2797	 100.00	   2.53
    203	400148	     52	   21.0	13044.0	12849.2	 0.2798	 100.00	   2.53
    204	400148	     52	   22.0	13048.0	12850.2	 0.2796	 100.00	   2.53
    205	400148	     52	   30.0	13046.0	12851.2	 0.2797	 100.00	   2.53
    206	400148	     52	   25.0	13039.0	12852.1	 0.2796	 100.00	   2.53
    207	400148	     52	   20.0	13041.0	12853.0	 0.2799	 100.00	   2.53
    208	400148	     52	   19.0	13040.0	12853.9	 0.2802	 100.00	   2.54
    209	400148	     52	   29.0	13045.0	12854.8	 0.2801	 100.00	   2.54
    210	400148	     52	   20.0	13037.0	12855.6	 0.2801	 100.00	   2.54
    211	400148	     52	   24.0	13037.0	12856.5	 0.2801	 100.00	   2.54
    212	400148	     52	   21.0	13044.0	12857.4	 0.2803	 100.00	   2.54
    213	400148	     52	   30.0	13040.0	12858.2	 0.2801	 100.00	   2.55
    214	400148	     52	   22.0	13046.0	12859.1	 0.2798	 100.00	   2.55
    215	400148	     52	   19.0	13041.0	12859.9	 0.2801	 100.00	   2.55
    216	400148	     52	   28.0	13037.0	12860.8	 0.2800	 100.00	   2.55
    217	400148	     52	   19.0	13046.0	12861.6	 0.2801	 100.00	   2.55
    218	400148	     52	   24.0	13040.0	12862.4	 0.2799	 100.00	   2.55
    219	400148	     52	   18.0	13038.0	12863.2	 0.2798	 100.00	   2.55
    220	400148	     52	   21.0	13039.0	12864.0	 0.2798	 100.00	   2.56
    221	400148	     52	   16.0	13037.0	12864.8	 0.2799	 100.00	   2.56
    222	400148	     52	   23.0	13044.0	12865.6	 0.2797	 100.00	   2.56
    223	400148	     52	   20.0	13052.0	12866.4	 0.2797	 100.00	   2.56
    224	400148	     52	   23.0	13035.0	12867.2	 0.2804	 100.00	   2.56
    225	400148	     52	   16.0	13043.0	12868.0	 0.2805	 100.00	   2.56
    226	400148	     52	   24.0	13047.0	12868.7	 0.2805	 100.00	   2.56
    227	400148	     52	   22.0	13047.0	12869.5	 0.2802	 100.00	   2.56
    228	400148	     52	   32.0	13043.0	12870.3	 0.2805	 100.00	   2.56
    229	400148	     52	   24.0	13041.0	12871.0	 0.2802	 100.00	   2.57
    230	400148	     52	   29.0	13050.0	12871.8	 0.2803	 100.00	   2.57
    231	400148	     52	   28.0	13044.0	12872.5	 0.2799	 100.00	   2.57
    232	400148	     52	   30.0	13048.0	12873.3	 0.2799	 100.00	   2.57
    233	400148	     52	   27.0	13037.0	12874.0	 0.2797	 100.00	   2.57
    234	400148	     52	   16.0	13047.0	12874.7	 0.2798	 100.00	   2.57
    235	400148	     52	   13.0	13046.0	12875.5	 0.2797	 100.00	   2.57
    236	400148	     52	   20.0	13046.0	12876.2	 0.2802	 100.00	   2.57
    237	400148	     52	   16.0	13050.0	12876.9	 0.2802	 100.00	   2.57
    238	400148	     52	   19.0	13051.0	12877.6	 0.2804	 100.00	   2.58
    239	400148	     52	   18.0	13049.0	12878.4	 0.2803	 100.00	   2.58
    240	400148	     52	   20.0	13051.0	12879.1	 0.2807	 100.00	   2.58
    241	400148	     52	   14.0	13047.0	12879.8	 0.2807	 100.00	   2.58
    242	400148	     52	   31.0	13040.0	12880.4	 0.2806	 100.00	   2.58
    243	400148	     52	   16.0	13048.0	12881.1	 0.2805	 100.00	   2.58
    244	400148	     52	   25.0	13047.0	12881.8	 0.2807	 100.00	   2.58
    245	400148	     52	   22.0	13047.0	12882.5	 0.2806	 100.00	   2.58
    246	400148	     52	   32.0	13043.0	12883.1	 0.2809	 100.00	   2.58
    247	400148	     52	   25.0	13044.0	12883.8	 0.2808	 100.00	   2.58
    248	400148	     52	   24.0	13038.0	12884.4	 0.2811	 100.00	   2.59
    249	400148	     52	   16.0	13038.0	12885.0	 0.2811	 100.00	   2.59
    250	400148	     52	   20.0	13042.0	12885.6	 0.2804	 100.00	   2.59
    251	400148	     52	   21.0	13045.0	12886.2	 0.2801	 100.00	   2.59
    252	400148	     52	   18.0	13045.0	12886.9	 0.2808	 100.00	   2.59
    253	400148	     52	   21.0	13056.0	12887.5	 0.2809	 100.00	   2.59
    254	400148	     52	   14.0	13048.0	12888.2	 0.2811	 100.00	   2.59
    255	400148	     52	   16.0	13046.0	12888.8	 0.2811	 100.00	   2.59
    256	400148	     52	   22.0	13038.0	12889.4	 0.2814	 100.00	   2.60
    257	400148	     52	   19.0	13037.0	12889.9	 0.2816	 100.00	   2.60
    258	400148	     52	   15.0	13044.0	12890.5	 0.2817	 100.00	   2.60
    259	400148	     52	   20.0	13042.0	12891.1	 0.2816	 100.00	   2.60
    260	400148	     52	   21.0	13045.0	12891.7	 0.2817	 100.00	   2.60
    261	400148	     52	   10.0	13047.0	12892.3	 0.2817	 100.00	   2.60
    262	400148	     52	   23.0	13044.0	12892.9	 0.2815	 100.00	   2.60
    263	400148	     52	   24.0	13046.0	12893.5	 0.2819	 100.00	   2.60
    264	400148	     52	   15.0	13045.0	12894.0	 0.2820	 100.00	   2.61
    265	400148	     52	   15.0	13038.0	12894.6	 0.2821	 100.00	   2.61
    266	400148	     52	   24.0	13048.0	12895.1	 0.2823	 100.00	   2.61
    267	400148	     52	   26.0	13044.0	12895.7	 0.2823	 100.00	   2.61
    268	400148	     52	   28.0	13042.0	12896.2	 0.2824	 100.00	   2.61
    269	400148	     52	   23.0	13047.0	12896.8	 0.2826	 100.00	   2.61
    270	400148	     52	   14.0	13051.0	12897.4	 0.2824	 100.00	   2.61
    271	400148	     52	   12.0	13049.0	12897.9	 0.2825	 100.00	   2.61
    272	400148	     52	   19.0	13048.0	12898.5	 0.2824	 100.00	   2.61
    273	400148	     52	   17.0	13051.0	12899.0	 0.2823	 100.00	   2.62
    274	400148	     52	   13.0	13050.0	12899.6	 0.2823	 100.00	   2.62
    275	400148	     52	   18.0	13042.0	12900.1	 0.2824	 100.00	   2.62
    276	400148	     52	   15.0	13047.0	12900.6	 0.2820	 100.00	   2.62
    277	400148	     52	   30.0	13049.0	12901.2	 0.2821	 100.00	   2.62
    278	400148	     52	   17.0	13040.0	12901.7	 0.2823	 100.00	   2.62
    279	400148	     52	   16.0	13052.0	12902.2	 0.2822	 100.00	   2.62
    280	400148	     52	   30.0	13044.0	12902.7	 0.2824	 100.00	   2.62
    281	400148	     52	   12.0	13046.0	12903.2	 0.2824	 100.00	   2.62
    282	400148	     52	   28.0	13048.0	12903.7	 0.2820	 100.00	   2.62
    283	400148	     52	   22.0	13048.0	12904.2	 0.2819	 100.00	   2.62
    284	400148	     52	   20.0	13046.0	12904.7	 0.2818	 100.00	   2.63
    285	400148	     52	   24.0	13042.0	12905.2	 0.2817	 100.00	   2.63
    286	400148	     52	   21.0	13043.0	12905.7	 0.2822	 100.00	   2.63
    287	400148	     52	   27.0	13042.0	12906.2	 0.2823	 100.00	   2.63
    288	400148	     52	   23.0	13045.0	12906.6	 0.2825	 100.00	   2.63
    289	400148	     52	   21.0	13042.0	12907.1	 0.2825	 100.00	   2.63
    290	400148	     52	   21.0	13049.0	12907.6	 0.2829	 100.00	   2.63
    291	400148	     52	   17.0	13044.0	12908.1	 0.2829	 100.00	   2.63
    292	400148	     52	   26.0	13046.0	12908.5	 0.2827	 100.00	   2.63
    293	400148	     52	   23.0	13045.0	12909.0	 0.2827	 100.00	   2.63
    294	400148	     52	   26.0	13047.0	12909.5	 0.2825	 100.00	   2.63
    295	400148	     52	   13.0	13044.0	12909.9	 0.2825	 100.00	   2.63
    296	400148	     52	   20.0	13046.0	12910.4	 0.2827	 100.00	   2.63
    297	400148	     52	   25.0	13039.0	12910.8	 0.2833	 100.00	   2.63
    298	400148	     52	   14.0	13039.0	12911.2	 0.2836	 100.00	   2.63
    299	400148	     52	   16.0	13043.0	12911.7	 0.2831	 100.00	   2.64
    300	400148	     52	   24.0	13047.0	12912.1	 0.2831	 100.00	   2.64
    301	400148	     52	   18.0	13049.0	12912.6	 0.2832	 100.00	   2.64
    302	400148	     52	   20.0	13055.0	12913.0	 0.2832	 100.00	   2.64
    303	400148	     52	   15.0	13048.0	12913.5	 0.2832	 100.00	   2.64
    304	400148	     52	   29.0	13043.0	12913.9	 0.2837	 100.00	   2.64
    305	400148	     52	   25.0	13044.0	12914.3	 0.2836	 100.00	   2.64
    306	400148	     52	   22.0	13046.0	12914.8	 0.2836	 100.00	   2.64
    307	400148	     52	   15.0	13045.0	12915.2	 0.2838	 100.00	   2.64
    308	400148	     52	   23.0	13042.0	12915.6	 0.2840	 100.00	   2.64
    309	400148	     52	   20.0	13052.0	12916.0	 0.2842	 100.00	   2.64
    310	400148	     52	   19.0	13049.0	12916.5	 0.2841	 100.00	   2.64
    311	400148	     52	   18.0	13045.0	12916.9	 0.2840	 100.00	   2.64
    312	400148	     52	   19.0	13046.0	12917.3	 0.2840	 100.00	   2.65
    313	400148	     52	   24.0	13050.0	12917.7	 0.2840	 100.00	   2.65
    314	400148	     52	   20.0	13046.0	12918.1	 0.2841	 100.00	   2.65
    315	400148	     52	   18.0	13052.0	12918.6	 0.2841	 100.00	   2.65
    316	400148	     52	   28.0	13042.0	12918.9	 0.2842	 100.00	   2.65
    317	400148	     52	   23.0	13051.0	12919.4	 0.2843	 100.00	   2.65
    318	400148	     52	   25.0	13050.0	12919.8	 0.2845	 100.00	   2.65
    319	400148	     52	   19.0	13047.0	12920.2	 0.2846	 100.00	   2.65
    320	400148	     52	   24.0	13041.0	12920.5	 0.2845	 100.00	   2.65
    321	400148	     52	   22.0	13047.0	12920.9	 0.2848	 100.00	   2.65
    322	400148	     52	   26.0	13037.0	12921.3	 0.2845	 100.00	   2.65
    323	400148	     52	   22.0	13053.0	12921.7	 0.2847	 100.00	   2.66
    324	400148	     52	   25.0	13044.0	12922.1	 0.2843	 100.00	   2.66
    325	400148	     52	   19.0	13047.0	12922.5	 0.2844	 100.00	   2.66
    326	400148	     52	   15.0	13052.0	12922.9	 0.2844	 100.00	   2.66
    327	400148	     52	   21.0	13041.0	12923.2	 0.2846	 100.00	   2.66
    328	400148	     52	   27.0	13038.0	12923.6	 0.2849	 100.00	   2.66
    329	400148	     52	   30.0	13044.0	12923.9	 0.2853	 100.00	   2.66
    330	400148	     52	   19.0	13045.0	12924.3	 0.2855	 100.00	   2.66
    331	400148	     52	   23.0	13038.0	12924.6	 0.2855	 100.00	   2.66
    332	400148	     52	   24.0	13040.0	12925.0	 0.2854	 100.00	   2.66
    333	400148	     52	   19.0	13041.0	12925.3	 0.2857	 100.00	   2.66
    334	400148	     52	   15.0	13042.0	12925.7	 0.2858	 100.00	   2.66
    335	400148	     52	   17.0	13049.0	12926.0	 0.2855	 100.00	   2.66
    336	400148	     52	   21.0	13046.0	12926.4	 0.2855	 100.00	   2.67
    337	400148	     52	   26.0	13050.0	12926.8	 0.2857	 100.00	   2.67
    338	400148	     52	   21.0	13041.0	12927.1	 0.2860	 100.00	   2.67
    339	400148	     52	   21.0	13038.0	12927.4	 0.2858	 100.00	   2.67
    340	400148	     52	   28.0	13042.0	12927.8	 0.2860	 100.00	   2.67
    341	400148	     52	   26.0	13044.0	12928.1	 0.2865	 100.00	   2.67
    342	400148	     52	   25.0	13043.0	12928.4	 0.2862	 100.00	   2.67
    343	400148	     52	   19.0	13042.0	12928.8	 0.2863	 100.00	   2.67
    344	400148	     52	   25.0	13041.0	12929.1	 0.2860	 100.00	   2.67
    345	400148	     52	   26.0	13039.0	12929.4	 0.2861	 100.00	   2.67
    346	400148	     52	   19.0	13040.0	12929.7	 0.2861	 100.00	   2.67
    347	400148	     52	   21.0	13047.0	12930.1	 0.2860	 100.00	   2.67
    348	400148	     52	   13.0	13052.0	12930.4	 0.2862	 100.00	   2.67
    349	400148	     52	   27.0	13037.0	12930.7	 0.2861	 100.00	   2.67
    350	400148	     52	   26.0	13049.0	12931.1	 0.2860	 100.00	   2.67
    351	400148	     52	    9.0	13046.0	12931.4	 0.2862	 100.00	   2.67
    352	400148	     52	   27.0	13037.0	12931.7	 0.2864	 100.00	   2.67
    353	400148	     52	   28.0	13053.0	12932.0	 0.2866	 100.00	   2.67
    354	400148	     52	   18.0	13043.0	12932.3	 0.2868	 100.00	   2.67
    355	400148	     52	   18.0	13047.0	12932.7	 0.2867	 100.00	   2.67
    356	400148	     52	   27.0	13048.0	12933.0	 0.2869	 100.00	   2.67
    357	400148	     52	   16.0	13048.0	12933.3	 0.2873	 100.00	   2.68
    358	400148	     52	   21.0	13047.0	12933.6	 0.2875	 100.00	   2.68
    359	400148	     52	   25.0	13044.0	12933.9	 0.2878	 100.00	   2.68
    360	400148	     52	   18.0	13044.0	12934.2	 0.2876	 100.00	   2.68
    361	400148	     52	   24.0	13044.0	12934.5	 0.2876	 100.00	   2.68
    362	400148	     52	   17.0	13039.0	12934.8	 0.2876	 100.00	   2.68
    363	400148	     52	   20.0	13051.0	12935.1	 0.2874	 100.00	   2.68
    364	400148	     52	   35.0	13044.0	12935.4	 0.2877	 100.00	   2.68
    365	400148	     52	   23.0	13045.0	12935.7	 0.2876	 100.00	   2.68
    366	400148	     52	   23.0	13044.0	12936.0	 0.2875	 100.00	   2.68
    367	400148	     52	   12.0	13052.0	12936.4	 0.2878	 100.00	   2.68
    368	400148	     52	   21.0	13043.0	12936.6	 0.2877	 100.00	   2.68
    369	400148	     52	   21.0	13044.0	12936.9	 0.2879	 100.00	   2.68
    370	400148	     52	   26.0	13046.0	12937.2	 0.2877	 100.00	   2.68
    371	400148	     52	   24.0	13036.0	12937.5	 0.2878	 100.00	   2.68
    372	400148	     52	   20.0	13040.0	12937.8	 0.2878	 100.00	   2.68
    373	400148	     52	   20.0	13038.0	12938.0	 0.2880	 100.00	   2.68
    374	400148	     52	   27.0	13041.0	12938.3	 0.2882	 100.00	   2.68
    375	400148	     52	   26.0	13041.0	12938.6	 0.2884	 100.00	   2.68
    376	400148	     52	   12.0	13047.0	12938.9	 0.2887	 100.00	   2.69
    377	400148	     52	   26.0	13045.0	12939.2	 0.2888	 100.00	   2.69
    378	400148	     52	   15.0	13044.0	12939.4	 0.2891	 100.00	   2.69
    379	400148	     52	   19.0	13043.0	12939.7	 0.2893	 100.00	   2.69
    380	400148	     52	   32.0	13045.0	12940.0	 0.2895	 100.00	   2.69
    381	400148	     52	   20.0	13043.0	12940.2	 0.2896	 100.00	   2.69
    382	400148	     52	   24.0	13049.0	12940.5	 0.2896	 100.00	   2.69
    383	400148	     52	   14.0	13043.0	12940.8	 0.2898	 100.00	   2.69
    384	400148	     52	   23.0	13036.0	12941.0	 0.2898	 100.00	   2.69
    385	400148	     52	   28.0	13050.0	12941.3	 0.2899	 100.00	   2.69
    386	400148	     52	   17.0	13047.0	12941.6	 0.2901	 100.00	   2.69
    387	400148	     52	   25.0	13044.0	12941.9	 0.2901	 100.00	   2.69
    388	400148	     52	   28.0	13040.0	12942.1	 0.2898	 100.00	   2.69
    389	400148	     52	   25.0	13045.0	12942.4	 0.2900	 100.00	   2.69
    390	400148	     52	   32.0	13041.0	12942.6	 0.2901	 100.00	   2.69
    391	400148	     52	   19.0	13050.0	12942.9	 0.2901	 100.00	   2.70
    392	400148	     52	   25.0	13051.0	12943.2	 0.2902	 100.00	   2.70
    393	400148	     52	    9.0	13046.0	12943.4	 0.2903	 100.00	   2.70
    394	400148	     52	   22.0	13046.0	12943.7	 0.2905	 100.00	   2.70
    395	400148	     52	   24.0	13046.0	12944.0	 0.2904	 100.00	   2.70
    396	400148	     52	   23.0	13043.0	12944.2	 0.2903	 100.00	   2.70
    397	400148	     52	   22.0	13049.0	12944.5	 0.2899	 100.00	   2.70
    398	400148	     52	   22.0	13053.0	12944.7	 0.2898	 100.00	   2.70
    399	400148	     52	   18.0	13051.0	12945.0	 0.2899	 100.00	   2.70
    400	400148	     52	   28.0	13047.0	12945.3	 0.2901	 100.00	   2.70
    401	400148	     52	   20.0	13049.0	12945.5	 0.2902	 100.00	   2.70
    402	400148	     52	   21.0	13048.0	12945.8	 0.2903	 100.00	   2.70
    403	400148	     52	   15.0	13047.0	12946.0	 0.2902	 100.00	   2.70
    404	400148	     52	   22.0	13045.0	12946.3	 0.2901	 100.00	   2.70
    405	400148	     52	   20.0	13047.0	12946.5	 0.2899	 100.00	   2.70
    406	400148	     52	   24.0	13047.0	12946.8	 0.2900	 100.00	   2.70
    407	400148	     52	   19.0	13054.0	12947.0	 0.2899	 100.00	   2.70
    408	400148	     52	   22.0	13048.0	12947.3	 0.2901	 100.00	   2.70
    409	400148	     52	   26.0	13050.0	12947.5	 0.2906	 100.00	   2.70
    410	400148	     52	   32.0	13050.0	12947.8	 0.2908	 100.00	   2.70
    411	400148	     52	   17.0	13041.0	12948.0	 0.2908	 100.00	   2.70
    412	400148	     52	   30.0	13045.0	12948.2	 0.2913	 100.00	   2.70
    413	400148	     52	   15.0	13044.0	12948.5	 0.2912	 100.00	   2.70
    414	400148	     52	   20.0	13046.0	12948.7	 0.2912	 100.00	   2.70
    415	400148	     52	   20.0	13040.0	12948.9	 0.2916	 100.00	   2.70
    416	400148	     52	   21.0	13041.0	12949.1	 0.2914	 100.00	   2.70
    417	400148	     52	   19.0	13036.0	12949.4	 0.2915	 100.00	   2.70
    418	400148	     52	   20.0	13042.0	12949.6	 0.2919	 100.00	   2.70
    419	400148	     52	   23.0	13041.0	12949.8	 0.2919	 100.00	   2.70
    420	400148	     52	   23.0	13040.0	12950.0	 0.2919	 100.00	   2.70
    421	400148	     52	   16.0	13038.0	12950.2	 0.2920	 100.00	   2.71
    422	400148	     52	   18.0	13048.0	12950.4	 0.2918	 100.00	   2.71
    423	400148	     52	   24.0	13048.0	12950.7	 0.2919	 100.00	   2.71
    424	400148	     52	   20.0	13042.0	12950.9	 0.2921	 100.00	   2.71
    425	400148	     52	   18.0	13036.0	12951.1	 0.2922	 100.00	   2.71
    426	400148	     52	   24.0	13042.0	12951.3	 0.2922	 100.00	   2.71
    427	400148	     52	   21.0	13045.0	12951.5	 0.2924	 100.00	   2.71
    428	400148	     52	   23.0	13048.0	12951.7	 0.2925	 100.00	   2.71
    429	400148	     52	   23.0	13045.0	12952.0	 0.2924	 100.00	   2.71
    430	400148	     52	   20.0	13047.0	12952.2	 0.2925	 100.00	   2.71
    431	400148	     52	   27.0	13044.0	12952.4	 0.2924	 100.00	   2.71
    432	400148	     52	   25.0	13047.0	12952.6	 0.2923	 100.00	   2.71
    433	400148	     52	   26.0	13047.0	12952.8	 0.2924	 100.00	   2.71
    434	400148	     52	   22.0	13037.0	12953.0	 0.2925	 100.00	   2.71
    435	400148	     52	   27.0	13048.0	12953.2	 0.2925	 100.00	   2.71
    436	400148	     52	   28.0	13038.0	12953.4	 0.2925	 100.00	   2.71
    437	400148	     52	   25.0	13051.0	12953.7	 0.2923	 100.00	   2.71
    438	400148	     52	   26.0	13043.0	12953.9	 0.2921	 100.00	   2.71
    439	400148	     52	   21.0	13052.0	12954.1	 0.2920	 100.00	   2.71
    440	400148	     52	   16.0	13050.0	12954.3	 0.2922	 100.00	   2.72
    441	400148	     52	   30.0	13048.0	12954.5	 0.2921	 100.00	   2.72
    442	400148	     52	   28.0	13038.0	12954.7	 0.2921	 100.00	   2.72
    443	400148	     52	   22.0	13036.0	12954.9	 0.2921	 100.00	   2.72
    444	400148	     52	   21.0	13049.0	12955.1	 0.2920	 100.00	   2.72
    445	400148	     52	    8.0	13051.0	12955.3	 0.2921	 100.00	   2.72
    446	400148	     52	   27.0	13050.0	12955.5	 0.2922	 100.00	   2.72
    447	400148	     52	   22.0	13048.0	12955.7	 0.2921	 100.00	   2.72
    448	400148	     52	   30.0	13034.0	12955.9	 0.2924	 100.00	   2.72
    449	400148	     52	   17.0	13047.0	12956.1	 0.2924	 100.00	   2.72
    450	400148	     52	   19.0	13044.0	12956.3	 0.2924	 100.00	   2.72
    451	400148	     52	   32.0	13048.0	12956.5	 0.2924	 100.00	   2.72
    452	400148	     52	   23.0	13037.0	12956.7	 0.2923	 100.00	   2.72
    453	400148	     52	   17.0	13046.0	12956.9	 0.2924	 100.00	   2.72
    454	400148	     52	   26.0	13044.0	12957.1	 0.2924	 100.00	   2.72
    455	400148	     52	   15.0	13045.0	12957.3	 0.2923	 100.00	   2.72
    456	400148	     52	   27.0	13044.0	12957.5	 0.2924	 100.00	   2.72
    457	400148	     52	   25.0	13043.0	12957.6	 0.2925	 100.00	   2.72
    458	400148	     52	   24.0	13041.0	12957.8	 0.2928	 100.00	   2.72
    459	400148	     52	   17.0	13046.0	12958.0	 0.2931	 100.00	   2.72
    460	400148	     52	   18.0	13050.0	12958.2	 0.2931	 100.00	   2.72
    461	400148	     52	   24.0	13046.0	12958.4	 0.2932	 100.00	   2.72
    462	400148	     52	   26.0	13042.0	12958.6	 0.2933	 100.00	   2.73
    463	400148	     52	   18.0	13044.0	12958.8	 0.2933	 100.00	   2.73
    464	400148	     52	   29.0	13045.0	12959.0	 0.2933	 100.00	   2.73
    465	400148	     52	   24.0	13043.0	12959.1	 0.2932	 100.00	   2.73
    466	400148	     52	   22.0	13045.0	12959.3	 0.2934	 100.00	   2.73
    467	400148	     52	   17.0	13050.0	12959.5	 0.2933	 100.00	   2.73
    468	400148	     52	   33.0	13041.0	12959.7	 0.2933	 100.00	   2.73
    469	400148	     52	   32.0	13045.0	12959.9	 0.2931	 100.00	   2.73
    470	400148	     52	   19.0	13038.0	12960.0	 0.2934	 100.00	   2.73
    471	400148	     52	   18.0	13052.0	12960.2	 0.2934	 100.00	   2.73
    472	400148	     52	   24.0	13046.0	12960.4	 0.2937	 100.00	   2.73
    473	400148	     52	   21.0	13045.0	12960.6	 0.2937	 100.00	   2.73
    474	400148	     52	   19.0	13048.0	12960.8	 0.2938	 100.00	   2.73
    475	400148	     52	   23.0	13045.0	12960.9	 0.2939	 100.00	   2.73
    476	400148	     52	   19.0	13044.0	12961.1	 0.2941	 100.00	   2.73
    477	400148	     52	   27.0	13049.0	12961.3	 0.2942	 100.00	   2.73
    478	400148	     52	   18.0	13051.0	12961.5	 0.2942	 100.00	   2.73
    479	400148	     52	   19.0	13052.0	12961.7	 0.2946	 100.00	   2.73
    480	400148	     52	   22.0	13048.0	12961.9	 0.2949	 100.00	   2.73
    481	400148	     52	   18.0	13046.0	12962.0	 0.2949	 100.00	   2.73
    482	400148	     52	   26.0	13044.0	12962.2	 0.2951	 100.00	   2.73
    483	400148	     52	   24.0	13050.0	12962.4	 0.2954	 100.00	   2.73
    484	400148	     52	   27.0	13041.0	12962.6	 0.2953	 100.00	   2.73
    485	400148	     52	   19.0	13048.0	12962.7	 0.2954	 100.00	   2.73
    486	400148	     52	   17.0	13047.0	12962.9	 0.2955	 100.00	   2.73
    487	400148	     52	   26.0	13047.0	12963.1	 0.2953	 100.00	   2.73
    488	400148	     52	   31.0	13044.0	12963.2	 0.2953	 100.00	   2.73
    489	400148	     52	   22.0	13046.0	12963.4	 0.2954	 100.00	   2.73
    490	400148	     52	   22.0	13046.0	12963.6	 0.2954	 100.00	   2.73
    491	400148	     52	   25.0	13049.0	12963.7	 0.2955	 100.00	   2.73
    492	400148	     52	   28.0	13047.0	12963.9	 0.2958	 100.00	   2.74
    493	400148	     52	   13.0	13046.0	12964.1	 0.2958	 100.00	   2.74
    494	400148	     52	   22.0	13046.0	12964.2	 0.2960	 100.00	   2.74
    495	400148	     52	   16.0	13042.0	12964.4	 0.2960	 100.00	   2.74
    496	400148	     52	   23.0	13043.0	12964.6	 0.2962	 100.00	   2.74
    497	400148	     52	   26.0	13051.0	12964.7	 0.2962	 100.00	   2.74
    498	400148	     52	   21.0	13054.0	12964.9	 0.2964	 100.00	   2.74
    499	400148	     52	   21.0	13043.0	12965.1	 0.2967	 100.00	   2.74
    500	400148	     52	   22.0	13041.0	12965.2	 0.2967	 100.00	   2.74
    501	400148	     52	   24.0	13043.0	12965.4	 0.2968	 100.00	   2.74
    502	400148	     52	   27.0	13048.0	12965.5	 0.2968	 100.00	   2.74
    503	400148	     52	   21.0	13045.0	12965.7	 0.2967	 100.00	   2.74
    504	400148	     52	   29.0	13048.0	12965.9	 0.2966	 100.00	   2.74
    505	400148	     52	   24.0	13048.0	12966.0	 0.2966	 100.00	   2.74
    506	400148	     52	   27.0	13047.0	12966.2	 0.2965	 100.00	   2.74
    507	400148	     52	   23.0	13044.0	12966.3	 0.2965	 100.00	   2.74
    508	400148	     52	   23.0	13043.0	12966.5	 0.2968	 100.00	   2.74
    509	400148	     52	   20.0	13051.0	12966.7	 0.2968	 100.00	   2.74
    510	400148	     52	   26.0	13043.0	12966.8	 0.2968	 100.00	   2.74
    511	400148	     52	   21.0	13054.0	12967.0	 0.2969	 100.00	   2.74
    512	400148	     52	   27.0	13039.0	12967.1	 0.2974	 100.00	   2.74
    513	400148	     52	   22.0	13047.0	12967.3	 0.2973	 100.00	   2.74
    514	400148	     52	   14.0	13045.0	12967.4	 0.2973	 100.00	   2.74
    515	400148	     52	   22.0	13043.0	12967.6	 0.2973	 100.00	   2.74
    516	400148	     52	   18.0	13033.0	12967.7	 0.2973	 100.00	   2.74
    517	400148	     52	   13.0	13042.0	12967.8	 0.2974	 100.00	   2.74
    518	400148	     52	   18.0	13040.0	12968.0	 0.2973	 100.00	   2.74
    519	400148	     52	   18.0	13044.0	12968.1	 0.2972	 100.00	   2.74
    520	400148	     52	   19.0	13043.0	12968.3	 0.2975	 100.00	   2.74
    521	400148	     52	   28.0	13045.0	12968.4	 0.2978	 100.00	   2.74
    522	400148	     52	   24.0	13043.0	12968.6	 0.2979	 100.00	   2.74
    523	400148	     52	   26.0	13053.0	12968.7	 0.2979	 100.00	   2.74
    524	400148	     52	   13.0	13050.0	12968.9	 0.2981	 100.00	   2.74
    525	400148	     52	   22.0	13044.0	12969.0	 0.2981	 100.00	   2.74
    526	400148	     52	   24.0	13042.0	12969.2	 0.2979	 100.00	   2.75
    527	400148	     52	   21.0	13049.0	12969.3	 0.2980	 100.00	   2.75
    528	400148	     52	   23.0	13046.0	12969.4	 0.2980	 100.00	   2.75
    529	400148	     52	   17.0	13047.0	12969.6	 0.2980	 100.00	   2.75
    530	400148	     52	   26.0	13051.0	12969.7	 0.2979	 100.00	   2.75
    531	400148	     52	   20.0	13053.0	12969.9	 0.2979	 100.00	   2.75
    532	400148	     52	   28.0	13047.0	12970.1	 0.2978	 100.00	   2.75
    533	400148	     52	   22.0	13043.0	12970.2	 0.2980	 100.00	   2.75
    534	400148	     52	   26.0	13045.0	12970.3	 0.2981	 100.00	   2.75
    535	400148	     52	   26.0	13051.0	12970.5	 0.2981	 100.00	   2.75
    536	400148	     52	   21.0	13044.0	12970.6	 0.2982	 100.00	   2.75
    537	400148	     52	   15.0	13045.0	12970.8	 0.2982	 100.00	   2.75
    538	400148	     52	   26.0	13045.0	12970.9	 0.2985	 100.00	   2.75
    539	400148	     52	   19.0	13042.0	12971.0	 0.2983	 100.00	   2.75
    540	400148	     52	   19.0	13041.0	12971.2	 0.2984	 100.00	   2.75
    541	400148	     52	   19.0	13040.0	12971.3	 0.2986	 100.00	   2.75
    542	400148	     52	   20.0	13046.0	12971.4	 0.2984	 100.00	   2.75
    543	400148	     52	   24.0	13050.0	12971.6	 0.2985	 100.00	   2.75
    544	400148	     52	   25.0	13037.0	12971.7	 0.2986	 100.00	   2.75
    545	400148	     52	   18.0	13053.0	12971.8	 0.2984	 100.00	   2.75
    546	400148	     52	   22.0	13045.0	12972.0	 0.2985	 100.00	   2.75
    547	400148	     52	   26.0	13049.0	12972.1	 0.2985	 100.00	   2.75
    548	400148	     52	   21.0	13040.0	12972.2	 0.2986	 100.00	   2.75
    549	400148	     52	   22.0	13044.0	12972.4	 0.2986	 100.00	   2.75
    550	400148	     52	   26.0	13050.0	12972.5	 0.2984	 100.00	   2.75
    551	400148	     52	   24.0	13058.0	12972.7	 0.2984	 100.00	   2.75
    552	400148	     52	   21.0	13047.0	12972.8	 0.2984	 100.00	   2.75
    553	400148	     52	   30.0	13047.0	12972.9	 0.2985	 100.00	   2.75
    554	400148	     52	   18.0	13035.0	12973.0	 0.2986	 100.00	   2.75
    555	400148	     52	   23.0	13048.0	12973.2	 0.2985	 100.00	   2.75
    556	400148	     52	   23.0	13047.0	12973.3	 0.2984	 100.00	   2.75
    557	400148	     52	   23.0	13040.0	12973.4	 0.2985	 100.00	   2.75
    558	400148	     52	   27.0	13051.0	12973.6	 0.2987	 100.00	   2.75
    559	400148	     52	   28.0	13049.0	12973.7	 0.2988	 100.00	   2.75
    560	400148	     52	   25.0	13042.0	12973.8	 0.2988	 100.00	   2.75
    561	400148	     52	   25.0	13047.0	12973.9	 0.2988	 100.00	   2.76
    562	400148	     52	   26.0	13045.0	12974.1	 0.2990	 100.00	   2.76
    563	400148	     52	   20.0	13053.0	12974.2	 0.2991	 100.00	   2.76
    564	400148	     52	   24.0	13041.0	12974.3	 0.2991	 100.00	   2.76
    565	400148	     52	   22.0	13049.0	12974.5	 0.2992	 100.00	   2.76
    566	400148	     52	   19.0	13054.0	12974.6	 0.2992	 100.00	   2.76
    567	400148	     52	   20.0	13048.0	12974.7	 0.2991	 100.00	   2.76
    568	400148	     52	   17.0	13051.0	12974.9	 0.2991	 100.00	   2.76
    569	400148	     52	   25.0	13042.0	12975.0	 0.2991	 100.00	   2.76
    570	400148	     52	   17.0	13047.0	12975.1	 0.2992	 100.00	   2.76
    571	400148	     52	   17.0	13050.0	12975.2	 0.2992	 100.00	   2.76
    572	400148	     52	   15.0	13049.0	12975.4	 0.2991	 100.00	   2.76
    573	400148	     52	   15.0	13050.0	12975.5	 0.2990	 100.00	   2.76
    574	400148	     52	   30.0	13044.0	12975.6	 0.2994	 100.00	   2.76
    575	400148	     52	   24.0	13048.0	12975.7	 0.2995	 100.00	   2.76
    576	400148	     52	   24.0	13044.0	12975.9	 0.2994	 100.00	   2.76
    577	400148	     52	   13.0	13041.0	12976.0	 0.2993	 100.00	   2.76
    578	400148	     52	   20.0	13041.0	12976.1	 0.2994	 100.00	   2.76
    579	400148	     52	   24.0	13043.0	12976.2	 0.2994	 100.00	   2.76
    580	400148	     52	   23.0	13040.0	12976.3	 0.2995	 100.00	   2.76
    581	400148	     52	   22.0	13056.0	12976.5	 0.2997	 100.00	   2.76
    582	400148	     52	   22.0	13044.0	12976.6	 0.2997	 100.00	   2.76
    583	400148	     52	    8.0	13050.0	12976.7	 0.2997	 100.00	   2.76
    584	400148	     52	   24.0	13048.0	12976.8	 0.2998	 100.00	   2.76
    585	400148	     52	   28.0	13046.0	12976.9	 0.2998	 100.00	   2.76
    586	400148	     52	   20.0	13052.0	12977.1	 0.2999	 100.00	   2.76
    587	400148	     52	   19.0	13045.0	12977.2	 0.3000	 100.00	   2.76
    588	400148	     52	   18.0	13049.0	12977.3	 0.3001	 100.00	   2.76
    589	400148	     52	   25.0	13036.0	12977.4	 0.3000	 100.00	   2.76
    590	400148	     52	   12.0	13038.0	12977.5	 0.3000	 100.00	   2.76
    591	400148	     52	   16.0	13048.0	12977.6	 0.2999	 100.00	   2.76
    592	400148	     52	   20.0	13054.0	12977.7	 0.2999	 100.00	   2.76
    593	400148	     52	   25.0	13037.0	12977.8	 0.2999	 100.00	   2.76
    594	400148	     52	   24.0	13045.0	12978.0	 0.3002	 100.00	   2.76
    595	400148	     52	   30.0	13045.0	12978.1	 0.3005	 100.00	   2.76
    596	400148	     52	   30.0	13037.0	12978.2	 0.3005	 100.00	   2.76
    597	400148	     52	   26.0	13049.0	12978.3	 0.3008	 100.00	   2.76
    598	400148	     52	   29.0	13046.0	12978.4	 0.3008	 100.00	   2.76
    599	400148	     52	   18.0	13050.0	12978.5	 0.3007	 100.00	   2.76
    600	400148	     52	   23.0	13035.0	12978.6	 0.3007	 100.00	   2.76
    601	400148	     52	   17.0	13046.0	12978.7	 0.3010	 100.00	   2.76
    602	400148	     52	   29.0	13047.0	12978.8	 0.3010	 100.00	   2.76
    603	400148	     52	   13.0	13050.0	12979.0	 0.3011	 100.00	   2.76
    604	400148	     52	   13.0	13047.0	12979.1	 0.3011	 100.00	   2.76
    605	400148	     52	   17.0	13048.0	12979.2	 0.3012	 100.00	   2.76
    606	400148	     52	   18.0	13048.0	12979.3	 0.3012	 100.00	   2.76
    607	400148	     52	   16.0	13052.0	12979.4	 0.3012	 100.00	   2.76
    608	400148	     52	   25.0	13047.0	12979.5	 0.3015	 100.00	   2.76
    609	400148	     52	   13.0	13056.0	12979.7	 0.3015	 100.00	   2.76
    610	400148	     52	   32.0	13044.0	12979.8	 0.3016	 100.00	   2.76
    611	400148	     52	   23.0	13043.0	12979.9	 0.3017	 100.00	   2.77
    612	400148	     52	   29.0	13044.0	12980.0	 0.3017	 100.00	   2.77
    613	400148	     52	   13.0	13049.0	12980.1	 0.3017	 100.00	   2.77
    614	400148	     52	   25.0	13056.0	12980.2	 0.3017	 100.00	   2.77
    615	400148	     52	   37.0	13045.0	12980.3	 0.3018	 100.00	   2.77
    616	400148	     52	   21.0	13040.0	12980.4	 0.3017	 100.00	   2.77
    617	400148	     52	   18.0	13042.0	12980.5	 0.3017	 100.00	   2.77
    618	400148	     52	   21.0	13047.0	12980.6	 0.3018	 100.00	   2.77
    619	400148	     52	   18.0	13055.0	12980.7	 0.3018	 100.00	   2.77
    620	400148	     52	   31.0	13046.0	12980.8	 0.3018	 100.00	   2.77
    621	400148	     52	   24.0	13052.0	12981.0	 0.3018	 100.00	   2.77
    622	400148	     52	   18.0	13044.0	12981.1	 0.3017	 100.00	   2.77
    623	400148	     52	   29.0	13051.0	12981.2	 0.3016	 100.00	   2.77
    624	400148	     52	   22.0	13047.0	12981.3	 0.3018	 100.00	   2.77
    625	400148	     52	   24.0	13043.0	12981.4	 0.3019	 100.00	   2.77
    626	400148	     52	   18.0	13041.0	12981.5	 0.3019	 100.00	   2.77
    627	400148	     52	   21.0	13050.0	12981.6	 0.3019	 100.00	   2.77
    628	400148	     52	   24.0	13050.0	12981.7	 0.3018	 100.00	   2.77
    629	400148	     52	   23.0	13049.0	12981.8	 0.3019	 100.00	   2.77
    630	400148	     52	   16.0	13049.0	12981.9	 0.3020	 100.00	   2.77
    631	400148	     52	   19.0	13048.0	12982.0	 0.3022	 100.00	   2.77
    632	400148	     52	   19.0	13045.0	12982.1	 0.3023	 100.00	   2.77
    633	400148	     52	   18.0	13051.0	12982.2	 0.3022	 100.00	   2.77
    634	400148	     52	   23.0	13042.0	12982.3	 0.3025	 100.00	   2.77
    635	400148	     52	   22.0	13048.0	12982.4	 0.3025	 100.00	   2.77
    636	400148	     52	   18.0	13042.0	12982.5	 0.3027	 100.00	   2.77
    637	400148	     52	   17.0	13037.0	12982.6	 0.3028	 100.00	   2.77
    638	400148	     52	   27.0	13048.0	12982.7	 0.3027	 100.00	   2.77
    639	400148	     52	   28.0	13046.0	12982.8	 0.3027	 100.00	   2.77
    640	400148	     52	   27.0	13041.0	12982.9	 0.3030	 100.00	   2.77
    641	400148	     52	   17.0	13046.0	12983.0	 0.3031	 100.00	   2.77
    642	400148	     52	   24.0	13050.0	12983.1	 0.3032	 100.00	   2.77
    643	400148	     52	   16.0	13050.0	12983.2	 0.3032	 100.00	   2.77
    644	400148	     52	   26.0	13056.0	12983.3	 0.3032	 100.00	   2.77
    645	400148	     52	   21.0	13049.0	12983.4	 0.3033	 100.00	   2.77
    646	400148	     52	   23.0	13054.0	12983.5	 0.3034	 100.00	   2.77
    647	400148	     52	   14.0	13054.0	12983.6	 0.3033	 100.00	   2.77
    648	400148	     52	   15.0	13049.0	12983.7	 0.3033	 100.00	   2.77
    649	400148	     52	   15.0	13046.0	12983.8	 0.3032	 100.00	   2.77
    650	400148	     52	   23.0	13051.0	12983.9	 0.3031	 100.00	   2.77
    651	400148	     52	   27.0	13044.0	12984.0	 0.3031	 100.00	   2.77
    652	400148	     52	   32.0	13058.0	12984.1	 0.3033	 100.00	   2.77
    653	400148	     52	   22.0	13052.0	12984.2	 0.3033	 100.00	   2.77
    654	400148	     52	   22.0	13044.0	12984.3	 0.3034	 100.00	   2.77
    655	400148	     52	   28.0	13052.0	12984.4	 0.3033	 100.00	   2.77
    656	400148	     52	   23.0	13035.0	12984.5	 0.3035	 100.00	   2.77
    657	400148	     52	   17.0	13038.0	12984.6	 0.3034	 100.00	   2.77
    658	400148	     52	   21.0	13041.0	12984.7	 0.3033	 100.00	   2.78
    659	400148	     52	   18.0	13037.0	12984.7	 0.3035	 100.00	   2.78
    660	400148	     52	   21.0	13040.0	12984.8	 0.3035	 100.00	   2.78
    661	400148	     52	   24.0	13050.0	12984.9	 0.3036	 100.00	   2.78
    662	400148	     52	   19.0	13045.0	12985.0	 0.3036	 100.00	   2.78
    663	400148	     52	   26.0	13041.0	12985.1	 0.3033	 100.00	   2.78
    664	400148	     52	   18.0	13043.0	12985.2	 0.3033	 100.00	   2.78
    665	400148	     52	   23.0	13044.0	12985.3	 0.3033	 100.00	   2.78
    666	400148	     52	   30.0	13040.0	12985.4	 0.3035	 100.00	   2.78
    667	400148	     52	   18.0	13042.0	12985.4	 0.3034	 100.00	   2.78
    668	400148	     52	   16.0	13046.0	12985.5	 0.3035	 100.00	   2.78
    669	400148	     52	   25.0	13049.0	12985.6	 0.3035	 100.00	   2.78
    670	400148	     52	   25.0	13038.0	12985.7	 0.3034	 100.00	   2.78
    671	400148	     52	   22.0	13050.0	12985.8	 0.3035	 100.00	   2.78
    672	400148	     52	   28.0	13044.0	12985.9	 0.3036	 100.00	   2.78
    673	400148	     52	   22.0	13048.0	12986.0	 0.3035	 100.00	   2.78
    674	400148	     52	   20.0	13042.0	12986.1	 0.3036	 100.00	   2.78
    675	400148	     52	   24.0	13048.0	12986.2	 0.3036	 100.00	   2.78
    676	400148	     52	   24.0	13044.0	12986.2	 0.3037	 100.00	   2.78
    677	400148	     52	   29.0	13037.0	12986.3	 0.3037	 100.00	   2.78
    678	400148	     52	   20.0	13041.0	12986.4	 0.3036	 100.00	   2.78
    679	400148	     52	   24.0	13045.0	12986.5	 0.3038	 100.00	   2.78
    680	400148	     52	   24.0	13043.0	12986.6	 0.3040	 100.00	   2.78
    681	400148	     52	   24.0	13043.0	12986.6	 0.3041	 100.00	   2.78
    682	400148	     52	   29.0	13034.0	12986.7	 0.3042	 100.00	   2.78
    683	400148	     52	   15.0	13043.0	12986.8	 0.3043	 100.00	   2.78
    684	400148	     52	   21.0	13044.0	12986.9	 0.3044	 100.00	   2.78
    685	400148	     52	   17.0	13055.0	12987.0	 0.3044	 100.00	   2.78
    686	400148	     52	   22.0	13043.0	12987.1	 0.3045	 100.00	   2.78
    687	400148	     52	   19.0	13048.0	12987.2	 0.3045	 100.00	   2.78
    688	400148	     52	   19.0	13045.0	12987.2	 0.3047	 100.00	   2.78
    689	400148	     52	   27.0	13036.0	12987.3	 0.3048	 100.00	   2.78
    690	400148	     52	   13.0	13043.0	12987.4	 0.3047	 100.00	   2.78
    691	400148	     52	   17.0	13048.0	12987.5	 0.3050	 100.00	   2.78
    692	400148	     52	   25.0	13043.0	12987.6	 0.3049	 100.00	   2.78
    693	400148	     52	   18.0	13047.0	12987.6	 0.3050	 100.00	   2.78
    694	400148	     52	   27.0	13048.0	12987.7	 0.3051	 100.00	   2.78
    695	400148	     52	   19.0	13051.0	12987.8	 0.3051	 100.00	   2.78
    696	400148	     52	   25.0	13050.0	12987.9	 0.3051	 100.00	   2.78
    697	400148	     52	   20.0	13038.0	12988.0	 0.3050	 100.00	   2.78
    698	400148	     52	   19.0	13037.0	12988.0	 0.3051	 100.00	   2.78
    699	400148	     52	   26.0	13043.0	12988.1	 0.3051	 100.00	   2.78
    700	400148	     52	   13.0	13044.0	12988.2	 0.3051	 100.00	   2.78
    701	400148	     52	   18.0	13046.0	12988.3	 0.3049	 100.00	   2.78
    702	400148	     52	   20.0	13042.0	12988.4	 0.3049	 100.00	   2.78
    703	400148	     52	   15.0	13043.0	12988.4	 0.3048	 100.00	   2.78
    704	400148	     52	   25.0	13040.0	12988.5	 0.3047	 100.00	   2.78
    705	400148	     52	   21.0	13041.0	12988.6	 0.3047	 100.00	   2.78
    706	400148	     52	   23.0	13046.0	12988.7	 0.3048	 100.00	   2.78
    707	400148	     52	   25.0	13043.0	12988.7	 0.3049	 100.00	   2.78
    708	400148	     52	   28.0	13049.0	12988.8	 0.3049	 100.00	   2.78
    709	400148	     52	   16.0	13043.0	12988.9	 0.3050	 100.00	   2.78
    710	400148	     52	   26.0	13047.0	12989.0	 0.3050	 100.00	   2.78
    711	400148	     52	   20.0	13049.0	12989.1	 0.3051	 100.00	   2.78
    712	400148	     52	   20.0	13039.0	12989.1	 0.3052	 100.00	   2.78
    713	400148	     52	   19.0	13044.0	12989.2	 0.3053	 100.00	   2.78
    714	400148	     52	   16.0	13042.0	12989.3	 0.3052	 100.00	   2.78
    715	400148	     52	   21.0	13049.0	12989.4	 0.3052	 100.00	   2.78
    716	400148	     52	   22.0	13037.0	12989.4	 0.3053	 100.00	   2.78
    717	400148	     52	   21.0	13044.0	12989.5	 0.3053	 100.00	   2.78
    718	400148	     52	   18.0	13040.0	12989.6	 0.3054	 100.00	   2.78
    719	400148	     52	   25.0	13051.0	12989.7	 0.3055	 100.00	   2.79
    720	400148	     52	   15.0	13046.0	12989.8	 0.3055	 100.00	   2.79
    721	400148	     52	   21.0	13045.0	12989.8	 0.3055	 100.00	   2.79
    722	400148	     52	   24.0	13045.0	12989.9	 0.3057	 100.00	   2.79
    723	400148	     52	   17.0	13050.0	12990.0	 0.3058	 100.00	   2.79
    724	400148	     52	   26.0	13040.0	12990.1	 0.3058	 100.00	   2.79
    725	400148	     52	   19.0	13051.0	12990.1	 0.3059	 100.00	   2.79
    726	400148	     52	   27.0	13046.0	12990.2	 0.3059	 100.00	   2.79
    727	400148	     52	    8.0	13044.0	12990.3	 0.3060	 100.00	   2.79
    728	400148	     52	   25.0	13045.0	12990.4	 0.3060	 100.00	   2.79
    729	400148	     52	   22.0	13049.0	12990.5	 0.3061	 100.00	   2.79
    730	400148	     52	   22.0	13045.0	12990.5	 0.3060	 100.00	   2.79
    731	400148	     52	   22.0	13043.0	12990.6	 0.3060	 100.00	   2.79
    732	400148	     52	   25.0	13048.0	12990.7	 0.3061	 100.00	   2.79
    733	400148	     52	   23.0	13041.0	12990.7	 0.3059	 100.00	   2.79
    734	400148	     52	   23.0	13044.0	12990.8	 0.3060	 100.00	   2.79
    735	400148	     52	   21.0	13049.0	12990.9	 0.3060	 100.00	   2.79
    736	400148	     52	   24.0	13043.0	12991.0	 0.3061	 100.00	   2.79
    737	400148	     52	   23.0	13050.0	12991.0	 0.3063	 100.00	   2.79
    738	400148	     52	   26.0	13048.0	12991.1	 0.3064	 100.00	   2.79
    739	400148	     52	   22.0	13040.0	12991.2	 0.3064	 100.00	   2.79
    740	400148	     52	   22.0	13046.0	12991.3	 0.3064	 100.00	   2.79
    741	400148	     52	   21.0	13043.0	12991.3	 0.3064	 100.00	   2.79
    742	400148	     52	   22.0	13045.0	12991.4	 0.3063	 100.00	   2.79
    743	400148	     52	   23.0	13052.0	12991.5	 0.3064	 100.00	   2.79
    744	400148	     52	   16.0	13042.0	12991.6	 0.3062	 100.00	   2.79
    745	400148	     52	   23.0	13037.0	12991.6	 0.3063	 100.00	   2.79
    746	400148	     52	   27.0	13048.0	12991.7	 0.3064	 100.00	   2.79
    747	400148	     52	   22.0	13048.0	12991.8	 0.3064	 100.00	   2.79
    748	400148	     52	   26.0	13032.0	12991.8	 0.3065	 100.00	   2.79
    749	400148	     52	   21.0	13043.0	12991.9	 0.3065	 100.00	   2.79
    750	400148	     52	   29.0	13050.0	12992.0	 0.3066	 100.00	   2.79
    751	400148	     52	   16.0	13046.0	12992.0	 0.3065	 100.00	   2.79
    752	400148	     52	   19.0	13045.0	12992.1	 0.3064	 100.00	   2.79
    753	400148	     52	   24.0	13039.0	12992.2	 0.3063	 100.00	   2.79
    754	400148	     52	   24.0	13047.0	12992.2	 0.3063	 100.00	   2.79
    755	400148	     52	   21.0	13048.0	12992.3	 0.3064	 100.00	   2.79
