./asc:main.c:294: warning: auxv random bytes were not cleared
  Round	    PC	Excited	Hamming	   Loss	 Regret	    MSE	  Error	   MIPS
      0	40010c	     51	12745.0	12745.0	12745.0	 0.2680	 100.00	0.07516
      1	400145	     51	  294.0	13033.0	 6516.5	 0.2491	 100.00	0.16884
      2	400145	     51	   12.0	13037.0	 4345.7	 0.2730	 100.00	0.24465
      3	400145	     51	   17.0	13042.0	 3260.5	 0.2748	 100.00	0.32456
      4	400145	     51	   15.0	13035.0	 5215.4	 0.2771	 100.00	0.40355
      5	400145	     51	   15.0	13038.0	 6519.2	 0.2916	 100.00	0.47101
      6	400145	     51	   18.0	13036.0	 7450.1	 0.2688	 100.00	0.53912
      7	400145	     51	   14.0	13036.0	 8148.4	 0.2660	 100.00	0.60185
      8	400145	     51	   13.0	13041.0	 8692.0	 0.2691	 100.00	0.66199
      9	400145	     51	   17.0	13040.0	 9126.8	 0.2687	 100.00	0.71943
     10	400145	     51	   10.0	13044.0	 9482.9	 0.2765	 100.00	0.77333
     11	400145	     51	   18.0	13042.0	 9779.5	 0.2756	 100.00	0.82592
     12	400145	     51	   22.0	13038.0	10030.2	 0.2795	 100.00	0.87627
     13	400145	     51	   18.0	13040.0	10245.1	 0.2806	 100.00	0.92145
     14	400145	     51	   12.0	13038.0	10431.3	 0.2797	 100.00	0.96620
     15	400145	     51	   15.0	13043.0	10594.6	 0.2768	 100.00	0.98226
     16	400145	     51	   18.0	13039.0	10738.4	 0.2693	 100.00	   1.04
     17	400145	     51	    8.0	13041.0	10866.3	 0.2678	 100.00	   1.08
     18	400145	     51	   17.0	13040.0	10980.7	 0.2629	 100.00	   1.12
     19	400145	     51	   21.0	13049.0	11084.1	 0.2589	 100.00	   1.16
     20	400145	     51	   15.0	13042.0	11177.3	 0.2530	 100.00	   1.19
     21	400145	     51	   16.0	13040.0	11262.0	 0.2523	 100.00	   1.22
     22	400145	     51	   18.0	13034.0	11339.0	 0.2510	 100.00	   1.26
     23	400145	     51	   15.0	13041.0	11410.0	 0.2537	 100.00	   1.29
     24	400145	     51	   17.0	13030.0	11474.8	 0.2527	 100.00	   1.32
     25	400145	     51	   11.0	13039.0	11534.9	 0.2538	 100.00	   1.34
     26	400145	     51	   23.0	13038.0	11590.6	 0.2547	 100.00	   1.37
     27	400145	     51	    9.0	13037.0	11642.2	 0.2565	 100.00	   1.40
     28	400145	     51	   23.0	13044.0	11690.6	 0.2569	 100.00	   1.43
     29	400145	     51	   24.0	13040.0	11735.6	 0.2607	 100.00	   1.45
     30	400145	     51	   13.0	13037.0	11777.5	 0.2599	 100.00	   1.48
     31	400145	     51	   20.0	13041.0	11817.0	 0.2594	 100.00	   1.50
     32	400145	     51	   14.0	13037.0	11854.0	 0.2627	 100.00	   1.52
     33	400145	     51	   15.0	13044.0	11889.0	 0.2659	 100.00	   1.55
     34	400145	     51	   17.0	13043.0	11922.0	 0.2656	 100.00	   1.57
     35	400145	     51	   20.0	13041.0	11953.1	 0.2649	 100.00	   1.59
     36	400145	     51	   19.0	13046.0	11982.6	 0.2626	 100.00	   1.61
     37	400145	     51	   17.0	13047.0	12010.6	 0.2623	 100.00	   1.63
     38	400145	     51	   12.0	13043.0	12037.1	 0.2595	 100.00	   1.65
     39	400145	     51	   17.0	13040.0	12062.1	 0.2599	 100.00	   1.66
     40	400145	     51	   14.0	13040.0	12086.0	 0.2590	 100.00	   1.68
     41	400145	     51	   20.0	13040.0	12108.7	 0.2582	 100.00	   1.70
     42	400145	     51	   18.0	13040.0	12130.4	 0.2573	 100.00	   1.72
     43	400145	     51	   19.0	13045.0	12151.2	 0.2587	 100.00	   1.73
     44	400145	     51	   19.0	13036.0	12170.8	 0.2582	 100.00	   1.75
     45	400145	     51	   17.0	13043.0	12189.8	 0.2560	 100.00	   1.76
     46	400145	     51	   16.0	13045.0	12208.0	 0.2560	 100.00	   1.78
     47	400145	     51	   17.0	13044.0	12225.4	 0.2549	 100.00	   1.79
     48	400145	     51	   22.0	13040.0	12242.0	 0.2563	 100.00	   1.81
     49	400145	     51	   15.0	13039.0	12258.0	 0.2542	 100.00	   1.82
     50	400145	     51	   22.0	13037.0	12273.2	 0.2529	 100.00	   1.83
     51	400145	     51	   17.0	13042.0	12288.0	 0.2526	 100.00	   1.84
     52	400145	     51	   22.0	13040.0	12302.2	 0.2527	 100.00	   1.86
     53	400145	     51	   22.0	13036.0	12315.8	 0.2537	 100.00	   1.87
     54	400145	     51	   21.0	13043.0	12329.0	 0.2518	 100.00	   1.88
     55	400145	     51	   17.0	13048.0	12341.9	 0.2523	 100.00	   1.89
     56	400145	     51	   18.0	13040.0	12354.1	 0.2520	 100.00	   1.90
     57	400145	     51	   21.0	13043.0	12366.0	 0.2505	 100.00	   1.91
     58	400145	     51	   15.0	13038.0	12377.4	 0.2506	 100.00	   1.92
     59	400145	     51	   18.0	13040.0	12388.4	 0.2497	 100.00	   1.94
     60	400145	     51	   21.0	13049.0	12399.2	 0.2483	 100.00	   1.95
     61	400145	     51	   11.0	13046.0	12409.7	 0.2471	 100.00	   1.96
     62	400145	     51	   27.0	13045.0	12419.8	 0.2484	 100.00	   1.97
     63	400145	     51	   21.0	13040.0	12429.5	 0.2477	 100.00	   1.97
     64	400145	     51	   17.0	13037.0	12438.8	 0.2490	 100.00	   1.98
     65	400145	     51	   17.0	13042.0	12447.9	 0.2481	 100.00	   1.99
     66	400145	     51	   20.0	13050.0	12456.9	 0.2472	 100.00	   2.00
     67	400145	     51	   32.0	13040.0	12465.5	 0.2476	 100.00	   2.01
     68	400145	     51	   13.0	13035.0	12473.8	 0.2468	 100.00	   2.02
     69	400145	     51	    9.0	13040.0	12481.8	 0.2469	 100.00	   2.03
     70	400145	     51	   19.0	13049.0	12489.8	 0.2478	 100.00	   2.04
     71	400145	     51	   16.0	13047.0	12497.6	 0.2470	 100.00	   2.04
     72	400145	     51	   17.0	13036.0	12504.9	 0.2471	 100.00	   2.05
     73	400145	     51	   11.0	13033.0	12512.1	 0.2470	 100.00	   2.06
     74	400145	     51	   20.0	13047.0	12519.2	 0.2474	 100.00	   2.06
     75	400145	     51	   22.0	13045.0	12526.1	 0.2470	 100.00	   2.07
     76	400145	     51	   18.0	13045.0	12532.9	 0.2474	 100.00	   2.08
     77	400145	     51	   19.0	13038.0	12539.3	 0.2476	 100.00	   2.09
     78	400145	     51	   14.0	13046.0	12545.8	 0.2478	 100.00	   2.10
     79	400145	     51	   11.0	13043.0	12552.0	 0.2479	 100.00	   2.10
     80	400145	     51	   21.0	13044.0	12558.0	 0.2478	 100.00	   2.11
     81	400145	     51	   12.0	13050.0	12564.0	 0.2479	 100.00	   2.12
     82	400145	     51	   28.0	13042.0	12569.8	 0.2500	 100.00	   2.13
     83	400145	     51	   21.0	13047.0	12575.5	 0.2499	 100.00	   2.13
     84	400145	     51	   19.0	13036.0	12580.9	 0.2493	 100.00	   2.14
     85	400145	     51	   15.0	13043.0	12586.3	 0.2506	 100.00	   2.15
     86	400145	     51	   16.0	13047.0	12591.6	 0.2514	 100.00	   2.15
     87	400145	     51	   11.0	13050.0	12596.8	 0.2508	 100.00	   2.16
     88	400145	     51	   26.0	13042.0	12601.8	 0.2515	 100.00	   2.17
     89	400145	     51	   19.0	13039.0	12606.6	 0.2516	 100.00	   2.17
     90	400145	     51	   14.0	13043.0	12611.4	 0.2513	 100.00	   2.18
     91	400145	     51	   19.0	13044.0	12616.1	 0.2513	 100.00	   2.19
     92	400145	     51	   15.0	13047.0	12620.8	 0.2511	 100.00	   2.19
     93	400145	     51	   16.0	13047.0	12625.3	 0.2513	 100.00	   2.20
     94	400145	     51	   11.0	13050.0	12629.8	 0.2508	 100.00	   2.20
     95	400145	     51	   22.0	13040.0	12634.1	 0.2524	 100.00	   2.21
     96	400145	     51	   16.0	13042.0	12638.3	 0.2529	 100.00	   2.21
     97	400145	     51	   15.0	13045.0	12642.4	 0.2530	 100.00	   2.22
     98	400145	     51	   16.0	13041.0	12646.4	 0.2535	 100.00	   2.22
     99	400145	     51	   18.0	13045.0	12650.4	 0.2536	 100.00	   2.23
    100	400145	     51	   20.0	13045.0	12654.3	 0.2536	 100.00	   2.23
    101	400145	     51	   17.0	13042.0	12658.1	 0.2536	 100.00	   2.24
    102	400145	     51	   20.0	13046.0	12661.9	 0.2546	 100.00	   2.24
    103	400145	     51	   30.0	13046.0	12665.6	 0.2560	 100.00	   2.25
    104	400145	     51	   14.0	13038.0	12669.1	 0.2562	 100.00	   2.25
    105	400145	     51	   24.0	13046.0	12672.7	 0.2565	 100.00	   2.25
    106	400145	     51	   22.0	13046.0	12676.2	 0.2574	 100.00	   2.26
    107	400145	     51	   17.0	13049.0	12679.6	 0.2569	 100.00	   2.26
    108	400145	     51	   26.0	13049.0	12683.0	 0.2576	 100.00	   2.27
    109	400145	     51	   23.0	13038.0	12686.2	 0.2581	 100.00	   2.27
    110	400145	     51	   14.0	13046.0	12689.5	 0.2576	 100.00	   2.28
    111	400145	     51	   20.0	13046.0	12692.7	 0.2575	 100.00	   2.28
    112	400145	     51	   18.0	13042.0	12695.8	 0.2585	 100.00	   2.28
    113	400145	     51	   17.0	13051.0	12698.9	 0.2596	 100.00	   2.29
    114	400145	     51	   24.0	13039.0	12701.8	 0.2598	 100.00	   2.29
    115	400145	     51	   11.0	13042.0	12704.8	 0.2607	 100.00	   2.30
    116	400145	     51	   18.0	13048.0	12707.7	 0.2601	 100.00	   2.30
    117	400145	     51	   20.0	13046.0	12710.6	 0.2601	 100.00	   2.30
    118	400145	     51	   22.0	13048.0	12713.4	 0.2599	 100.00	   2.31
    119	400145	     51	   27.0	13043.0	12716.1	 0.2598	 100.00	   2.31
    120	400145	     51	   18.0	13047.0	12718.9	 0.2603	 100.00	   2.31
    121	400145	     51	   22.0	13049.0	12721.6	 0.2596	 100.00	   2.32
    122	400145	     51	   23.0	13048.0	12724.2	 0.2599	 100.00	   2.32
    123	400145	     51	   24.0	13044.0	12726.8	 0.2604	 100.00	   2.32
    124	400145	     51	   17.0	13041.0	12729.3	 0.2613	 100.00	   2.32
    125	400145	     51	   21.0	13044.0	12731.8	 0.2606	 100.00	   2.33
    126	400145	     51	   30.0	13044.0	12734.3	 0.2609	 100.00	   2.33
    127	400145	     51	   15.0	13045.0	12736.7	 0.2616	 100.00	   2.33
    128	400145	     51	   24.0	13043.0	12739.1	 0.2619	 100.00	   2.34
    129	400145	     51	   13.0	13044.0	12741.4	 0.2623	 100.00	   2.34
    130	400145	     51	   14.0	13046.0	12743.8	 0.2626	 100.00	   2.34
    131	400145	     51	   25.0	13047.0	12746.1	 0.2625	 100.00	   2.35
    132	400145	     51	   19.0	13044.0	12748.3	 0.2628	 100.00	   2.35
    133	400145	     51	   19.0	13047.0	12750.5	 0.2630	 100.00	   2.35
    134	400145	     51	   29.0	13046.0	12752.7	 0.2631	 100.00	   2.36
    135	400145	     51	   16.0	13048.0	12754.9	 0.2638	 100.00	   2.36
    136	400145	     51	   21.0	13045.0	12757.0	 0.2637	 100.00	   2.36
    137	400145	     51	   17.0	13052.0	12759.1	 0.2637	 100.00	   2.37
    138	400145	     51	   10.0	13052.0	12761.3	 0.2644	 100.00	   2.37
    139	400145	     51	   17.0	13043.0	12763.3	 0.2648	 100.00	   2.37
    140	400145	     51	   22.0	13047.0	12765.3	 0.2647	 100.00	   2.37
    141	400145	     51	   16.0	13043.0	12767.2	 0.2643	 100.00	   2.38
    142	400145	     51	   26.0	13051.0	12769.2	 0.2646	 100.00	   2.38
    143	400145	     51	   13.0	13050.0	12771.2	 0.2646	 100.00	   2.38
    144	400145	     51	   14.0	13042.0	12773.0	 0.2649	 100.00	   2.39
    145	400145	     51	   18.0	13042.0	12774.9	 0.2649	 100.00	   2.39
    146	400145	     51	   19.0	13043.0	12776.7	 0.2645	 100.00	   2.39
    147	400145	     51	   17.0	13044.0	12778.5	 0.2639	 100.00	   2.40
    148	400145	     51	    9.0	13047.0	12780.3	 0.2633	 100.00	   2.40
    149	400145	     51	   26.0	13043.0	12782.1	 0.2630	 100.00	   2.40
    150	400145	     51	   18.0	13037.0	12783.7	 0.2631	 100.00	   2.40
    151	400145	     51	   19.0	13048.0	12785.5	 0.2641	 100.00	   2.41
    152	400145	     51	   21.0	13041.0	12787.2	 0.2640	 100.00	   2.41
    153	400145	     51	   11.0	13046.0	12788.8	 0.2643	 100.00	   2.41
    154	400145	     51	   22.0	13050.0	12790.5	 0.2655	 100.00	   2.41
    155	400145	     51	   19.0	13043.0	12792.1	 0.2652	 100.00	   2.42
    156	400145	     51	   21.0	13048.0	12793.8	 0.2657	 100.00	   2.42
    157	400145	     51	   14.0	13050.0	12795.4	 0.2662	 100.00	   2.42
    158	400145	     51	   25.0	13043.0	12796.9	 0.2663	 100.00	   2.42
    159	400145	     51	   23.0	13048.0	12798.5	 0.2656	 100.00	   2.42
    160	400145	     51	   16.0	13046.0	12800.1	 0.2654	 100.00	   2.43
    161	400145	     51	   19.0	13045.0	12801.6	 0.2655	 100.00	   2.43
    162	400145	     51	   21.0	13048.0	12803.1	 0.2653	 100.00	   2.43
    163	400145	     51	   24.0	13054.0	12804.6	 0.2652	 100.00	   2.44
    164	400145	     51	   30.0	13044.0	12806.1	 0.2653	 100.00	   2.44
    165	400145	     51	   21.0	13049.0	12807.5	 0.2653	 100.00	   2.44
    166	400145	     51	   16.0	13045.0	12808.9	 0.2659	 100.00	   2.44
    167	400145	     51	   17.0	13050.0	12810.4	 0.2657	 100.00	   2.44
    168	400145	     51	   14.0	13046.0	12811.8	 0.2655	 100.00	   2.45
    169	400145	     51	   25.0	13037.0	12813.1	 0.2653	 100.00	   2.45
    170	400145	     51	   14.0	13045.0	12814.5	 0.2656	 100.00	   2.45
    171	400145	     51	   19.0	13046.0	12815.8	 0.2655	 100.00	   2.45
    172	400145	     51	   21.0	13047.0	12817.1	 0.2655	 100.00	   2.45
    173	400145	     51	   13.0	13046.0	12818.5	 0.2655	 100.00	   2.46
    174	400145	     51	   22.0	13046.0	12819.8	 0.2660	 100.00	   2.46
    175	400145	     51	   22.0	13044.0	12821.0	 0.2664	 100.00	   2.46
    176	400145	     51	   22.0	13044.0	12822.3	 0.2668	 100.00	   2.46
    177	400145	     51	   23.0	13043.0	12823.5	 0.2671	 100.00	   2.47
    178	400145	     51	   18.0	13041.0	12824.7	 0.2671	 100.00	   2.47
    179	400145	     51	    9.0	13046.0	12826.0	 0.2675	 100.00	   2.47
    180	400145	     51	   23.0	13043.0	12827.2	 0.2673	 100.00	   2.47
    181	400145	     51	   24.0	13041.0	12828.3	 0.2672	 100.00	   2.47
    182	400145	     51	   25.0	13048.0	12829.5	 0.2669	 100.00	   2.48
    183	400145	     51	   19.0	13051.0	12830.8	 0.2661	 100.00	   2.48
    184	400145	     51	   14.0	13047.0	12831.9	 0.2660	 100.00	   2.48
    185	400145	     51	   23.0	13044.0	12833.1	 0.2665	 100.00	   2.48
    186	400145	     51	   23.0	13043.0	12834.2	 0.2669	 100.00	   2.48
    187	400145	     51	   20.0	13043.0	12835.3	 0.2673	 100.00	   2.48
    188	400145	     51	   25.0	13040.0	12836.4	 0.2676	 100.00	   2.49
    189	400145	     51	   15.0	13045.0	12837.5	 0.2674	 100.00	   2.49
    190	400145	     51	   25.0	13046.0	12838.6	 0.2678	 100.00	   2.49
    191	400145	     51	   19.0	13047.0	12839.7	 0.2684	 100.00	   2.49
    192	400145	     51	   21.0	13040.0	12840.7	 0.2683	 100.00	   2.49
    193	400145	     51	   21.0	13045.0	12841.7	 0.2683	 100.00	   2.50
    194	400145	     51	   18.0	13047.0	12842.8	 0.2681	 100.00	   2.50
    195	400145	     51	   27.0	13042.0	12843.8	 0.2683	 100.00	   2.50
    196	400145	     51	   25.0	13045.0	12844.8	 0.2682	 100.00	   2.50
    197	400145	     51	   19.0	13048.0	12845.9	 0.2690	 100.00	   2.50
    198	400145	     51	   23.0	13045.0	12846.9	 0.2689	 100.00	   2.50
    199	400145	     51	   22.0	13041.0	12847.8	 0.2691	 100.00	   2.50
    200	400145	     51	   22.0	13045.0	12848.8	 0.2694	 100.00	   2.51
    201	400145	     51	   15.0	13046.0	12849.8	 0.2697	 100.00	   2.51
    202	400145	     51	   18.0	13046.0	12850.8	 0.2696	 100.00	   2.51
    203	400145	     51	   20.0	13046.0	12851.7	 0.2698	 100.00	   2.51
    204	400145	     51	   22.0	13050.0	12852.7	 0.2698	 100.00	   2.51
    205	400145	     51	   30.0	13048.0	12853.6	 0.2702	 100.00	   2.51
    206	400145	     51	   24.0	13042.0	12854.5	 0.2698	 100.00	   2.52
    207	400145	     51	   19.0	13043.0	12855.4	 0.2701	 100.00	   2.52
    208	400145	     51	   19.0	13042.0	12856.3	 0.2696	 100.00	   2.52
    209	400145	     51	   28.0	13048.0	12857.2	 0.2696	 100.00	   2.52
    210	400145	     51	   20.0	13040.0	12858.1	 0.2695	 100.00	   2.52
    211	400145	     51	   23.0	13039.0	12859.0	 0.2695	 100.00	   2.52
    212	400145	     51	   21.0	13046.0	12859.8	 0.2696	 100.00	   2.52
    213	400145	     51	   29.0	13043.0	12860.7	 0.2695	 100.00	   2.53
    214	400145	     51	   22.0	13049.0	12861.6	 0.2699	 100.00	   2.53
    215	400145	     51	   19.0	13044.0	12862.4	 0.2703	 100.00	   2.53
    216	400145	     51	   27.0	13039.0	12863.2	 0.2703	 100.00	   2.53
    217	400145	     51	   19.0	13048.0	12864.1	 0.2699	 100.00	   2.53
    218	400145	     51	   24.0	13042.0	12864.9	 0.2697	 100.00	   2.53
    219	400145	     51	   17.0	13041.0	12865.7	 0.2696	 100.00	   2.53
    220	400145	     51	   21.0	13042.0	12866.5	 0.2700	 100.00	   2.53
    221	400145	     51	   15.0	13039.0	12867.3	 0.2701	 100.00	   2.54
    222	400145	     51	   23.0	13046.0	12868.1	 0.2705	 100.00	   2.54
    223	400145	     51	   20.0	13054.0	12868.9	 0.2710	 100.00	   2.54
    224	400145	     51	   22.0	13038.0	12869.7	 0.2716	 100.00	   2.54
    225	400145	     51	   15.0	13045.0	12870.4	 0.2718	 100.00	   2.54
    226	400145	     51	   24.0	13049.0	12871.2	 0.2719	 100.00	   2.54
    227	400145	     51	   22.0	13049.0	12872.0	 0.2717	 100.00	   2.54
    228	400145	     51	   32.0	13045.0	12872.8	 0.2717	 100.00	   2.55
    229	400145	     51	   23.0	13044.0	12873.5	 0.2713	 100.00	   2.55
    230	400145	     51	   28.0	13052.0	12874.3	 0.2711	 100.00	   2.55
    231	400145	     51	   28.0	13046.0	12875.0	 0.2713	 100.00	   2.55
    232	400145	     51	   30.0	13050.0	12875.8	 0.2708	 100.00	   2.55
    233	400145	     51	   26.0	13040.0	12876.5	 0.2708	 100.00	   2.55
    234	400145	     51	   16.0	13050.0	12877.2	 0.2710	 100.00	   2.55
    235	400145	     51	   13.0	13049.0	12877.9	 0.2709	 100.00	   2.55
    236	400145	     51	   19.0	13048.0	12878.6	 0.2717	 100.00	   2.56
    237	400145	     51	   15.0	13053.0	12879.4	 0.2721	 100.00	   2.56
    238	400145	     51	   18.0	13053.0	12880.1	 0.2721	 100.00	   2.56
    239	400145	     51	   18.0	13051.0	12880.8	 0.2720	 100.00	   2.56
    240	400145	     51	   20.0	13053.0	12881.5	 0.2725	 100.00	   2.56
    241	400145	     51	   14.0	13049.0	12882.2	 0.2724	 100.00	   2.56
    242	400145	     51	   30.0	13043.0	12882.9	 0.2724	 100.00	   2.56
    243	400145	     51	   15.0	13050.0	12883.6	 0.2722	 100.00	   2.56
    244	400145	     51	   24.0	13050.0	12884.2	 0.2721	 100.00	   2.56
    245	400145	     51	   22.0	13050.0	12884.9	 0.2722	 100.00	   2.57
    246	400145	     51	   32.0	13046.0	12885.6	 0.2733	 100.00	   2.57
    247	400145	     51	   25.0	13047.0	12886.2	 0.2734	 100.00	   2.57
    248	400145	     51	   24.0	13041.0	12886.8	 0.2733	 100.00	   2.57
    249	400145	     51	   16.0	13041.0	12887.5	 0.2731	 100.00	   2.57
    250	400145	     51	   19.0	13044.0	12888.1	 0.2732	 100.00	   2.57
    251	400145	     51	   21.0	13047.0	12888.7	 0.2728	 100.00	   2.57
    252	400145	     51	   17.0	13048.0	12889.3	 0.2730	 100.00	   2.57
    253	400145	     51	   21.0	13059.0	12890.0	 0.2733	 100.00	   2.58
    254	400145	     51	   14.0	13051.0	12890.6	 0.2735	 100.00	   2.58
    255	400145	     51	   15.0	13048.0	12891.3	 0.2735	 100.00	   2.58
    256	400145	     51	   21.0	13041.0	12891.8	 0.2735	 100.00	   2.58
    257	400145	     51	   19.0	13040.0	12892.4	 0.2733	 100.00	   2.58
    258	400145	     51	   14.0	13046.0	12893.0	 0.2733	 100.00	   2.58
    259	400145	     51	   19.0	13045.0	12893.6	 0.2729	 100.00	   2.58
    260	400145	     51	   21.0	13048.0	12894.2	 0.2734	 100.00	   2.58
    261	400145	     51	    9.0	13049.0	12894.8	 0.2734	 100.00	   2.58
    262	400145	     51	   22.0	13047.0	12895.4	 0.2736	 100.00	   2.58
    263	400145	     51	   24.0	13049.0	12895.9	 0.2732	 100.00	   2.59
    264	400145	     51	   15.0	13048.0	12896.5	 0.2734	 100.00	   2.59
    265	400145	     51	   15.0	13041.0	12897.1	 0.2734	 100.00	   2.59
    266	400145	     51	   24.0	13051.0	12897.6	 0.2739	 100.00	   2.59
    267	400145	     51	   25.0	13046.0	12898.2	 0.2744	 100.00	   2.59
    268	400145	     51	   28.0	13044.0	12898.7	 0.2745	 100.00	   2.59
    269	400145	     51	   22.0	13050.0	12899.3	 0.2747	 100.00	   2.59
    270	400145	     51	   14.0	13054.0	12899.9	 0.2746	 100.00	   2.59
    271	400145	     51	   11.0	13051.0	12900.4	 0.2748	 100.00	   2.59
    272	400145	     51	   18.0	13051.0	12901.0	 0.2745	 100.00	   2.60
    273	400145	     51	   16.0	13053.0	12901.5	 0.2746	 100.00	   2.59
    274	400145	     51	   13.0	13052.0	12902.1	 0.2744	 100.00	   2.60
    275	400145	     51	   17.0	13045.0	12902.6	 0.2743	 100.00	   2.60
    276	400145	     51	   15.0	13050.0	12903.1	 0.2741	 100.00	   2.60
    277	400145	     51	   29.0	13051.0	12903.7	 0.2742	 100.00	   2.60
    278	400145	     51	   16.0	13043.0	12904.2	 0.2748	 100.00	   2.60
    279	400145	     51	   15.0	13054.0	12904.7	 0.2747	 100.00	   2.60
    280	400145	     51	   29.0	13047.0	12905.2	 0.2745	 100.00	   2.60
    281	400145	     51	   11.0	13048.0	12905.7	 0.2743	 100.00	   2.60
    282	400145	     51	   27.0	13051.0	12906.2	 0.2741	 100.00	   2.60
    283	400145	     51	   21.0	13050.0	12906.7	 0.2745	 100.00	   2.60
    284	400145	     51	   19.0	13049.0	12907.2	 0.2745	 100.00	   2.61
    285	400145	     51	   24.0	13045.0	12907.7	 0.2744	 100.00	   2.61
    286	400145	     51	   21.0	13046.0	12908.2	 0.2748	 100.00	   2.61
    287	400145	     51	   26.0	13044.0	12908.7	 0.2748	 100.00	   2.61
    288	400145	     51	   22.0	13048.0	12909.1	 0.2751	 100.00	   2.61
    289	400145	     51	   21.0	13045.0	12909.6	 0.2750	 100.00	   2.61
    290	400145	     51	   21.0	13052.0	12910.1	 0.2754	 100.00	   2.61
    291	400145	     51	   16.0	13046.0	12910.6	 0.2755	 100.00	   2.61
    292	400145	     51	   25.0	13049.0	12911.0	 0.2754	 100.00	   2.61
    293	400145	     51	   23.0	13048.0	12911.5	 0.2757	 100.00	   2.61
    294	400145	     51	   26.0	13050.0	12912.0	 0.2755	 100.00	   2.61
    295	400145	     51	   13.0	13047.0	12912.4	 0.2755	 100.00	   2.61
    296	400145	     51	   20.0	13049.0	12912.9	 0.2756	 100.00	   2.62
    297	400145	     51	   24.0	13041.0	12913.3	 0.2761	 100.00	   2.62
    298	400145	     51	   14.0	13041.0	12913.7	 0.2760	 100.00	   2.62
    299	400145	     51	   15.0	13046.0	12914.2	 0.2759	 100.00	   2.62
    300	400145	     51	   23.0	13049.0	12914.6	 0.2762	 100.00	   2.62
    301	400145	     51	   17.0	13052.0	12915.1	 0.2764	 100.00	   2.62
    302	400145	     51	   20.0	13058.0	12915.6	 0.2764	 100.00	   2.62
    303	400145	     51	   15.0	13051.0	12916.0	 0.2767	 100.00	   2.62
    304	400145	     51	   28.0	13045.0	12916.4	 0.2768	 100.00	   2.62
    305	400145	     51	   25.0	13046.0	12916.8	 0.2767	 100.00	   2.62
    306	400145	     51	   22.0	13048.0	12917.3	 0.2767	 100.00	   2.62
    307	400145	     51	   15.0	13047.0	12917.7	 0.2768	 100.00	   2.63
    308	400145	     51	   23.0	13044.0	12918.1	 0.2770	 100.00	   2.63
    309	400145	     51	   20.0	13054.0	12918.5	 0.2769	 100.00	   2.63
    310	400145	     51	   19.0	13051.0	12919.0	 0.2769	 100.00	   2.63
    311	400145	     51	   17.0	13048.0	12919.4	 0.2774	 100.00	   2.63
    312	400145	     51	   18.0	13048.0	12919.8	 0.2772	 100.00	   2.63
    313	400145	     51	   23.0	13053.0	12920.2	 0.2773	 100.00	   2.63
    314	400145	     51	   19.0	13048.0	12920.6	 0.2776	 100.00	   2.63
    315	400145	     51	   18.0	13054.0	12921.0	 0.2777	 100.00	   2.63
    316	400145	     51	   27.0	13045.0	12921.4	 0.2778	 100.00	   2.63
    317	400145	     51	   23.0	13054.0	12921.9	 0.2778	 100.00	   2.63
    318	400145	     51	   24.0	13052.0	12922.3	 0.2778	 100.00	   2.63
    319	400145	     51	   19.0	13049.0	12922.7	 0.2777	 100.00	   2.63
    320	400145	     51	   23.0	13044.0	12923.0	 0.2781	 100.00	   2.63
    321	400145	     51	   21.0	13049.0	12923.4	 0.2788	 100.00	   2.63
    322	400145	     51	   26.0	13039.0	12923.8	 0.2787	 100.00	   2.63
    323	400145	     51	   22.0	13055.0	12924.2	 0.2790	 100.00	   2.64
    324	400145	     51	   25.0	13046.0	12924.6	 0.2789	 100.00	   2.64
    325	400145	     51	   19.0	13049.0	12924.9	 0.2790	 100.00	   2.64
    326	400145	     51	   15.0	13054.0	12925.3	 0.2791	 100.00	   2.64
    327	400145	     51	   20.0	13044.0	12925.7	 0.2791	 100.00	   2.64
    328	400145	     51	   26.0	13040.0	12926.0	 0.2795	 100.00	   2.64
    329	400145	     51	   29.0	13047.0	12926.4	 0.2794	 100.00	   2.64
    330	400145	     51	   18.0	13047.0	12926.8	 0.2794	 100.00	   2.64
    331	400145	     51	   22.0	13041.0	12927.1	 0.2797	 100.00	   2.64
    332	400145	     51	   24.0	13043.0	12927.5	 0.2797	 100.00	   2.64
    333	400145	     51	   19.0	13044.0	12927.8	 0.2797	 100.00	   2.64
    334	400145	     51	   14.0	13044.0	12928.2	 0.2797	 100.00	   2.64
    335	400145	     51	   17.0	13051.0	12928.5	 0.2796	 100.00	   2.64
    336	400145	     51	   21.0	13048.0	12928.9	 0.2797	 100.00	   2.64
    337	400145	     51	   26.0	13052.0	12929.3	 0.2796	 100.00	   2.65
    338	400145	     51	   21.0	13043.0	12929.6	 0.2796	 100.00	   2.65
    339	400145	     51	   21.0	13040.0	12929.9	 0.2795	 100.00	   2.65
    340	400145	     51	   27.0	13045.0	12930.2	 0.2796	 100.00	   2.65
    341	400145	     51	   25.0	13046.0	12930.6	 0.2796	 100.00	   2.65
    342	400145	     51	   24.0	13046.0	12930.9	 0.2794	 100.00	   2.65
    343	400145	     51	   19.0	13045.0	12931.3	 0.2796	 100.00	   2.65
    344	400145	     51	   24.0	13043.0	12931.6	 0.2793	 100.00	   2.65
    345	400145	     51	   25.0	13042.0	12931.9	 0.2796	 100.00	   2.65
    346	400145	     51	   18.0	13042.0	12932.2	 0.2796	 100.00	   2.65
    347	400145	     51	   21.0	13049.0	12932.6	 0.2796	 100.00	   2.65
    348	400145	     51	   13.0	13054.0	12932.9	 0.2796	 100.00	   2.65
    349	400145	     51	   27.0	13039.0	12933.2	 0.2798	 100.00	   2.65
    350	400145	     51	   25.0	13052.0	12933.5	 0.2796	 100.00	   2.65
    351	400145	     51	    8.0	13048.0	12933.9	 0.2797	 100.00	   2.65
    352	400145	     51	   26.0	13040.0	12934.2	 0.2799	 100.00	   2.65
    353	400145	     51	   27.0	13055.0	12934.5	 0.2799	 100.00	   2.65
    354	400145	     51	   18.0	13045.0	12934.8	 0.2801	 100.00	   2.66
    355	400145	     51	   18.0	13049.0	12935.1	 0.2800	 100.00	   2.66
    356	400145	     51	   26.0	13051.0	12935.5	 0.2804	 100.00	   2.66
    357	400145	     51	   15.0	13050.0	12935.8	 0.2804	 100.00	   2.66
    358	400145	     51	   20.0	13050.0	12936.1	 0.2805	 100.00	   2.66
    359	400145	     51	   25.0	13047.0	12936.4	 0.2806	 100.00	   2.66
    360	400145	     51	   18.0	13047.0	12936.7	 0.2806	 100.00	   2.66
    361	400145	     51	   24.0	13047.0	12937.0	 0.2805	 100.00	   2.66
    362	400145	     51	   16.0	13041.0	12937.3	 0.2804	 100.00	   2.66
    363	400145	     51	   19.0	13054.0	12937.6	 0.2801	 100.00	   2.66
    364	400145	     51	   34.0	13046.0	12937.9	 0.2803	 100.00	   2.66
    365	400145	     51	   23.0	13047.0	12938.2	 0.2802	 100.00	   2.66
    366	400145	     51	   22.0	13047.0	12938.5	 0.2801	 100.00	   2.66
    367	400145	     51	   12.0	13055.0	12938.8	 0.2805	 100.00	   2.66
    368	400145	     51	   20.0	13045.0	12939.1	 0.2803	 100.00	   2.66
    369	400145	     51	   21.0	13046.0	12939.4	 0.2805	 100.00	   2.66
    370	400145	     51	   26.0	13048.0	12939.7	 0.2803	 100.00	   2.66
    371	400145	     51	   23.0	13039.0	12940.0	 0.2804	 100.00	   2.66
    372	400145	     51	   20.0	13043.0	12940.2	 0.2804	 100.00	   2.67
    373	400145	     51	   20.0	13041.0	12940.5	 0.2805	 100.00	   2.67
    374	400145	     51	   26.0	13043.0	12940.8	 0.2804	 100.00	   2.67
    375	400145	     51	   25.0	13044.0	12941.1	 0.2803	 100.00	   2.67
    376	400145	     51	   12.0	13050.0	12941.4	 0.2804	 100.00	   2.67
    377	400145	     51	   26.0	13048.0	12941.6	 0.2807	 100.00	   2.67
    378	400145	     51	   15.0	13047.0	12941.9	 0.2806	 100.00	   2.67
    379	400145	     51	   18.0	13045.0	12942.2	 0.2805	 100.00	   2.67
    380	400145	     51	   31.0	13048.0	12942.5	 0.2806	 100.00	   2.67
    381	400145	     51	   19.0	13045.0	12942.7	 0.2807	 100.00	   2.67
    382	400145	     51	   24.0	13051.0	12943.0	 0.2805	 100.00	   2.67
    383	400145	     51	   13.0	13046.0	12943.3	 0.2809	 100.00	   2.67
    384	400145	     51	   22.0	13038.0	12943.5	 0.2810	 100.00	   2.67
    385	400145	     51	   27.0	13053.0	12943.8	 0.2813	 100.00	   2.67
    386	400145	     51	   16.0	13049.0	12944.1	 0.2812	 100.00	   2.67
    387	400145	     51	   25.0	13046.0	12944.3	 0.2813	 100.00	   2.67
    388	400145	     51	   27.0	13043.0	12944.6	 0.2811	 100.00	   2.67
    389	400145	     51	   25.0	13048.0	12944.9	 0.2813	 100.00	   2.67
    390	400145	     51	   32.0	13044.0	12945.1	 0.2815	 100.00	   2.67
    391	400145	     51	   18.0	13052.0	12945.4	 0.2816	 100.00	   2.68
    392	400145	     51	   25.0	13053.0	12945.7	 0.2817	 100.00	   2.68
    393	400145	     51	    9.0	13048.0	12945.9	 0.2817	 100.00	   2.68
    394	400145	     51	   22.0	13048.0	12946.2	 0.2817	 100.00	   2.68
    395	400145	     51	   23.0	13049.0	12946.4	 0.2818	 100.00	   2.68
    396	400145	     51	   22.0	13045.0	12946.7	 0.2819	 100.00	   2.68
    397	400145	     51	   22.0	13051.0	12947.0	 0.2821	 100.00	   2.68
    398	400145	     51	   22.0	13055.0	12947.2	 0.2823	 100.00	   2.68
    399	400145	     51	   17.0	13054.0	12947.5	 0.2824	 100.00	   2.68
    400	400145	     51	   27.0	13049.0	12947.7	 0.2828	 100.00	   2.68
    401	400145	     51	   20.0	13051.0	12948.0	 0.2828	 100.00	   2.68
    402	400145	     51	   21.0	13050.0	12948.3	 0.2829	 100.00	   2.68
    403	400145	     51	   15.0	13049.0	12948.5	 0.2831	 100.00	   2.68
    404	400145	     51	   21.0	13048.0	12948.8	 0.2830	 100.00	   2.68
    405	400145	     51	   20.0	13050.0	12949.0	 0.2828	 100.00	   2.68
    406	400145	     51	   24.0	13050.0	12949.2	 0.2829	 100.00	   2.68
    407	400145	     51	   19.0	13057.0	12949.5	 0.2828	 100.00	   2.68
    408	400145	     51	   21.0	13050.0	12949.8	 0.2829	 100.00	   2.68
    409	400145	     51	   25.0	13053.0	12950.0	 0.2831	 100.00	   2.68
    410	400145	     51	   31.0	13052.0	12950.3	 0.2834	 100.00	   2.68
    411	400145	     51	   17.0	13043.0	12950.5	 0.2834	 100.00	   2.69
    412	400145	     51	   29.0	13048.0	12950.7	 0.2835	 100.00	   2.69
    413	400145	     51	   14.0	13046.0	12950.9	 0.2835	 100.00	   2.69
    414	400145	     51	   19.0	13049.0	12951.2	 0.2834	 100.00	   2.69
    415	400145	     51	   19.0	13042.0	12951.4	 0.2836	 100.00	   2.69
    416	400145	     51	   20.0	13044.0	12951.6	 0.2836	 100.00	   2.69
    417	400145	     51	   19.0	13039.0	12951.8	 0.2837	 100.00	   2.69
    418	400145	     51	   19.0	13044.0	12952.1	 0.2837	 100.00	   2.69
    419	400145	     51	   22.0	13044.0	12952.3	 0.2835	 100.00	   2.69
    420	400145	     51	   22.0	13042.0	12952.5	 0.2834	 100.00	   2.69
    421	400145	     51	   15.0	13041.0	12952.7	 0.2833	 100.00	   2.69
    422	400145	     51	   18.0	13051.0	12952.9	 0.2832	 100.00	   2.69
    423	400145	     51	   23.0	13050.0	12953.2	 0.2831	 100.00	   2.69
    424	400145	     51	   20.0	13044.0	12953.4	 0.2832	 100.00	   2.69
    425	400145	     51	   17.0	13039.0	12953.6	 0.2832	 100.00	   2.69
    426	400145	     51	   24.0	13045.0	12953.8	 0.2831	 100.00	   2.69
    427	400145	     51	   21.0	13048.0	12954.0	 0.2833	 100.00	   2.69
    428	400145	     51	   23.0	13051.0	12954.2	 0.2835	 100.00	   2.69
    429	400145	     51	   23.0	13048.0	12954.5	 0.2836	 100.00	   2.69
    430	400145	     51	   20.0	13050.0	12954.7	 0.2837	 100.00	   2.69
    431	400145	     51	   27.0	13047.0	12954.9	 0.2836	 100.00	   2.69
    432	400145	     51	   24.0	13049.0	12955.1	 0.2836	 100.00	   2.69
    433	400145	     51	   25.0	13050.0	12955.3	 0.2837	 100.00	   2.69
    434	400145	     51	   22.0	13040.0	12955.5	 0.2839	 100.00	   2.69
    435	400145	     51	   27.0	13051.0	12955.7	 0.2837	 100.00	   2.69
    436	400145	     51	   27.0	13040.0	12955.9	 0.2837	 100.00	   2.70
    437	400145	     51	   24.0	13054.0	12956.2	 0.2835	 100.00	   2.70
    438	400145	     51	   25.0	13045.0	12956.4	 0.2833	 100.00	   2.70
    439	400145	     51	   21.0	13054.0	12956.6	 0.2832	 100.00	   2.70
    440	400145	     51	   16.0	13052.0	12956.8	 0.2832	 100.00	   2.70
    441	400145	     51	   30.0	13050.0	12957.0	 0.2832	 100.00	   2.70
    442	400145	     51	   27.0	13041.0	12957.2	 0.2832	 100.00	   2.70
    443	400145	     51	   22.0	13039.0	12957.4	 0.2832	 100.00	   2.70
    444	400145	     51	   21.0	13052.0	12957.6	 0.2830	 100.00	   2.70
    445	400145	     51	    7.0	13053.0	12957.8	 0.2832	 100.00	   2.70
    446	400145	     51	   27.0	13052.0	12958.0	 0.2831	 100.00	   2.70
    447	400145	     51	   21.0	13051.0	12958.2	 0.2829	 100.00	   2.70
    448	400145	     51	   29.0	13036.0	12958.4	 0.2830	 100.00	   2.70
    449	400145	     51	   17.0	13049.0	12958.6	 0.2830	 100.00	   2.70
    450	400145	     51	   18.0	13047.0	12958.8	 0.2832	 100.00	   2.70
    451	400145	     51	   31.0	13050.0	12959.0	 0.2834	 100.00	   2.70
    452	400145	     51	   23.0	13039.0	12959.2	 0.2832	 100.00	   2.70
    453	400145	     51	   17.0	13048.0	12959.4	 0.2832	 100.00	   2.70
    454	400145	     51	   25.0	13047.0	12959.6	 0.2833	 100.00	   2.70
    455	400145	     51	   14.0	13047.0	12959.8	 0.2833	 100.00	   2.70
    456	400145	     51	   26.0	13047.0	12959.9	 0.2833	 100.00	   2.70
    457	400145	     51	   25.0	13046.0	12960.1	 0.2832	 100.00	   2.70
    458	400145	     51	   24.0	13044.0	12960.3	 0.2833	 100.00	   2.70
    459	400145	     51	   16.0	13048.0	12960.5	 0.2835	 100.00	   2.70
    460	400145	     51	   18.0	13052.0	12960.7	 0.2835	 100.00	   2.70
    461	400145	     51	   24.0	13048.0	12960.9	 0.2836	 100.00	   2.70
    462	400145	     51	   26.0	13044.0	12961.1	 0.2839	 100.00	   2.70
    463	400145	     51	   17.0	13047.0	12961.3	 0.2838	 100.00	   2.71
    464	400145	     51	   29.0	13048.0	12961.4	 0.2837	 100.00	   2.71
    465	400145	     51	   24.0	13046.0	12961.6	 0.2840	 100.00	   2.71
    466	400145	     51	   22.0	13048.0	12961.8	 0.2840	 100.00	   2.71
    467	400145	     51	   17.0	13053.0	12962.0	 0.2840	 100.00	   2.71
    468	400145	     51	   33.0	13044.0	12962.2	 0.2841	 100.00	   2.71
    469	400145	     51	   31.0	13047.0	12962.4	 0.2843	 100.00	   2.71
    470	400145	     51	   18.0	13041.0	12962.5	 0.2845	 100.00	   2.71
    471	400145	     51	   17.0	13054.0	12962.7	 0.2846	 100.00	   2.71
    472	400145	     51	   24.0	13048.0	12962.9	 0.2846	 100.00	   2.71
    473	400145	     51	   21.0	13047.0	12963.1	 0.2847	 100.00	   2.71
    474	400145	     51	   18.0	13051.0	12963.3	 0.2848	 100.00	   2.71
    475	400145	     51	   23.0	13048.0	12963.4	 0.2848	 100.00	   2.71
    476	400145	     51	   19.0	13047.0	12963.6	 0.2848	 100.00	   2.71
    477	400145	     51	   27.0	13052.0	12963.8	 0.2849	 100.00	   2.71
    478	400145	     51	   17.0	13053.0	12964.0	 0.2851	 100.00	   2.71
    479	400145	     51	   18.0	13055.0	12964.2	 0.2852	 100.00	   2.71
    480	400145	     51	   22.0	13051.0	12964.4	 0.2853	 100.00	   2.71
    481	400145	     51	   17.0	13048.0	12964.5	 0.2855	 100.00	   2.71
    482	400145	     51	   25.0	13047.0	12964.7	 0.2856	 100.00	   2.71
    483	400145	     51	   24.0	13053.0	12964.9	 0.2857	 100.00	   2.71
    484	400145	     51	   26.0	13043.0	12965.0	 0.2856	 100.00	   2.71
    485	400145	     51	   19.0	13050.0	12965.2	 0.2855	 100.00	   2.71
    486	400145	     51	   16.0	13050.0	12965.4	 0.2854	 100.00	   2.71
    487	400145	     51	   26.0	13050.0	12965.6	 0.2856	 100.00	   2.71
    488	400145	     51	   30.0	13046.0	12965.7	 0.2857	 100.00	   2.71
    489	400145	     51	   22.0	13048.0	12965.9	 0.2857	 100.00	   2.71
    490	400145	     51	   22.0	13048.0	12966.1	 0.2858	 100.00	   2.71
    491	400145	     51	   25.0	13051.0	12966.2	 0.2858	 100.00	   2.72
    492	400145	     51	   27.0	13050.0	12966.4	 0.2861	 100.00	   2.71
    493	400145	     51	   13.0	13049.0	12966.6	 0.2859	 100.00	   2.72
    494	400145	     51	   22.0	13049.0	12966.7	 0.2859	 100.00	   2.72
    495	400145	     51	   16.0	13045.0	12966.9	 0.2859	 100.00	   2.72
    496	400145	     51	   22.0	13045.0	12967.1	 0.2860	 100.00	   2.72
    497	400145	     51	   26.0	13053.0	12967.2	 0.2860	 100.00	   2.72
    498	400145	     51	   20.0	13057.0	12967.4	 0.2861	 100.00	   2.72
    499	400145	     51	   21.0	13046.0	12967.6	 0.2863	 100.00	   2.72
    500	400145	     51	   22.0	13044.0	12967.7	 0.2865	 100.00	   2.72
    501	400145	     51	   24.0	13046.0	12967.9	 0.2864	 100.00	   2.72
    502	400145	     51	   27.0	13051.0	12968.0	 0.2866	 100.00	   2.72
    503	400145	     51	   21.0	13048.0	12968.2	 0.2867	 100.00	   2.72
    504	400145	     51	   28.0	13050.0	12968.4	 0.2868	 100.00	   2.72
    505	400145	     51	   24.0	13050.0	12968.5	 0.2868	 100.00	   2.72
    506	400145	     51	   27.0	13049.0	12968.7	 0.2868	 100.00	   2.72
    507	400145	     51	   23.0	13046.0	12968.8	 0.2868	 100.00	   2.72
    508	400145	     51	   23.0	13045.0	12969.0	 0.2869	 100.00	   2.72
    509	400145	     51	   19.0	13054.0	12969.2	 0.2870	 100.00	   2.72
    510	400145	     51	   26.0	13046.0	12969.3	 0.2871	 100.00	   2.72
    511	400145	     51	   21.0	13057.0	12969.5	 0.2872	 100.00	   2.72
    512	400145	     51	   26.0	13041.0	12969.6	 0.2876	 100.00	   2.72
    513	400145	     51	   21.0	13050.0	12969.8	 0.2876	 100.00	   2.72
    514	400145	     51	   14.0	13048.0	12969.9	 0.2875	 100.00	   2.72
    515	400145	     51	   21.0	13045.0	12970.1	 0.2876	 100.00	   2.72
    516	400145	     51	   17.0	13036.0	12970.2	 0.2876	 100.00	   2.72
    517	400145	     51	   13.0	13045.0	12970.3	 0.2877	 100.00	   2.72
    518	400145	     51	   18.0	13043.0	12970.5	 0.2878	 100.00	   2.72
    519	400145	     51	   18.0	13047.0	12970.6	 0.2878	 100.00	   2.72
    520	400145	     51	   19.0	13046.0	12970.8	 0.2881	 100.00	   2.72
    521	400145	     51	   27.0	13047.0	12970.9	 0.2881	 100.00	   2.72
    522	400145	     51	   24.0	13045.0	12971.1	 0.2883	 100.00	   2.72
    523	400145	     51	   26.0	13055.0	12971.2	 0.2884	 100.00	   2.72
    524	400145	     51	   12.0	13053.0	12971.4	 0.2885	 100.00	   2.72
    525	400145	     51	   22.0	13047.0	12971.5	 0.2885	 100.00	   2.73
    526	400145	     51	   24.0	13045.0	12971.7	 0.2885	 100.00	   2.73
    527	400145	     51	   21.0	13052.0	12971.8	 0.2885	 100.00	   2.73
    528	400145	     51	   22.0	13048.0	12972.0	 0.2887	 100.00	   2.73
    529	400145	     51	   16.0	13050.0	12972.1	 0.2887	 100.00	   2.73
    530	400145	     51	   25.0	13053.0	12972.3	 0.2888	 100.00	   2.73
    531	400145	     51	   19.0	13056.0	12972.4	 0.2891	 100.00	   2.73
    532	400145	     51	   27.0	13049.0	12972.6	 0.2891	 100.00	   2.73
    533	400145	     51	   21.0	13046.0	12972.7	 0.2893	 100.00	   2.73
    534	400145	     51	   26.0	13048.0	12972.8	 0.2895	 100.00	   2.73
    535	400145	     51	   25.0	13053.0	12973.0	 0.2897	 100.00	   2.73
    536	400145	     51	   21.0	13046.0	12973.1	 0.2897	 100.00	   2.73
    537	400145	     51	   15.0	13047.0	12973.3	 0.2898	 100.00	   2.73
    538	400145	     51	   25.0	13048.0	12973.4	 0.2898	 100.00	   2.73
    539	400145	     51	   19.0	13045.0	12973.5	 0.2898	 100.00	   2.73
    540	400145	     51	   19.0	13044.0	12973.7	 0.2897	 100.00	   2.73
    541	400145	     51	   18.0	13042.0	12973.8	 0.2896	 100.00	   2.73
    542	400145	     51	   19.0	13049.0	12973.9	 0.2898	 100.00	   2.73
    543	400145	     51	   24.0	13053.0	12974.1	 0.2899	 100.00	   2.73
    544	400145	     51	   24.0	13039.0	12974.2	 0.2899	 100.00	   2.73
    545	400145	     51	   17.0	13056.0	12974.3	 0.2898	 100.00	   2.73
    546	400145	     51	   21.0	13047.0	12974.5	 0.2900	 100.00	   2.73
    547	400145	     51	   26.0	13051.0	12974.6	 0.2901	 100.00	   2.73
    548	400145	     51	   21.0	13042.0	12974.7	 0.2900	 100.00	   2.73
    549	400145	     51	   21.0	13047.0	12974.9	 0.2900	 100.00	   2.73
    550	400145	     51	   26.0	13053.0	12975.0	 0.2900	 100.00	   2.73
    551	400145	     51	   23.0	13060.0	12975.2	 0.2902	 100.00	   2.73
    552	400145	     51	   20.0	13050.0	12975.3	 0.2903	 100.00	   2.73
    553	400145	     51	   29.0	13049.0	12975.4	 0.2904	 100.00	   2.73
    554	400145	     51	   18.0	13037.0	12975.5	 0.2906	 100.00	   2.73
    555	400145	     51	   23.0	13050.0	12975.7	 0.2906	 100.00	   2.73
    556	400145	     51	   23.0	13049.0	12975.8	 0.2906	 100.00	   2.73
    557	400145	     51	   23.0	13042.0	12975.9	 0.2905	 100.00	   2.73
    558	400145	     51	   26.0	13054.0	12976.1	 0.2907	 100.00	   2.73
    559	400145	     51	   27.0	13051.0	12976.2	 0.2908	 100.00	   2.73
    560	400145	     51	   24.0	13045.0	12976.3	 0.2908	 100.00	   2.73
    561	400145	     51	   25.0	13050.0	12976.4	 0.2907	 100.00	   2.73
    562	400145	     51	   26.0	13048.0	12976.6	 0.2906	 100.00	   2.73
    563	400145	     51	   19.0	13055.0	12976.7	 0.2907	 100.00	   2.73
    564	400145	     51	   24.0	13043.0	12976.8	 0.2908	 100.00	   2.74
    565	400145	     51	   22.0	13051.0	12977.0	 0.2909	 100.00	   2.74
    566	400145	     51	   19.0	13056.0	12977.1	 0.2909	 100.00	   2.74
    567	400145	     51	   19.0	13051.0	12977.2	 0.2908	 100.00	   2.74
    568	400145	     51	   16.0	13053.0	12977.4	 0.2909	 100.00	   2.74
    569	400145	     51	   25.0	13044.0	12977.5	 0.2910	 100.00	   2.74
    570	400145	     51	   17.0	13049.0	12977.6	 0.2909	 100.00	   2.74
    571	400145	     51	   16.0	13053.0	12977.7	 0.2908	 100.00	   2.74
    572	400145	     51	   15.0	13052.0	12977.9	 0.2909	 100.00	   2.74
    573	400145	     51	   15.0	13053.0	12978.0	 0.2907	 100.00	   2.74
    574	400145	     51	   29.0	13046.0	12978.1	 0.2909	 100.00	   2.74
    575	400145	     51	   23.0	13051.0	12978.2	 0.2909	 100.00	   2.74
    576	400145	     51	   23.0	13046.0	12978.4	 0.2907	 100.00	   2.74
    577	400145	     51	   13.0	13043.0	12978.5	 0.2909	 100.00	   2.74
    578	400145	     51	   20.0	13043.0	12978.6	 0.2909	 100.00	   2.74
    579	400145	     51	   24.0	13045.0	12978.7	 0.2908	 100.00	   2.74
    580	400145	     51	   23.0	13042.0	12978.8	 0.2909	 100.00	   2.74
    581	400145	     51	   21.0	13059.0	12978.9	 0.2909	 100.00	   2.74
    582	400145	     51	   21.0	13046.0	12979.1	 0.2911	 100.00	   2.74
    583	400145	     51	    8.0	13052.0	12979.2	 0.2909	 100.00	   2.74
    584	400145	     51	   23.0	13051.0	12979.3	 0.2909	 100.00	   2.74
    585	400145	     51	   27.0	13048.0	12979.4	 0.2909	 100.00	   2.74
    586	400145	     51	   20.0	13054.0	12979.6	 0.2907	 100.00	   2.74
    587	400145	     51	   18.0	13048.0	12979.7	 0.2908	 100.00	   2.74
    588	400145	     51	   18.0	13052.0	12979.8	 0.2908	 100.00	   2.74
    589	400145	     51	   25.0	13039.0	12979.9	 0.2909	 100.00	   2.74
    590	400145	     51	   12.0	13041.0	12980.0	 0.2909	 100.00	   2.74
    591	400145	     51	   15.0	13050.0	12980.1	 0.2909	 100.00	   2.74
    592	400145	     51	   19.0	13057.0	12980.2	 0.2909	 100.00	   2.74
    593	400145	     51	   24.0	13039.0	12980.3	 0.2908	 100.00	   2.74
    594	400145	     51	   24.0	13047.0	12980.5	 0.2909	 100.00	   2.74
    595	400145	     51	   29.0	13048.0	12980.6	 0.2910	 100.00	   2.74
    596	400145	     51	   29.0	13039.0	12980.7	 0.2912	 100.00	   2.74
    597	400145	     51	   25.0	13052.0	12980.8	 0.2913	 100.00	   2.74
    598	400145	     51	   28.0	13048.0	12980.9	 0.2914	 100.00	   2.74
    599	400145	     51	   17.0	13053.0	12981.0	 0.2916	 100.00	   2.74
    600	400145	     51	   22.0	13037.0	12981.1	 0.2915	 100.00	   2.74
    601	400145	     51	   17.0	13048.0	12981.2	 0.2916	 100.00	   2.74
    602	400145	     51	   28.0	13050.0	12981.3	 0.2916	 100.00	   2.74
    603	400145	     51	   13.0	13053.0	12981.5	 0.2918	 100.00	   2.74
    604	400145	     51	   13.0	13050.0	12981.6	 0.2918	 100.00	   2.75
    605	400145	     51	   16.0	13050.0	12981.7	 0.2918	 100.00	   2.75
    606	400145	     51	   17.0	13051.0	12981.8	 0.2917	 100.00	   2.75
    607	400145	     51	   16.0	13055.0	12981.9	 0.2917	 100.00	   2.75
    608	400145	     51	   24.0	13049.0	12982.0	 0.2918	 100.00	   2.75
    609	400145	     51	   13.0	13058.0	12982.2	 0.2918	 100.00	   2.75
    610	400145	     51	   32.0	13046.0	12982.3	 0.2922	 100.00	   2.75
    611	400145	     51	   22.0	13046.0	12982.4	 0.2923	 100.00	   2.75
    612	400145	     51	   28.0	13046.0	12982.5	 0.2922	 100.00	   2.75
    613	400145	     51	   13.0	13051.0	12982.6	 0.2923	 100.00	   2.75
    614	400145	     51	   24.0	13059.0	12982.7	 0.2922	 100.00	   2.75
    615	400145	     51	   37.0	13048.0	12982.8	 0.2923	 100.00	   2.75
    616	400145	     51	   20.0	13042.0	12982.9	 0.2923	 100.00	   2.75
    617	400145	     51	   18.0	13044.0	12983.0	 0.2922	 100.00	   2.75
    618	400145	     51	   20.0	13050.0	12983.1	 0.2922	 100.00	   2.75
    619	400145	     51	   17.0	13057.0	12983.2	 0.2922	 100.00	   2.75
    620	400145	     51	   30.0	13049.0	12983.3	 0.2922	 100.00	   2.75
    621	400145	     51	   23.0	13054.0	12983.4	 0.2922	 100.00	   2.75
    622	400145	     51	   18.0	13046.0	12983.5	 0.2922	 100.00	   2.75
    623	400145	     51	   28.0	13054.0	12983.7	 0.2921	 100.00	   2.75
    624	400145	     51	   22.0	13050.0	12983.8	 0.2924	 100.00	   2.75
    625	400145	     51	   23.0	13045.0	12983.9	 0.2925	 100.00	   2.75
    626	400145	     51	   18.0	13043.0	12984.0	 0.2926	 100.00	   2.75
    627	400145	     51	   21.0	13052.0	12984.1	 0.2926	 100.00	   2.75
    628	400145	     51	   24.0	13052.0	12984.2	 0.2926	 100.00	   2.75
    629	400145	     51	   22.0	13052.0	12984.3	 0.2925	 100.00	   2.75
    630	400145	     51	   16.0	13052.0	12984.4	 0.2927	 100.00	   2.75
    631	400145	     51	   19.0	13051.0	12984.5	 0.2927	 100.00	   2.75
    632	400145	     51	   18.0	13047.0	12984.6	 0.2927	 100.00	   2.75
    633	400145	     51	   18.0	13053.0	12984.7	 0.2926	 100.00	   2.75
    634	400145	     51	   23.0	13044.0	12984.8	 0.2928	 100.00	   2.75
    635	400145	     51	   21.0	13051.0	12984.9	 0.2928	 100.00	   2.75
    636	400145	     51	   17.0	13044.0	12985.0	 0.2927	 100.00	   2.75
    637	400145	     51	   17.0	13039.0	12985.1	 0.2928	 100.00	   2.75
    638	400145	     51	   26.0	13051.0	12985.2	 0.2927	 100.00	   2.75
    639	400145	     51	   27.0	13048.0	12985.3	 0.2928	 100.00	   2.75
    640	400145	     51	   26.0	13044.0	12985.4	 0.2929	 100.00	   2.75
    641	400145	     51	   17.0	13049.0	12985.5	 0.2929	 100.00	   2.75
    642	400145	     51	   24.0	13053.0	12985.6	 0.2930	 100.00	   2.75
    643	400145	     51	   15.0	13052.0	12985.7	 0.2930	 100.00	   2.75
    644	400145	     51	   25.0	13059.0	12985.8	 0.2930	 100.00	   2.75
    645	400145	     51	   21.0	13052.0	12985.9	 0.2930	 100.00	   2.75
    646	400145	     51	   23.0	13057.0	12986.0	 0.2931	 100.00	   2.75
    647	400145	     51	   14.0	13057.0	12986.1	 0.2931	 100.00	   2.75
    648	400145	     51	   15.0	13052.0	12986.2	 0.2930	 100.00	   2.75
    649	400145	     51	   15.0	13049.0	12986.3	 0.2931	 100.00	   2.75
    650	400145	     51	   22.0	13053.0	12986.4	 0.2933	 100.00	   2.75
    651	400145	     51	   27.0	13046.0	12986.5	 0.2933	 100.00	   2.76
    652	400145	     51	   32.0	13060.0	12986.6	 0.2935	 100.00	   2.76
    653	400145	     51	   22.0	13054.0	12986.7	 0.2934	 100.00	   2.76
    654	400145	     51	   22.0	13046.0	12986.8	 0.2935	 100.00	   2.76
    655	400145	     51	   27.0	13055.0	12986.9	 0.2935	 100.00	   2.76
    656	400145	     51	   23.0	13038.0	12987.0	 0.2938	 100.00	   2.76
    657	400145	     51	   16.0	13040.0	12987.1	 0.2939	 100.00	   2.76
    658	400145	     51	   21.0	13043.0	12987.2	 0.2938	 100.00	   2.76
    659	400145	     51	   17.0	13040.0	12987.2	 0.2939	 100.00	   2.76
    660	400145	     51	   21.0	13043.0	12987.3	 0.2939	 100.00	   2.76
    661	400145	     51	   24.0	13053.0	12987.4	 0.2940	 100.00	   2.76
    662	400145	     51	   18.0	13047.0	12987.5	 0.2939	 100.00	   2.76
    663	400145	     51	   25.0	13044.0	12987.6	 0.2939	 100.00	   2.76
    664	400145	     51	   17.0	13045.0	12987.7	 0.2939	 100.00	   2.76
    665	400145	     51	   23.0	13046.0	12987.8	 0.2938	 100.00	   2.76
    666	400145	     51	   30.0	13042.0	12987.9	 0.2939	 100.00	   2.76
    667	400145	     51	   17.0	13045.0	12987.9	 0.2938	 100.00	   2.76
    668	400145	     51	   15.0	13048.0	12988.0	 0.2939	 100.00	   2.76
    669	400145	     51	   24.0	13052.0	12988.1	 0.2939	 100.00	   2.76
    670	400145	     51	   25.0	13041.0	12988.2	 0.2941	 100.00	   2.76
    671	400145	     51	   21.0	13052.0	12988.3	 0.2940	 100.00	   2.76
    672	400145	     51	   28.0	13046.0	12988.4	 0.2941	 100.00	   2.76
    673	400145	     51	   21.0	13051.0	12988.5	 0.2941	 100.00	   2.76
    674	400145	     51	   19.0	13044.0	12988.6	 0.2942	 100.00	   2.76
    675	400145	     51	   24.0	13050.0	12988.6	 0.2942	 100.00	   2.76
    676	400145	     51	   23.0	13047.0	12988.7	 0.2943	 100.00	   2.76
    677	400145	     51	   29.0	13040.0	12988.8	 0.2942	 100.00	   2.76
    678	400145	     51	   20.0	13044.0	12988.9	 0.2941	 100.00	   2.76
    679	400145	     51	   23.0	13047.0	12989.0	 0.2942	 100.00	   2.76
    680	400145	     51	   24.0	13045.0	12989.1	 0.2943	 100.00	   2.76
    681	400145	     51	   23.0	13046.0	12989.1	 0.2945	 100.00	   2.76
    682	400145	     51	   28.0	13036.0	12989.2	 0.2944	 100.00	   2.76
    683	400145	     51	   15.0	13045.0	12989.3	 0.2945	 100.00	   2.76
    684	400145	     51	   21.0	13046.0	12989.4	 0.2946	 100.00	   2.76
    685	400145	     51	   17.0	13057.0	12989.5	 0.2945	 100.00	   2.76
    686	400145	     51	   22.0	13045.0	12989.6	 0.2944	 100.00	   2.76
    687	400145	     51	   18.0	13051.0	12989.6	 0.2944	 100.00	   2.76
    688	400145	     51	   18.0	13047.0	12989.7	 0.2946	 100.00	   2.76
    689	400145	     51	   27.0	13038.0	12989.8	 0.2946	 100.00	   2.76
    690	400145	     51	   12.0	13046.0	12989.9	 0.2946	 100.00	   2.76
    691	400145	     51	   17.0	13051.0	12990.0	 0.2946	 100.00	   2.76
    692	400145	     51	   25.0	13046.0	12990.0	 0.2947	 100.00	   2.76
    693	400145	     51	   18.0	13050.0	12990.1	 0.2949	 100.00	   2.76
    694	400145	     51	   27.0	13051.0	12990.2	 0.2950	 100.00	   2.76
    695	400145	     51	   19.0	13054.0	12990.3	 0.2949	 100.00	   2.76
    696	400145	     51	   24.0	13052.0	12990.4	 0.2949	 100.00	   2.76
    697	400145	     51	   20.0	13040.0	12990.5	 0.2950	 100.00	   2.76
    698	400145	     51	   19.0	13039.0	12990.5	 0.2951	 100.00	   2.76
    699	400145	     51	   26.0	13045.0	12990.6	 0.2950	 100.00	   2.76
    700	400145	     51	   13.0	13046.0	12990.7	 0.2950	 100.00	   2.76
    701	400145	     51	   17.0	13049.0	12990.8	 0.2950	 100.00	   2.76
    702	400145	     51	   19.0	13044.0	12990.9	 0.2949	 100.00	   2.76
    703	400145	     51	   15.0	13045.0	12990.9	 0.2947	 100.00	   2.76
    704	400145	     51	   25.0	13042.0	12991.0	 0.2948	 100.00	   2.76
    705	400145	     51	   21.0	13043.0	12991.1	 0.2948	 100.00	   2.76
    706	400145	     51	   22.0	13049.0	12991.2	 0.2948	 100.00	   2.76
    707	400145	     51	   25.0	13046.0	12991.2	 0.2948	 100.00	   2.76
    708	400145	     51	   27.0	13051.0	12991.3	 0.2950	 100.00	   2.77
    709	400145	     51	   15.0	13046.0	12991.4	 0.2950	 100.00	   2.77
    710	400145	     51	   25.0	13049.0	12991.5	 0.2950	 100.00	   2.77
    711	400145	     51	   20.0	13051.0	12991.6	 0.2949	 100.00	   2.77
    712	400145	     51	   20.0	13041.0	12991.6	 0.2949	 100.00	   2.77
    713	400145	     51	   19.0	13046.0	12991.7	 0.2949	 100.00	   2.77
    714	400145	     51	   16.0	13044.0	12991.8	 0.2951	 100.00	   2.77
    715	400145	     51	   20.0	13052.0	12991.9	 0.2950	 100.00	   2.77
    716	400145	     51	   22.0	13040.0	12991.9	 0.2951	 100.00	   2.77
    717	400145	     51	   21.0	13047.0	12992.0	 0.2951	 100.00	   2.77
    718	400145	     51	   18.0	13043.0	12992.1	 0.2950	 100.00	   2.77
    719	400145	     51	   25.0	13054.0	12992.2	 0.2950	 100.00	   2.77
    720	400145	     51	   15.0	13049.0	12992.2	 0.2950	 100.00	   2.77
    721	400145	     51	   20.0	13047.0	12992.3	 0.2951	 100.00	   2.77
    722	400145	     51	   24.0	13047.0	12992.4	 0.2952	 100.00	   2.77
    723	400145	     51	   17.0	13052.0	12992.5	 0.2952	 100.00	   2.77
    724	400145	     51	   25.0	13043.0	12992.6	 0.2952	 100.00	   2.77
    725	400145	     51	   19.0	13054.0	12992.6	 0.2952	 100.00	   2.77
    726	400145	     51	   26.0	13048.0	12992.7	 0.2954	 100.00	   2.77
    727	400145	     51	    7.0	13047.0	12992.8	 0.2952	 100.00	   2.77
    728	400145	     51	   25.0	13048.0	12992.9	 0.2951	 100.00	   2.77
    729	400145	     51	   21.0	13051.0	12992.9	 0.2951	 100.00	   2.77
    730	400145	     51	   22.0	13047.0	12993.0	 0.2951	 100.00	   2.77
    731	400145	     51	   21.0	13046.0	12993.1	 0.2952	 100.00	   2.77
    732	400145	     51	   25.0	13051.0	12993.2	 0.2954	 100.00	   2.77
    733	400145	     51	   23.0	13044.0	12993.2	 0.2955	 100.00	   2.77
    734	400145	     51	   23.0	13047.0	12993.3	 0.2954	 100.00	   2.77
    735	400145	     51	   20.0	13051.0	12993.4	 0.2956	 100.00	   2.77
    736	400145	     51	   24.0	13045.0	12993.5	 0.2958	 100.00	   2.77
    737	400145	     51	   23.0	13052.0	12993.5	 0.2959	 100.00	   2.77
    738	400145	     51	   26.0	13050.0	12993.6	 0.2961	 100.00	   2.77
    739	400145	     51	   22.0	13042.0	12993.7	 0.2960	 100.00	   2.77
    740	400145	     51	   22.0	13048.0	12993.8	 0.2961	 100.00	   2.77
    741	400145	     51	   21.0	13045.0	12993.8	 0.2962	 100.00	   2.77
    742	400145	     51	   22.0	13047.0	12993.9	 0.2961	 100.00	   2.77
    743	400145	     51	   22.0	13055.0	12994.0	 0.2962	 100.00	   2.77
    744	400145	     51	   16.0	13045.0	12994.0	 0.2962	 100.00	   2.77
    745	400145	     51	   22.0	13039.0	12994.1	 0.2963	 100.00	   2.77
    746	400145	     51	   26.0	13051.0	12994.2	 0.2964	 100.00	   2.77
    747	400145	     51	   21.0	13050.0	12994.3	 0.2964	 100.00	   2.77
    748	400145	     51	   25.0	13035.0	12994.3	 0.2965	 100.00	   2.77
    749	400145	     51	   21.0	13046.0	12994.4	 0.2964	 100.00	   2.77
    750	400145	     51	   28.0	13052.0	12994.5	 0.2964	 100.00	   2.77
    751	400145	     51	   16.0	13048.0	12994.5	 0.2964	 100.00	   2.77
    752	400145	     51	   18.0	13048.0	12994.6	 0.2966	 100.00	   2.77
    753	400145	     51	   24.0	13042.0	12994.7	 0.2966	 100.00	   2.77
    754	400145	     51	   24.0	13050.0	12994.7	 0.2966	 100.00	   2.77
    755	400145	     51	   21.0	13051.0	12994.8	 0.2967	 100.00	   2.77
