./asc:main.c:294: warning: auxv random bytes were not cleared
  Round	    PC	Excited	Hamming	   Loss	 Regret	    MSE	  Error	   MIPS
      0	40010c	     60	12746.0	12746.0	12746.0	 0.2392	 100.00	0.05685
      1	400142	     60	  308.0	13046.0	 6523.0	 0.2705	 100.00	0.11897
      2	400142	     60	   21.0	13045.0	 4348.3	 0.2779	 100.00	0.18608
      3	400142	     60	   27.0	13048.0	 3262.0	 0.2726	 100.00	0.25470
      4	400142	     60	   25.0	13045.0	 5218.6	 0.2858	 100.00	0.31446
      5	400142	     60	   24.0	13049.0	 6523.7	 0.2891	 100.00	0.37316
      6	400142	     60	   27.0	13042.0	 7454.9	 0.2927	 100.00	0.42944
      7	400142	     60	   23.0	13047.0	 8153.9	 0.3008	 100.00	0.48392
      8	400142	     60	   16.0	13045.0	 8697.3	 0.2988	 100.00	0.53577
      9	400142	     60	   24.0	13049.0	 9132.5	 0.3006	 100.00	0.58551
     10	400142	     60	   19.0	13050.0	 9488.6	 0.2950	 100.00	0.63387
     11	400142	     60	   27.0	13047.0	 9785.2	 0.2988	 100.00	0.67795
     12	400142	     60	   28.0	13043.0	10035.8	 0.2950	 100.00	0.72206
     13	400142	     60	   18.0	13043.0	10250.6	 0.2926	 100.00	0.76447
     14	400142	     60	   24.0	13045.0	10436.9	 0.2857	 100.00	0.80532
     15	400142	     60	   20.0	13053.0	10600.4	 0.2821	 100.00	0.84466
     16	400142	     60	   27.0	13046.0	10744.2	 0.2818	 100.00	0.88369
     17	400142	     60	   16.0	13046.0	10872.1	 0.2810	 100.00	0.92080
     18	400142	     60	   24.0	13046.0	10986.5	 0.2786	 100.00	0.95511
     19	400142	     60	   28.0	13050.0	11089.7	 0.2816	 100.00	0.98994
     20	400142	     60	   24.0	13050.0	11183.0	 0.2838	 100.00	   1.02
     21	400142	     60	   19.0	13045.0	11267.7	 0.2848	 100.00	   1.05
     22	400142	     60	   28.0	13045.0	11345.0	 0.2834	 100.00	   1.08
     23	400142	     60	   18.0	13049.0	11416.0	 0.2799	 100.00	   1.11
     24	400142	     60	   23.0	13036.0	11480.8	 0.2792	 100.00	   1.14
     25	400142	     60	   18.0	13044.0	11540.9	 0.2800	 100.00	   1.17
     26	400142	     60	   27.0	13045.0	11596.6	 0.2812	 100.00	   1.20
     27	400142	     60	   13.0	13042.0	11648.2	 0.2849	 100.00	   1.23
     28	400142	     60	   28.0	13050.0	11696.6	 0.2878	 100.00	   1.25
     29	400142	     60	   23.0	13049.0	11741.6	 0.2864	 100.00	   1.28
     30	400142	     60	   12.0	13049.0	11783.8	 0.2859	 100.00	   1.30
     31	400142	     60	   24.0	13047.0	11823.3	 0.2813	 100.00	   1.32
     32	400142	     60	   18.0	13045.0	11860.3	 0.2806	 100.00	   1.35
     33	400142	     60	   21.0	13050.0	11895.3	 0.2794	 100.00	   1.37
     34	400142	     60	   24.0	13044.0	11928.1	 0.2778	 100.00	   1.39
     35	400142	     60	   21.0	13045.0	11959.1	 0.2765	 100.00	   1.41
     36	400142	     60	   23.0	13044.0	11988.5	 0.2741	 100.00	   1.43
     37	400142	     60	   23.0	13049.0	12016.4	 0.2732	 100.00	   1.45
     38	400142	     60	   17.0	13048.0	12042.8	 0.2726	 100.00	   1.47
     39	400142	     60	   23.0	13049.0	12068.0	 0.2726	 100.00	   1.49
     40	400142	     60	   21.0	13048.0	12091.9	 0.2704	 100.00	   1.51
     41	400142	     60	   20.0	13044.0	12114.5	 0.2708	 100.00	   1.53
     42	400142	     60	   20.0	13046.0	12136.2	 0.2688	 100.00	   1.55
     43	400142	     60	   18.0	13048.0	12156.9	 0.2685	 100.00	   1.56
     44	400142	     60	   29.0	13043.0	12176.6	 0.2680	 100.00	   1.58
     45	400142	     60	   17.0	13050.0	12195.6	 0.2667	 100.00	   1.60
     46	400142	     60	   20.0	13048.0	12213.7	 0.2657	 100.00	   1.61
     47	400142	     60	   17.0	13045.0	12231.1	 0.2651	 100.00	   1.63
     48	400142	     60	   24.0	13045.0	12247.7	 0.2658	 100.00	   1.64
     49	400142	     60	   22.0	13047.0	12263.7	 0.2663	 100.00	   1.66
     50	400142	     60	   23.0	13042.0	12278.9	 0.2660	 100.00	   1.67
     51	400142	     60	   18.0	13048.0	12293.7	 0.2673	 100.00	   1.69
     52	400142	     60	   26.0	13044.0	12307.9	 0.2675	 100.00	   1.70
     53	400142	     60	   20.0	13044.0	12321.5	 0.2671	 100.00	   1.71
     54	400142	     60	   25.0	13045.0	12334.7	 0.2667	 100.00	   1.73
     55	400142	     60	   23.0	13052.0	12347.5	 0.2672	 100.00	   1.74
     56	400142	     60	   21.0	13049.0	12359.8	 0.2664	 100.00	   1.75
     57	400142	     60	   21.0	13046.0	12371.6	 0.2653	 100.00	   1.76
     58	400142	     60	   21.0	13051.0	12383.1	 0.2630	 100.00	   1.78
     59	400142	     60	   18.0	13049.0	12394.2	 0.2615	 100.00	   1.79
     60	400142	     60	   22.0	13055.0	12405.0	 0.2614	 100.00	   1.80
     61	400142	     60	   17.0	13048.0	12415.4	 0.2610	 100.00	   1.81
     62	400142	     60	   24.0	13048.0	12425.5	 0.2625	 100.00	   1.82
     63	400142	     60	   19.0	13049.0	12435.2	 0.2620	 100.00	   1.83
     64	400142	     60	   17.0	13048.0	12444.6	 0.2626	 100.00	   1.85
     65	400142	     60	   20.0	13048.0	12453.8	 0.2629	 100.00	   1.86
     66	400142	     60	   21.0	13051.0	12462.7	 0.2631	 100.00	   1.87
     67	400142	     60	   29.0	13048.0	12471.3	 0.2623	 100.00	   1.88
     68	400142	     60	   15.0	13043.0	12479.6	 0.2626	 100.00	   1.89
     69	400142	     60	   13.0	13048.0	12487.7	 0.2623	 100.00	   1.90
     70	400142	     60	   22.0	13050.0	12495.6	 0.2622	 100.00	   1.91
     71	400142	     60	   17.0	13045.0	12503.2	 0.2621	 100.00	   1.92
     72	400142	     60	   22.0	13041.0	12510.6	 0.2621	 100.00	   1.93
     73	400142	     60	   20.0	13043.0	12517.8	 0.2619	 100.00	   1.94
     74	400142	     60	   22.0	13049.0	12524.9	 0.2620	 100.00	   1.94
     75	400142	     60	   19.0	13050.0	12531.8	 0.2620	 100.00	   1.95
     76	400142	     60	   25.0	13049.0	12538.5	 0.2625	 100.00	   1.96
     77	400142	     60	   19.0	13046.0	12545.0	 0.2628	 100.00	   1.97
     78	400142	     60	   18.0	13050.0	12551.4	 0.2625	 100.00	   1.98
     79	400142	     60	   13.0	13047.0	12557.6	 0.2618	 100.00	   1.99
     80	400142	     60	   24.0	13051.0	12563.7	 0.2621	 100.00	   1.99
     81	400142	     60	   17.0	13052.0	12569.7	 0.2619	 100.00	   2.00
     82	400142	     60	   30.0	13046.0	12575.4	 0.2626	 100.00	   2.01
     83	400142	     60	   23.0	13049.0	12581.0	 0.2622	 100.00	   2.02
     84	400142	     60	   15.0	13044.0	12586.5	 0.2610	 100.00	   2.03
     85	400142	     60	   19.0	13045.0	12591.8	 0.2598	 100.00	   2.03
     86	400142	     60	   18.0	13047.0	12597.0	 0.2592	 100.00	   2.04
     87	400142	     60	   15.0	13054.0	12602.2	 0.2600	 100.00	   2.05
     88	400142	     60	   25.0	13045.0	12607.2	 0.2603	 100.00	   2.06
     89	400142	     60	   21.0	13046.0	12612.1	 0.2597	 100.00	   2.06
     90	400142	     60	   20.0	13044.0	12616.8	 0.2588	 100.00	   2.07
     91	400142	     60	   18.0	13048.0	12621.5	 0.2586	 100.00	   2.08
     92	400142	     60	   20.0	13050.0	12626.1	 0.2581	 100.00	   2.08
     93	400142	     60	   18.0	13048.0	12630.6	 0.2569	 100.00	   2.09
     94	400142	     60	   13.0	13049.0	12635.0	 0.2565	 100.00	   2.10
     95	400142	     60	   24.0	13047.0	12639.3	 0.2564	 100.00	   2.10
     96	400142	     60	   16.0	13045.0	12643.5	 0.2561	 100.00	   2.11
     97	400142	     60	   20.0	13053.0	12647.7	 0.2563	 100.00	   2.12
     98	400142	     60	   19.0	13044.0	12651.7	 0.2564	 100.00	   2.12
     99	400142	     60	   17.0	13047.0	12655.6	 0.2556	 100.00	   2.13
    100	400142	     60	   23.0	13048.0	12659.5	 0.2547	 100.00	   2.14
    101	400142	     60	   17.0	13047.0	12663.3	 0.2541	 100.00	   2.14
    102	400142	     60	   19.0	13050.0	12667.1	 0.2546	 100.00	   2.15
    103	400142	     60	   30.0	13048.0	12670.7	 0.2539	 100.00	   2.15
    104	400142	     60	   17.0	13045.0	12674.3	 0.2532	 100.00	   2.16
    105	400142	     60	   21.0	13044.0	12677.8	 0.2535	 100.00	   2.16
    106	400142	     60	   22.0	13048.0	12681.2	 0.2541	 100.00	   2.17
    107	400142	     60	   16.0	13048.0	12684.6	 0.2533	 100.00	   2.18
    108	400142	     60	   26.0	13048.0	12688.0	 0.2529	 100.00	   2.18
    109	400142	     60	   30.0	13046.0	12691.2	 0.2537	 100.00	   2.19
    110	400142	     60	   18.0	13050.0	12694.5	 0.2536	 100.00	   2.19
    111	400142	     60	   24.0	13054.0	12697.7	 0.2532	 100.00	   2.20
    112	400142	     60	   18.0	13044.0	12700.7	 0.2533	 100.00	   2.20
    113	400142	     60	   20.0	13052.0	12703.8	 0.2527	 100.00	   2.21
    114	400142	     60	   21.0	13043.0	12706.8	 0.2525	 100.00	   2.21
    115	400142	     60	   11.0	13046.0	12709.7	 0.2528	 100.00	   2.22
    116	400142	     60	   25.0	13053.0	12712.6	 0.2529	 100.00	   2.22
    117	400142	     60	   20.0	13051.0	12715.5	 0.2532	 100.00	   2.23
    118	400142	     60	   24.0	13055.0	12718.3	 0.2531	 100.00	   2.23
    119	400142	     60	   24.0	13047.0	12721.1	 0.2525	 100.00	   2.24
    120	400142	     60	   18.0	13051.0	12723.8	 0.2523	 100.00	   2.24
    121	400142	     60	   24.0	13049.0	12726.5	 0.2523	 100.00	   2.24
    122	400142	     60	   21.0	13050.0	12729.1	 0.2522	 100.00	   2.25
    123	400142	     60	   25.0	13045.0	12731.7	 0.2521	 100.00	   2.25
    124	400142	     60	   18.0	13045.0	12734.2	 0.2521	 100.00	   2.26
    125	400142	     60	   27.0	13048.0	12736.7	 0.2523	 100.00	   2.26
    126	400142	     60	   26.0	13050.0	12739.1	 0.2520	 100.00	   2.27
    127	400142	     60	   19.0	13049.0	12741.5	 0.2522	 100.00	   2.27
    128	400142	     60	   22.0	13045.0	12743.9	 0.2524	 100.00	   2.27
    129	400142	     60	   15.0	13048.0	12746.2	 0.2522	 100.00	   2.28
    130	400142	     60	   18.0	13048.0	12748.5	 0.2529	 100.00	   2.28
    131	400142	     60	   23.0	13051.0	12750.8	 0.2521	 100.00	   2.29
    132	400142	     60	   18.0	13049.0	12753.1	 0.2522	 100.00	   2.29
    133	400142	     60	   21.0	13048.0	12755.3	 0.2521	 100.00	   2.29
    134	400142	     60	   28.0	13052.0	12757.5	 0.2521	 100.00	   2.30
    135	400142	     60	   18.0	13052.0	12759.6	 0.2523	 100.00	   2.30
    136	400142	     60	   18.0	13048.0	12761.7	 0.2519	 100.00	   2.31
    137	400142	     60	   19.0	13051.0	12763.8	 0.2516	 100.00	   2.31
    138	400142	     60	   15.0	13050.0	12765.9	 0.2519	 100.00	   2.31
    139	400142	     60	   18.0	13046.0	12767.9	 0.2522	 100.00	   2.32
    140	400142	     60	   26.0	13052.0	12769.9	 0.2528	 100.00	   2.32
    141	400142	     60	   19.0	13045.0	12771.8	 0.2522	 100.00	   2.32
    142	400142	     60	   20.0	13047.0	12773.8	 0.2525	 100.00	   2.33
    143	400142	     60	   15.0	13050.0	12775.7	 0.2531	 100.00	   2.33
    144	400142	     60	   18.0	13042.0	12777.5	 0.2537	 100.00	   2.33
    145	400142	     60	   24.0	13048.0	12779.4	 0.2543	 100.00	   2.34
    146	400142	     60	   21.0	13049.0	12781.2	 0.2544	 100.00	   2.34
    147	400142	     60	   17.0	13052.0	12783.0	 0.2540	 100.00	   2.34
    148	400142	     60	   12.0	13052.0	12784.8	 0.2540	 100.00	   2.35
    149	400142	     60	   23.0	13049.0	12786.6	 0.2538	 100.00	   2.35
    150	400142	     60	   17.0	13044.0	12788.3	 0.2535	 100.00	   2.35
    151	400142	     60	   20.0	13052.0	12790.0	 0.2538	 100.00	   2.36
    152	400142	     60	   23.0	13047.0	12791.7	 0.2539	 100.00	   2.36
    153	400142	     60	   17.0	13052.0	12793.4	 0.2535	 100.00	   2.36
    154	400142	     60	   24.0	13050.0	12795.1	 0.2537	 100.00	   2.37
    155	400142	     60	   19.0	13047.0	12796.7	 0.2538	 100.00	   2.37
    156	400142	     60	   23.0	13050.0	12798.3	 0.2537	 100.00	   2.37
    157	400142	     60	   15.0	13049.0	12799.9	 0.2538	 100.00	   2.38
    158	400142	     60	   20.0	13047.0	12801.4	 0.2536	 100.00	   2.38
    159	400142	     60	   24.0	13051.0	12803.0	 0.2538	 100.00	   2.38
    160	400142	     60	   17.0	13050.0	12804.5	 0.2538	 100.00	   2.38
    161	400142	     60	   19.0	13049.0	12806.0	 0.2535	 100.00	   2.39
    162	400142	     60	   23.0	13052.0	12807.6	 0.2532	 100.00	   2.39
    163	400142	     60	   19.0	13053.0	12809.0	 0.2528	 100.00	   2.39
    164	400142	     60	   29.0	13046.0	12810.5	 0.2535	 100.00	   2.40
    165	400142	     60	   19.0	13051.0	12811.9	 0.2533	 100.00	   2.40
    166	400142	     60	   17.0	13050.0	12813.4	 0.2529	 100.00	   2.40
    167	400142	     60	   14.0	13050.0	12814.8	 0.2529	 100.00	   2.41
    168	400142	     60	   14.0	13048.0	12816.1	 0.2526	 100.00	   2.41
    169	400142	     60	   23.0	13041.0	12817.5	 0.2526	 100.00	   2.41
    170	400142	     60	   13.0	13048.0	12818.8	 0.2524	 100.00	   2.41
    171	400142	     60	   20.0	13046.0	12820.1	 0.2525	 100.00	   2.41
    172	400142	     60	   21.0	13047.0	12821.5	 0.2527	 100.00	   2.42
    173	400142	     60	   13.0	13048.0	12822.8	 0.2524	 100.00	   2.42
    174	400142	     60	   23.0	13053.0	12824.1	 0.2529	 100.00	   2.42
    175	400142	     60	   23.0	13046.0	12825.3	 0.2530	 100.00	   2.43
    176	400142	     60	   18.0	13046.0	12826.6	 0.2532	 100.00	   2.43
    177	400142	     60	   22.0	13044.0	12827.8	 0.2529	 100.00	   2.43
    178	400142	     60	   18.0	13044.0	12829.0	 0.2531	 100.00	   2.43
    179	400142	     60	   12.0	13052.0	12830.2	 0.2529	 100.00	   2.44
    180	400142	     60	   24.0	13044.0	12831.4	 0.2528	 100.00	   2.44
    181	400142	     60	   24.0	13046.0	12832.6	 0.2527	 100.00	   2.44
    182	400142	     60	   21.0	13049.0	12833.8	 0.2527	 100.00	   2.44
    183	400142	     60	   18.0	13049.0	12835.0	 0.2523	 100.00	   2.45
    184	400142	     60	   19.0	13048.0	12836.1	 0.2523	 100.00	   2.45
    185	400142	     60	   23.0	13047.0	12837.2	 0.2527	 100.00	   2.45
    186	400142	     60	   24.0	13045.0	12838.4	 0.2525	 100.00	   2.45
    187	400142	     60	   21.0	13046.0	12839.5	 0.2521	 100.00	   2.46
    188	400142	     60	   23.0	13043.0	12840.5	 0.2519	 100.00	   2.46
    189	400142	     60	   15.0	13046.0	12841.6	 0.2516	 100.00	   2.46
    190	400142	     60	   24.0	13050.0	12842.7	 0.2513	 100.00	   2.46
    191	400142	     60	   18.0	13048.0	12843.8	 0.2518	 100.00	   2.46
    192	400142	     60	   20.0	13044.0	12844.8	 0.2514	 100.00	   2.47
    193	400142	     60	   18.0	13048.0	12845.9	 0.2513	 100.00	   2.47
    194	400142	     60	   22.0	13050.0	12846.9	 0.2513	 100.00	   2.47
    195	400142	     60	   25.0	13047.0	12847.9	 0.2510	 100.00	   2.47
    196	400142	     60	   24.0	13045.0	12848.9	 0.2511	 100.00	   2.47
    197	400142	     60	   16.0	13049.0	12849.9	 0.2516	 100.00	   2.48
    198	400142	     60	   24.0	13047.0	12850.9	 0.2517	 100.00	   2.48
    199	400142	     60	   23.0	13050.0	12851.9	 0.2518	 100.00	   2.48
    200	400142	     60	   23.0	13047.0	12852.9	 0.2520	 100.00	   2.48
    201	400142	     60	   15.0	13048.0	12853.9	 0.2516	 100.00	   2.49
    202	400142	     60	   19.0	13047.0	12854.8	 0.2520	 100.00	   2.49
    203	400142	     60	   18.0	13047.0	12855.8	 0.2517	 100.00	   2.49
    204	400142	     60	   20.0	13047.0	12856.7	 0.2516	 100.00	   2.49
    205	400142	     60	   30.0	13049.0	12857.6	 0.2519	 100.00	   2.49
    206	400142	     60	   21.0	13046.0	12858.5	 0.2517	 100.00	   2.50
    207	400142	     60	   18.0	13046.0	12859.4	 0.2517	 100.00	   2.50
    208	400142	     60	   19.0	13043.0	12860.3	 0.2514	 100.00	   2.50
    209	400142	     60	   23.0	13048.0	12861.2	 0.2508	 100.00	   2.50
    210	400142	     60	   21.0	13041.0	12862.1	 0.2507	 100.00	   2.50
    211	400142	     60	   22.0	13045.0	12862.9	 0.2510	 100.00	   2.50
    212	400142	     60	   20.0	13045.0	12863.8	 0.2509	 100.00	   2.51
    213	400142	     60	   25.0	13046.0	12864.6	 0.2505	 100.00	   2.51
    214	400142	     60	   20.0	13044.0	12865.5	 0.2507	 100.00	   2.51
    215	400142	     60	   20.0	13048.0	12866.3	 0.2507	 100.00	   2.51
    216	400142	     60	   26.0	13044.0	12867.1	 0.2505	 100.00	   2.51
    217	400142	     60	   16.0	13046.0	12867.9	 0.2503	 100.00	   2.51
    218	400142	     60	   31.0	13049.0	12868.8	 0.2503	 100.00	   2.52
    219	400142	     60	   16.0	13045.0	12869.6	 0.2505	 100.00	   2.52
    220	400142	     60	   19.0	13046.0	12870.4	 0.2504	 100.00	   2.52
    221	400142	     60	   18.0	13048.0	12871.2	 0.2502	 100.00	   2.52
    222	400142	     60	   19.0	13049.0	12872.0	 0.2500	 100.00	   2.52
    223	400142	     60	   18.0	13053.0	12872.8	 0.2500	 100.00	   2.52
    224	400142	     60	   18.0	13043.0	12873.5	 0.2503	 100.00	   2.53
    225	400142	     60	   20.0	13051.0	12874.3	 0.2500	 100.00	   2.53
    226	400142	     60	   21.0	13048.0	12875.1	 0.2496	 100.00	   2.53
    227	400142	     60	   20.0	13052.0	12875.9	 0.2492	 100.00	   2.53
    228	400142	     60	   26.0	13048.0	12876.6	 0.2494	 100.00	   2.53
    229	400142	     60	   22.0	13048.0	12877.4	 0.2493	 100.00	   2.53
    230	400142	     60	   21.0	13053.0	12878.1	 0.2493	 100.00	   2.54
    231	400142	     60	   25.0	13052.0	12878.9	 0.2491	 100.00	   2.54
    232	400142	     60	   26.0	13054.0	12879.6	 0.2492	 100.00	   2.54
    233	400142	     60	   23.0	13047.0	12880.3	 0.2493	 100.00	   2.54
    234	400142	     60	   18.0	13053.0	12881.1	 0.2491	 100.00	   2.54
    235	400142	     60	   13.0	13052.0	12881.8	 0.2491	 100.00	   2.54
    236	400142	     60	   18.0	13050.0	12882.5	 0.2496	 100.00	   2.55
    237	400142	     60	   12.0	13054.0	12883.2	 0.2496	 100.00	   2.55
    238	400142	     60	   16.0	13054.0	12883.9	 0.2494	 100.00	   2.55
    239	400142	     60	   17.0	13053.0	12884.6	 0.2493	 100.00	   2.55
    240	400142	     60	   19.0	13054.0	12885.3	 0.2492	 100.00	   2.55
    241	400142	     60	   15.0	13055.0	12886.0	 0.2490	 100.00	   2.55
    242	400142	     60	   25.0	13046.0	12886.7	 0.2493	 100.00	   2.55
    243	400142	     60	   15.0	13051.0	12887.4	 0.2491	 100.00	   2.56
    244	400142	     60	   21.0	13050.0	12888.0	 0.2489	 100.00	   2.56
    245	400142	     60	   20.0	13052.0	12888.7	 0.2488	 100.00	   2.56
    246	400142	     60	   28.0	13044.0	12889.3	 0.2493	 100.00	   2.56
    247	400142	     60	   20.0	13050.0	12890.0	 0.2490	 100.00	   2.56
    248	400142	     60	   20.0	13046.0	12890.6	 0.2488	 100.00	   2.56
    249	400142	     60	   23.0	13045.0	12891.2	 0.2490	 100.00	   2.56
    250	400142	     60	   18.0	13049.0	12891.9	 0.2490	 100.00	   2.57
    251	400142	     60	   19.0	13048.0	12892.5	 0.2486	 100.00	   2.57
    252	400142	     60	   19.0	13051.0	12893.1	 0.2486	 100.00	   2.57
    253	400142	     60	   17.0	13054.0	12893.7	 0.2485	 100.00	   2.57
    254	400142	     60	   19.0	13051.0	12894.4	 0.2485	 100.00	   2.57
    255	400142	     60	   13.0	13050.0	12895.0	 0.2486	 100.00	   2.57
    256	400142	     60	   23.0	13045.0	12895.5	 0.2485	 100.00	   2.57
    257	400142	     60	   20.0	13045.0	12896.1	 0.2484	 100.00	   2.58
    258	400142	     60	   17.0	13050.0	12896.7	 0.2484	 100.00	   2.58
    259	400142	     60	   19.0	13051.0	12897.3	 0.2479	 100.00	   2.58
    260	400142	     60	   20.0	13049.0	12897.9	 0.2481	 100.00	   2.58
    261	400142	     60	   11.0	13050.0	12898.5	 0.2479	 100.00	   2.58
    262	400142	     60	   19.0	13049.0	12899.0	 0.2478	 100.00	   2.58
    263	400142	     60	   23.0	13052.0	12899.6	 0.2476	 100.00	   2.58
    264	400142	     60	   18.0	13050.0	12900.2	 0.2472	 100.00	   2.58
    265	400142	     60	   15.0	13043.0	12900.7	 0.2469	 100.00	   2.59
    266	400142	     60	   21.0	13050.0	12901.3	 0.2470	 100.00	   2.59
    267	400142	     60	   24.0	13050.0	12901.8	 0.2471	 100.00	   2.59
    268	400142	     60	   28.0	13050.0	12902.4	 0.2473	 100.00	   2.59
    269	400142	     60	   20.0	13050.0	12902.9	 0.2471	 100.00	   2.59
    270	400142	     60	   17.0	13053.0	12903.5	 0.2468	 100.00	   2.59
    271	400142	     60	   14.0	13051.0	12904.0	 0.2468	 100.00	   2.59
    272	400142	     60	   18.0	13049.0	12904.6	 0.2469	 100.00	   2.59
    273	400142	     60	   14.0	13053.0	12905.1	 0.2470	 100.00	   2.60
    274	400142	     60	   13.0	13050.0	12905.6	 0.2469	 100.00	   2.60
    275	400142	     60	   17.0	13049.0	12906.2	 0.2466	 100.00	   2.60
    276	400142	     60	   18.0	13051.0	12906.7	 0.2463	 100.00	   2.60
    277	400142	     60	   24.0	13051.0	12907.2	 0.2461	 100.00	   2.60
    278	400142	     60	   14.0	13045.0	12907.7	 0.2461	 100.00	   2.60
    279	400142	     60	   18.0	13053.0	12908.2	 0.2461	 100.00	   2.60
    280	400142	     60	   22.0	13051.0	12908.7	 0.2460	 100.00	   2.60
    281	400142	     60	   14.0	13049.0	12909.2	 0.2458	 100.00	   2.60
    282	400142	     60	   25.0	13052.0	12909.7	 0.2458	 100.00	   2.61
    283	400142	     60	   19.0	13049.0	12910.2	 0.2458	 100.00	   2.61
    284	400142	     60	   19.0	13046.0	12910.7	 0.2461	 100.00	   2.61
    285	400142	     60	   23.0	13049.0	12911.2	 0.2460	 100.00	   2.61
    286	400142	     60	   22.0	13047.0	12911.6	 0.2461	 100.00	   2.61
    287	400142	     60	   24.0	13047.0	12912.1	 0.2460	 100.00	   2.61
    288	400142	     60	   19.0	13044.0	12912.6	 0.2459	 100.00	   2.61
    289	400142	     60	   20.0	13048.0	12913.0	 0.2457	 100.00	   2.61
    290	400142	     60	   25.0	13055.0	12913.5	 0.2459	 100.00	   2.61
    291	400142	     60	   18.0	13053.0	12914.0	 0.2459	 100.00	   2.61
    292	400142	     60	   26.0	13049.0	12914.5	 0.2457	 100.00	   2.62
    293	400142	     60	   22.0	13055.0	12914.9	 0.2459	 100.00	   2.62
    294	400142	     60	   22.0	13051.0	12915.4	 0.2459	 100.00	   2.62
    295	400142	     60	   18.0	13053.0	12915.9	 0.2457	 100.00	   2.62
    296	400142	     60	   17.0	13048.0	12916.3	 0.2456	 100.00	   2.62
    297	400142	     60	   26.0	13048.0	12916.8	 0.2456	 100.00	   2.62
    298	400142	     60	   14.0	13048.0	12917.2	 0.2454	 100.00	   2.62
    299	400142	     60	   12.0	13050.0	12917.6	 0.2452	 100.00	   2.62
    300	400142	     60	   23.0	13051.0	12918.1	 0.2450	 100.00	   2.62
    301	400142	     60	   20.0	13051.0	12918.5	 0.2451	 100.00	   2.63
    302	400142	     60	   17.0	13054.0	12919.0	 0.2451	 100.00	   2.63
    303	400142	     60	   21.0	13053.0	12919.4	 0.2453	 100.00	   2.63
    304	400142	     60	   21.0	13050.0	12919.8	 0.2451	 100.00	   2.63
    305	400142	     60	   23.0	13047.0	12920.3	 0.2452	 100.00	   2.63
    306	400142	     60	   22.0	13053.0	12920.7	 0.2450	 100.00	   2.63
    307	400142	     60	   15.0	13052.0	12921.1	 0.2452	 100.00	   2.63
    308	400142	     60	   25.0	13047.0	12921.5	 0.2452	 100.00	   2.63
    309	400142	     60	   17.0	13052.0	12921.9	 0.2449	 100.00	   2.63
    310	400142	     60	   22.0	13050.0	12922.4	 0.2450	 100.00	   2.63
    311	400142	     60	   16.0	13054.0	12922.8	 0.2451	 100.00	   2.63
    312	400142	     60	   17.0	13051.0	12923.2	 0.2450	 100.00	   2.64
    313	400142	     60	   21.0	13054.0	12923.6	 0.2448	 100.00	   2.64
    314	400142	     60	   15.0	13049.0	12924.0	 0.2446	 100.00	   2.64
    315	400142	     60	   17.0	13052.0	12924.4	 0.2444	 100.00	   2.64
    316	400142	     60	   21.0	13047.0	12924.8	 0.2442	 100.00	   2.64
    317	400142	     60	   24.0	13057.0	12925.2	 0.2443	 100.00	   2.64
    318	400142	     60	   22.0	13051.0	12925.6	 0.2443	 100.00	   2.64
    319	400142	     60	   18.0	13049.0	12926.0	 0.2443	 100.00	   2.64
    320	400142	     60	   22.0	13051.0	12926.4	 0.2445	 100.00	   2.64
    321	400142	     60	   19.0	13052.0	12926.8	 0.2445	 100.00	   2.64
    322	400142	     60	   20.0	13046.0	12927.1	 0.2442	 100.00	   2.64
    323	400142	     60	   20.0	13052.0	12927.5	 0.2442	 100.00	   2.65
    324	400142	     60	   22.0	13048.0	12927.9	 0.2441	 100.00	   2.65
    325	400142	     60	   17.0	13051.0	12928.3	 0.2438	 100.00	   2.65
    326	400142	     60	   15.0	13052.0	12928.6	 0.2437	 100.00	   2.65
    327	400142	     60	   22.0	13050.0	12929.0	 0.2437	 100.00	   2.65
    328	400142	     60	   27.0	13045.0	12929.4	 0.2437	 100.00	   2.65
    329	400142	     60	   20.0	13047.0	12929.7	 0.2436	 100.00	   2.65
    330	400142	     60	   17.0	13046.0	12930.1	 0.2434	 100.00	   2.65
    331	400142	     60	   20.0	13042.0	12930.4	 0.2433	 100.00	   2.65
    332	400142	     60	   22.0	13046.0	12930.8	 0.2431	 100.00	   2.65
    333	400142	     60	   17.0	13047.0	12931.1	 0.2429	 100.00	   2.65
    334	400142	     60	   12.0	13047.0	12931.5	 0.2430	 100.00	   2.65
    335	400142	     60	   13.0	13052.0	12931.8	 0.2427	 100.00	   2.66
    336	400142	     60	   20.0	13048.0	12932.2	 0.2426	 100.00	   2.66
    337	400142	     60	   18.0	13052.0	12932.5	 0.2424	 100.00	   2.66
    338	400142	     60	   20.0	13044.0	12932.8	 0.2424	 100.00	   2.66
    339	400142	     60	   16.0	13042.0	12933.2	 0.2421	 100.00	   2.66
    340	400142	     60	   23.0	13047.0	12933.5	 0.2418	 100.00	   2.66
    341	400142	     60	   19.0	13050.0	12933.8	 0.2417	 100.00	   2.66
    342	400142	     60	   22.0	13046.0	12934.2	 0.2416	 100.00	   2.66
    343	400142	     60	   16.0	13048.0	12934.5	 0.2416	 100.00	   2.66
    344	400142	     60	   22.0	13044.0	12934.8	 0.2418	 100.00	   2.66
    345	400142	     60	   20.0	13046.0	12935.1	 0.2417	 100.00	   2.66
    346	400142	     60	   20.0	13044.0	12935.4	 0.2416	 100.00	   2.66
    347	400142	     60	   18.0	13048.0	12935.8	 0.2415	 100.00	   2.66
    348	400142	     60	   19.0	13057.0	12936.1	 0.2417	 100.00	   2.67
    349	400142	     60	   24.0	13043.0	12936.4	 0.2418	 100.00	   2.67
    350	400142	     60	   20.0	13051.0	12936.7	 0.2416	 100.00	   2.67
    351	400142	     60	   10.0	13049.0	12937.1	 0.2415	 100.00	   2.67
    352	400142	     60	   23.0	13044.0	12937.4	 0.2414	 100.00	   2.67
    353	400142	     60	   24.0	13054.0	12937.7	 0.2416	 100.00	   2.67
    354	400142	     60	   17.0	13045.0	12938.0	 0.2416	 100.00	   2.67
    355	400142	     60	   18.0	13051.0	12938.3	 0.2414	 100.00	   2.67
    356	400142	     60	   21.0	13050.0	12938.6	 0.2412	 100.00	   2.67
    357	400142	     60	   18.0	13054.0	12939.0	 0.2413	 100.00	   2.67
    358	400142	     60	   15.0	13055.0	12939.3	 0.2413	 100.00	   2.67
    359	400142	     60	   24.0	13045.0	12939.6	 0.2417	 100.00	   2.67
    360	400142	     60	   18.0	13047.0	12939.9	 0.2416	 100.00	   2.68
    361	400142	     60	   21.0	13046.0	12940.2	 0.2415	 100.00	   2.68
    362	400142	     60	   18.0	13046.0	12940.5	 0.2412	 100.00	   2.68
    363	400142	     60	   17.0	13053.0	12940.8	 0.2410	 100.00	   2.68
    364	400142	     60	   28.0	13049.0	12941.1	 0.2410	 100.00	   2.68
    365	400142	     60	   19.0	13046.0	12941.3	 0.2411	 100.00	   2.68
    366	400142	     60	   20.0	13048.0	12941.6	 0.2411	 100.00	   2.68
    367	400142	     60	   18.0	13056.0	12941.9	 0.2410	 100.00	   2.68
    368	400142	     60	   19.0	13047.0	12942.2	 0.2410	 100.00	   2.68
    369	400142	     60	   20.0	13047.0	12942.5	 0.2409	 100.00	   2.68
    370	400142	     60	   23.0	13050.0	12942.8	 0.2407	 100.00	   2.68
    371	400142	     60	   22.0	13042.0	12943.1	 0.2408	 100.00	   2.68
    372	400142	     60	   20.0	13046.0	12943.3	 0.2408	 100.00	   2.68
    373	400142	     60	   18.0	13046.0	12943.6	 0.2407	 100.00	   2.68
    374	400142	     60	   23.0	13043.0	12943.9	 0.2408	 100.00	   2.69
    375	400142	     60	   20.0	13047.0	12944.2	 0.2408	 100.00	   2.69
    376	400142	     60	   16.0	13047.0	12944.4	 0.2409	 100.00	   2.69
    377	400142	     60	   23.0	13048.0	12944.7	 0.2409	 100.00	   2.69
    378	400142	     60	   15.0	13047.0	12945.0	 0.2409	 100.00	   2.69
    379	400142	     60	   18.0	13045.0	12945.2	 0.2408	 100.00	   2.69
    380	400142	     60	   25.0	13050.0	12945.5	 0.2408	 100.00	   2.69
    381	400142	     60	   16.0	13048.0	12945.8	 0.2408	 100.00	   2.69
    382	400142	     60	   23.0	13049.0	12946.1	 0.2407	 100.00	   2.69
    383	400142	     60	   14.0	13047.0	12946.3	 0.2407	 100.00	   2.69
    384	400142	     60	   21.0	13044.0	12946.6	 0.2406	 100.00	   2.69
    385	400142	     60	   20.0	13050.0	12946.8	 0.2405	 100.00	   2.69
    386	400142	     60	   13.0	13049.0	12947.1	 0.2405	 100.00	   2.69
    387	400142	     60	   29.0	13048.0	12947.4	 0.2404	 100.00	   2.69
    388	400142	     60	   20.0	13048.0	12947.6	 0.2401	 100.00	   2.69
    389	400142	     60	   19.0	13051.0	12947.9	 0.2403	 100.00	   2.69
    390	400142	     60	   27.0	13048.0	12948.1	 0.2403	 100.00	   2.70
    391	400142	     60	   17.0	13053.0	12948.4	 0.2403	 100.00	   2.70
    392	400142	     60	   20.0	13047.0	12948.7	 0.2403	 100.00	   2.70
    393	400142	     60	   14.0	13049.0	12948.9	 0.2403	 100.00	   2.70
    394	400142	     60	   18.0	13049.0	12949.2	 0.2401	 100.00	   2.70
    395	400142	     60	   21.0	13050.0	12949.4	 0.2400	 100.00	   2.70
    396	400142	     60	   22.0	13046.0	12949.7	 0.2400	 100.00	   2.70
    397	400142	     60	   20.0	13048.0	12949.9	 0.2399	 100.00	   2.70
    398	400142	     60	   23.0	13055.0	12950.2	 0.2399	 100.00	   2.70
    399	400142	     60	   16.0	13051.0	12950.4	 0.2400	 100.00	   2.70
    400	400142	     60	   25.0	13048.0	12950.7	 0.2401	 100.00	   2.70
    401	400142	     60	   20.0	13050.0	12950.9	 0.2400	 100.00	   2.70
    402	400142	     60	   18.0	13048.0	12951.2	 0.2399	 100.00	   2.70
    403	400142	     60	   12.0	13046.0	12951.4	 0.2399	 100.00	   2.70
    404	400142	     60	   20.0	13048.0	12951.6	 0.2400	 100.00	   2.70
    405	400142	     60	   21.0	13051.0	12951.9	 0.2399	 100.00	   2.71
    406	400142	     60	   22.0	13049.0	12952.1	 0.2398	 100.00	   2.71
    407	400142	     60	   18.0	13053.0	12952.4	 0.2398	 100.00	   2.71
    408	400142	     60	   19.0	13048.0	12952.6	 0.2399	 100.00	   2.71
    409	400142	     60	   22.0	13050.0	12952.8	 0.2401	 100.00	   2.71
    410	400142	     60	   31.0	13049.0	12953.1	 0.2402	 100.00	   2.71
    411	400142	     60	   17.0	13046.0	12953.3	 0.2400	 100.00	   2.71
    412	400142	     60	   22.0	13048.0	12953.5	 0.2401	 100.00	   2.71
    413	400142	     60	   15.0	13047.0	12953.8	 0.2403	 100.00	   2.71
    414	400142	     60	   20.0	13049.0	12954.0	 0.2404	 100.00	   2.71
    415	400142	     60	   16.0	13043.0	12954.2	 0.2403	 100.00	   2.71
    416	400142	     60	   20.0	13043.0	12954.4	 0.2401	 100.00	   2.71
    417	400142	     60	   20.0	13047.0	12954.6	 0.2401	 100.00	   2.71
    418	400142	     60	   19.0	13044.0	12954.8	 0.2401	 100.00	   2.71
    419	400142	     60	   22.0	13048.0	12955.1	 0.2399	 100.00	   2.71
    420	400142	     60	   18.0	13042.0	12955.3	 0.2398	 100.00	   2.71
    421	400142	     60	   15.0	13043.0	12955.5	 0.2397	 100.00	   2.71
    422	400142	     60	   21.0	13052.0	12955.7	 0.2396	 100.00	   2.72
    423	400142	     60	   21.0	13049.0	12955.9	 0.2395	 100.00	   2.72
    424	400142	     60	   16.0	13045.0	12956.1	 0.2394	 100.00	   2.72
    425	400142	     60	   17.0	13044.0	12956.3	 0.2393	 100.00	   2.72
    426	400142	     60	   21.0	13047.0	12956.6	 0.2392	 100.00	   2.72
    427	400142	     60	   19.0	13048.0	12956.8	 0.2393	 100.00	   2.72
    428	400142	     60	   19.0	13045.0	12957.0	 0.2392	 100.00	   2.72
    429	400142	     60	   21.0	13048.0	12957.2	 0.2391	 100.00	   2.72
    430	400142	     60	   19.0	13051.0	12957.4	 0.2390	 100.00	   2.72
    431	400142	     60	   24.0	13045.0	12957.6	 0.2388	 100.00	   2.72
    432	400142	     60	   21.0	13046.0	12957.8	 0.2388	 100.00	   2.72
    433	400142	     60	   19.0	13043.0	12958.0	 0.2386	 100.00	   2.72
    434	400142	     60	   18.0	13039.0	12958.2	 0.2385	 100.00	   2.72
    435	400142	     60	   31.0	13056.0	12958.4	 0.2390	 100.00	   2.72
    436	400142	     60	   23.0	13049.0	12958.6	 0.2389	 100.00	   2.72
    437	400142	     60	   22.0	13055.0	12958.8	 0.2388	 100.00	   2.72
    438	400142	     60	   22.0	13049.0	12959.1	 0.2390	 100.00	   2.72
    439	400142	     60	   19.0	13056.0	12959.3	 0.2388	 100.00	   2.72
    440	400142	     60	   14.0	13052.0	12959.5	 0.2388	 100.00	   2.72
    441	400142	     60	   27.0	13051.0	12959.7	 0.2389	 100.00	   2.73
    442	400142	     60	   25.0	13050.0	12959.9	 0.2388	 100.00	   2.73
    443	400142	     60	   18.0	13046.0	12960.1	 0.2388	 100.00	   2.73
    444	400142	     60	   18.0	13052.0	12960.3	 0.2388	 100.00	   2.73
    445	400142	     60	   10.0	13052.0	12960.5	 0.2389	 100.00	   2.73
    446	400142	     60	   22.0	13052.0	12960.7	 0.2388	 100.00	   2.73
    447	400142	     60	   17.0	13051.0	12960.9	 0.2384	 100.00	   2.73
    448	400142	     60	   24.0	13041.0	12961.1	 0.2384	 100.00	   2.73
    449	400142	     60	   20.0	13055.0	12961.3	 0.2384	 100.00	   2.73
    450	400142	     60	   17.0	13052.0	12961.5	 0.2383	 100.00	   2.73
    451	400142	     60	   26.0	13052.0	12961.7	 0.2382	 100.00	   2.73
    452	400142	     60	   18.0	13044.0	12961.9	 0.2381	 100.00	   2.73
    453	400142	     60	   18.0	13050.0	12962.1	 0.2381	 100.00	   2.73
    454	400142	     60	   23.0	13051.0	12962.3	 0.2381	 100.00	   2.73
    455	400142	     60	   13.0	13050.0	12962.5	 0.2380	 100.00	   2.73
    456	400142	     60	   21.0	13045.0	12962.6	 0.2379	 100.00	   2.73
    457	400142	     60	   24.0	13051.0	12962.8	 0.2377	 100.00	   2.73
    458	400142	     60	   17.0	13048.0	12963.0	 0.2377	 100.00	   2.73
    459	400142	     60	   15.0	13051.0	12963.2	 0.2377	 100.00	   2.73
    460	400142	     60	   16.0	13049.0	12963.4	 0.2376	 100.00	   2.73
    461	400142	     60	   21.0	13046.0	12963.6	 0.2377	 100.00	   2.74
    462	400142	     60	   23.0	13049.0	12963.8	 0.2376	 100.00	   2.74
    463	400142	     60	   15.0	13050.0	12963.9	 0.2375	 100.00	   2.74
    464	400142	     60	   26.0	13052.0	12964.1	 0.2375	 100.00	   2.74
    465	400142	     60	   18.0	13052.0	12964.3	 0.2374	 100.00	   2.74
    466	400142	     60	   18.0	13052.0	12964.5	 0.2375	 100.00	   2.74
    467	400142	     60	   14.0	13056.0	12964.7	 0.2373	 100.00	   2.74
    468	400142	     60	   24.0	13050.0	12964.9	 0.2372	 100.00	   2.74
    469	400142	     60	   23.0	13051.0	12965.1	 0.2370	 100.00	   2.74
    470	400142	     60	   16.0	13047.0	12965.2	 0.2370	 100.00	   2.74
    471	400142	     60	   15.0	13054.0	12965.4	 0.2371	 100.00	   2.74
    472	400142	     60	   22.0	13050.0	12965.6	 0.2370	 100.00	   2.74
    473	400142	     60	   15.0	13049.0	12965.8	 0.2368	 100.00	   2.74
    474	400142	     60	   16.0	13051.0	12966.0	 0.2370	 100.00	   2.74
    475	400142	     60	   16.0	13051.0	12966.1	 0.2370	 100.00	   2.74
    476	400142	     60	   17.0	13052.0	12966.3	 0.2370	 100.00	   2.74
    477	400142	     60	   21.0	13051.0	12966.5	 0.2370	 100.00	   2.74
    478	400142	     60	   15.0	13054.0	12966.7	 0.2368	 100.00	   2.74
    479	400142	     60	   15.0	13055.0	12966.9	 0.2366	 100.00	   2.74
    480	400142	     60	   21.0	13054.0	12967.0	 0.2366	 100.00	   2.74
    481	400142	     60	   14.0	13054.0	12967.2	 0.2368	 100.00	   2.74
    482	400142	     60	   21.0	13051.0	12967.4	 0.2368	 100.00	   2.75
    483	400142	     60	   21.0	13050.0	12967.6	 0.2368	 100.00	   2.75
    484	400142	     60	   19.0	13043.0	12967.7	 0.2368	 100.00	   2.75
    485	400142	     60	   18.0	13053.0	12967.9	 0.2367	 100.00	   2.75
    486	400142	     60	   15.0	13052.0	12968.1	 0.2368	 100.00	   2.75
    487	400142	     60	   20.0	13052.0	12968.2	 0.2367	 100.00	   2.75
    488	400142	     60	   23.0	13047.0	12968.4	 0.2366	 100.00	   2.75
    489	400142	     60	   21.0	13050.0	12968.6	 0.2366	 100.00	   2.75
    490	400142	     60	   17.0	13051.0	12968.7	 0.2365	 100.00	   2.75
    491	400142	     60	   23.0	13050.0	12968.9	 0.2366	 100.00	   2.75
    492	400142	     60	   23.0	13047.0	12969.1	 0.2366	 100.00	   2.75
    493	400142	     60	   17.0	13048.0	12969.2	 0.2366	 100.00	   2.75
    494	400142	     60	   18.0	13046.0	12969.4	 0.2366	 100.00	   2.75
    495	400142	     60	   16.0	13048.0	12969.5	 0.2364	 100.00	   2.75
    496	400142	     60	   17.0	13047.0	12969.7	 0.2363	 100.00	   2.75
    497	400142	     60	   21.0	13048.0	12969.9	 0.2364	 100.00	   2.75
    498	400142	     60	   23.0	13053.0	12970.0	 0.2364	 100.00	   2.75
    499	400142	     60	   17.0	13050.0	12970.2	 0.2363	 100.00	   2.75
    500	400142	     60	   22.0	13050.0	12970.3	 0.2364	 100.00	   2.75
    501	400142	     60	   19.0	13049.0	12970.5	 0.2364	 100.00	   2.75
    502	400142	     60	   25.0	13050.0	12970.7	 0.2363	 100.00	   2.75
    503	400142	     60	   19.0	13053.0	12970.8	 0.2363	 100.00	   2.75
    504	400142	     60	   21.0	13052.0	12971.0	 0.2362	 100.00	   2.75
    505	400142	     60	   16.0	13052.0	12971.1	 0.2360	 100.00	   2.75
    506	400142	     60	   20.0	13050.0	12971.3	 0.2361	 100.00	   2.75
    507	400142	     60	   23.0	13049.0	12971.4	 0.2360	 100.00	   2.75
    508	400142	     60	   20.0	13047.0	12971.6	 0.2360	 100.00	   2.76
    509	400142	     60	   17.0	13056.0	12971.8	 0.2359	 100.00	   2.76
    510	400142	     60	   24.0	13048.0	12971.9	 0.2360	 100.00	   2.76
    511	400142	     60	   20.0	13054.0	12972.1	 0.2361	 100.00	   2.76
    512	400142	     60	   22.0	13046.0	12972.2	 0.2361	 100.00	   2.76
    513	400142	     60	   17.0	13049.0	12972.4	 0.2360	 100.00	   2.76
    514	400142	     60	   15.0	13048.0	12972.5	 0.2360	 100.00	   2.76
    515	400142	     60	   18.0	13048.0	12972.7	 0.2358	 100.00	   2.76
    516	400142	     60	   23.0	13043.0	12972.8	 0.2358	 100.00	   2.76
    517	400142	     60	   13.0	13050.0	12972.9	 0.2356	 100.00	   2.76
    518	400142	     60	   19.0	13049.0	12973.1	 0.2355	 100.00	   2.76
    519	400142	     60	   18.0	13049.0	12973.2	 0.2355	 100.00	   2.76
    520	400142	     60	   19.0	13048.0	12973.4	 0.2356	 100.00	   2.76
    521	400142	     60	   22.0	13048.0	12973.5	 0.2356	 100.00	   2.76
    522	400142	     60	   22.0	13048.0	12973.7	 0.2354	 100.00	   2.76
    523	400142	     60	   22.0	13052.0	12973.8	 0.2355	 100.00	   2.76
    524	400142	     60	   12.0	13052.0	12974.0	 0.2356	 100.00	   2.76
    525	400142	     60	   18.0	13046.0	12974.1	 0.2356	 100.00	   2.76
    526	400142	     60	   24.0	13048.0	12974.2	 0.2354	 100.00	   2.76
    527	400142	     60	   18.0	13052.0	12974.4	 0.2355	 100.00	   2.76
    528	400142	     60	   22.0	13050.0	12974.5	 0.2355	 100.00	   2.76
    529	400142	     60	   14.0	13052.0	12974.7	 0.2354	 100.00	   2.76
    530	400142	     60	   22.0	13048.0	12974.8	 0.2355	 100.00	   2.76
    531	400142	     60	   20.0	13056.0	12975.0	 0.2355	 100.00	   2.76
    532	400142	     60	   23.0	13049.0	12975.1	 0.2356	 100.00	   2.76
    533	400142	     60	   21.0	13046.0	12975.2	 0.2356	 100.00	   2.77
    534	400142	     60	   21.0	13049.0	12975.4	 0.2356	 100.00	   2.77
    535	400142	     60	   19.0	13050.0	12975.5	 0.2355	 100.00	   2.77
    536	400142	     60	   24.0	13050.0	12975.7	 0.2356	 100.00	   2.77
    537	400142	     60	   14.0	13048.0	12975.8	 0.2355	 100.00	   2.77
    538	400142	     60	   22.0	13050.0	12975.9	 0.2356	 100.00	   2.77
    539	400142	     60	   19.0	13049.0	12976.1	 0.2357	 100.00	   2.77
    540	400142	     60	   15.0	13048.0	12976.2	 0.2358	 100.00	   2.77
    541	400142	     60	   19.0	13049.0	12976.3	 0.2357	 100.00	   2.77
    542	400142	     60	   16.0	13051.0	12976.5	 0.2356	 100.00	   2.77
    543	400142	     60	   19.0	13050.0	12976.6	 0.2358	 100.00	   2.77
    544	400142	     60	   19.0	13043.0	12976.7	 0.2356	 100.00	   2.77
    545	400142	     60	   14.0	13051.0	12976.9	 0.2356	 100.00	   2.77
    546	400142	     60	   19.0	13050.0	12977.0	 0.2355	 100.00	   2.77
    547	400142	     60	   18.0	13052.0	12977.1	 0.2354	 100.00	   2.77
    548	400142	     60	   18.0	13046.0	12977.3	 0.2354	 100.00	   2.77
    549	400142	     60	   20.0	13048.0	12977.4	 0.2354	 100.00	   2.77
    550	400142	     60	   19.0	13053.0	12977.5	 0.2353	 100.00	   2.77
    551	400142	     60	   17.0	13056.0	12977.7	 0.2352	 100.00	   2.77
    552	400142	     60	   21.0	13051.0	12977.8	 0.2352	 100.00	   2.77
    553	400142	     60	   24.0	13047.0	12977.9	 0.2351	 100.00	   2.77
    554	400142	     60	   16.0	13045.0	12978.0	 0.2349	 100.00	   2.77
    555	400142	     60	   19.0	13050.0	12978.2	 0.2348	 100.00	   2.77
    556	400142	     60	   19.0	13049.0	12978.3	 0.2347	 100.00	   2.77
    557	400142	     60	   22.0	13047.0	12978.4	 0.2348	 100.00	   2.77
    558	400142	     60	   20.0	13053.0	12978.6	 0.2349	 100.00	   2.77
    559	400142	     60	   23.0	13052.0	12978.7	 0.2348	 100.00	   2.77
    560	400142	     60	   22.0	13046.0	12978.8	 0.2347	 100.00	   2.77
    561	400142	     60	   21.0	13051.0	12978.9	 0.2346	 100.00	   2.77
    562	400142	     60	   21.0	13048.0	12979.1	 0.2345	 100.00	   2.77
    563	400142	     60	   18.0	13052.0	12979.2	 0.2346	 100.00	   2.78
    564	400142	     60	   21.0	13047.0	12979.3	 0.2346	 100.00	   2.78
    565	400142	     60	   18.0	13051.0	12979.4	 0.2346	 100.00	   2.78
    566	400142	     60	   18.0	13053.0	12979.6	 0.2345	 100.00	   2.78
    567	400142	     60	   18.0	13053.0	12979.7	 0.2344	 100.00	   2.78
    568	400142	     60	   14.0	13049.0	12979.8	 0.2345	 100.00	   2.78
    569	400142	     60	   21.0	13048.0	12979.9	 0.2343	 100.00	   2.78
    570	400142	     60	   16.0	13050.0	12980.1	 0.2342	 100.00	   2.78
    571	400142	     60	   15.0	13055.0	12980.2	 0.2340	 100.00	   2.78
    572	400142	     60	   17.0	13050.0	12980.3	 0.2339	 100.00	   2.78
    573	400142	     60	   14.0	13052.0	12980.4	 0.2338	 100.00	   2.78
    574	400142	     60	   29.0	13049.0	12980.6	 0.2339	 100.00	   2.78
    575	400142	     60	   18.0	13047.0	12980.7	 0.2340	 100.00	   2.78
    576	400142	     60	   19.0	13044.0	12980.8	 0.2340	 100.00	   2.78
    577	400142	     60	   16.0	13046.0	12980.9	 0.2339	 100.00	   2.78
    578	400142	     60	   18.0	13046.0	12981.0	 0.2339	 100.00	   2.78
    579	400142	     60	   21.0	13043.0	12981.1	 0.2341	 100.00	   2.78
    580	400142	     60	   29.0	13050.0	12981.2	 0.2342	 100.00	   2.78
    581	400142	     60	   18.0	13056.0	12981.4	 0.2343	 100.00	   2.78
    582	400142	     60	   20.0	13050.0	12981.5	 0.2342	 100.00	   2.78
    583	400142	     60	   11.0	13055.0	12981.6	 0.2341	 100.00	   2.78
    584	400142	     60	   21.0	13050.0	12981.7	 0.2342	 100.00	   2.78
    585	400142	     60	   23.0	13049.0	12981.8	 0.2341	 100.00	   2.78
    586	400142	     60	   21.0	13056.0	12982.0	 0.2342	 100.00	   2.78
    587	400142	     60	   16.0	13052.0	12982.1	 0.2341	 100.00	   2.78
    588	400142	     60	   20.0	13052.0	12982.2	 0.2341	 100.00	   2.78
    589	400142	     60	   22.0	13044.0	12982.3	 0.2340	 100.00	   2.78
    590	400142	     60	   13.0	13047.0	12982.4	 0.2340	 100.00	   2.78
    591	400142	     60	   16.0	13051.0	12982.5	 0.2339	 100.00	   2.78
    592	400142	     60	   18.0	13051.0	12982.6	 0.2338	 100.00	   2.78
    593	400142	     60	   21.0	13044.0	12982.7	 0.2338	 100.00	   2.78
    594	400142	     60	   22.0	13050.0	12982.9	 0.2338	 100.00	   2.78
    595	400142	     60	   21.0	13051.0	12983.0	 0.2338	 100.00	   2.78
    596	400142	     60	   22.0	13045.0	12983.1	 0.2337	 100.00	   2.78
    597	400142	     60	   22.0	13055.0	12983.2	 0.2337	 100.00	   2.78
    598	400142	     60	   22.0	13049.0	12983.3	 0.2336	 100.00	   2.79
    599	400142	     60	   17.0	13056.0	12983.4	 0.2336	 100.00	   2.79
    600	400142	     60	   19.0	13045.0	12983.5	 0.2335	 100.00	   2.79
    601	400142	     60	   17.0	13046.0	12983.6	 0.2335	 100.00	   2.79
    602	400142	     60	   23.0	13051.0	12983.7	 0.2334	 100.00	   2.79
    603	400142	     60	   13.0	13052.0	12983.9	 0.2334	 100.00	   2.79
    604	400142	     60	   16.0	13050.0	12984.0	 0.2332	 100.00	   2.79
    605	400142	     60	   14.0	13048.0	12984.1	 0.2332	 100.00	   2.79
    606	400142	     60	   22.0	13054.0	12984.2	 0.2332	 100.00	   2.79
    607	400142	     60	   16.0	13056.0	12984.3	 0.2331	 100.00	   2.79
    608	400142	     60	   20.0	13050.0	12984.4	 0.2333	 100.00	   2.79
    609	400142	     60	   15.0	13055.0	12984.5	 0.2332	 100.00	   2.79
    610	400142	     60	   24.0	13047.0	12984.6	 0.2332	 100.00	   2.79
    611	400142	     60	   19.0	13048.0	12984.7	 0.2333	 100.00	   2.79
    612	400142	     60	   26.0	13052.0	12984.8	 0.2332	 100.00	   2.79
    613	400142	     60	   12.0	13056.0	12985.0	 0.2330	 100.00	   2.79
    614	400142	     60	   21.0	13055.0	12985.1	 0.2331	 100.00	   2.79
    615	400142	     60	   28.0	13047.0	12985.2	 0.2332	 100.00	   2.79
    616	400142	     60	   20.0	13047.0	12985.3	 0.2332	 100.00	   2.79
    617	400142	     60	   17.0	13046.0	12985.4	 0.2333	 100.00	   2.79
    618	400142	     60	   18.0	13050.0	12985.5	 0.2332	 100.00	   2.79
    619	400142	     60	   20.0	13056.0	12985.6	 0.2332	 100.00	   2.79
    620	400142	     60	   26.0	13050.0	12985.7	 0.2332	 100.00	   2.79
    621	400142	     60	   18.0	13052.0	12985.8	 0.2332	 100.00	   2.79
    622	400142	     60	   20.0	13052.0	12985.9	 0.2330	 100.00	   2.79
    623	400142	     60	   20.0	13054.0	12986.0	 0.2329	 100.00	   2.79
    624	400142	     60	   19.0	13049.0	12986.1	 0.2329	 100.00	   2.79
    625	400142	     60	   20.0	13045.0	12986.2	 0.2329	 100.00	   2.79
    626	400142	     60	   20.0	13047.0	12986.3	 0.2328	 100.00	   2.79
    627	400142	     60	   18.0	13051.0	12986.4	 0.2329	 100.00	   2.79
    628	400142	     60	   21.0	13050.0	12986.5	 0.2327	 100.00	   2.79
    629	400142	     60	   16.0	13048.0	12986.6	 0.2326	 100.00	   2.79
    630	400142	     60	   16.0	13050.0	12986.7	 0.2326	 100.00	   2.79
    631	400142	     60	   15.0	13051.0	12986.8	 0.2324	 100.00	   2.79
    632	400142	     60	   17.0	13046.0	12986.9	 0.2324	 100.00	   2.79
    633	400142	     60	   21.0	13055.0	12987.0	 0.2323	 100.00	   2.79
    634	400142	     60	   19.0	13052.0	12987.1	 0.2323	 100.00	   2.79
    635	400142	     60	   20.0	13052.0	12987.2	 0.2322	 100.00	   2.79
    636	400142	     60	   16.0	13048.0	12987.3	 0.2322	 100.00	   2.79
    637	400142	     60	   16.0	13044.0	12987.4	 0.2321	 100.00	   2.80
    638	400142	     60	   21.0	13051.0	12987.5	 0.2320	 100.00	   2.80
    639	400142	     60	   23.0	13050.0	12987.6	 0.2320	 100.00	   2.80
    640	400142	     60	   23.0	13049.0	12987.7	 0.2320	 100.00	   2.80
    641	400142	     60	   14.0	13051.0	12987.8	 0.2320	 100.00	   2.80
    642	400142	     60	   21.0	13054.0	12987.9	 0.2319	 100.00	   2.80
    643	400142	     60	   14.0	13052.0	12988.0	 0.2318	 100.00	   2.80
    644	400142	     60	   21.0	13055.0	12988.1	 0.2317	 100.00	   2.80
    645	400142	     60	   18.0	13053.0	12988.2	 0.2317	 100.00	   2.80
    646	400142	     60	   20.0	13053.0	12988.3	 0.2318	 100.00	   2.80
    647	400142	     60	   12.0	13053.0	12988.4	 0.2316	 100.00	   2.80
    648	400142	     60	   16.0	13051.0	12988.5	 0.2315	 100.00	   2.80
    649	400142	     60	   14.0	13051.0	12988.6	 0.2314	 100.00	   2.80
    650	400142	     60	   19.0	13052.0	12988.7	 0.2315	 100.00	   2.80
    651	400142	     60	   21.0	13049.0	12988.8	 0.2315	 100.00	   2.80
    652	400142	     60	   26.0	13055.0	12988.9	 0.2315	 100.00	   2.80
    653	400142	     60	   19.0	13056.0	12989.0	 0.2316	 100.00	   2.80
    654	400142	     60	   16.0	13050.0	12989.1	 0.2315	 100.00	   2.80
    655	400142	     60	   23.0	13057.0	12989.2	 0.2315	 100.00	   2.80
    656	400142	     60	   21.0	13040.0	12989.3	 0.2316	 100.00	   2.80
    657	400142	     60	   15.0	13043.0	12989.3	 0.2315	 100.00	   2.80
    658	400142	     60	   15.0	13042.0	12989.4	 0.2315	 100.00	   2.80
    659	400142	     60	   16.0	13044.0	12989.5	 0.2314	 100.00	   2.80
    660	400142	     60	   16.0	13044.0	12989.6	 0.2313	 100.00	   2.80
    661	400142	     60	   23.0	13051.0	12989.7	 0.2313	 100.00	   2.80
    662	400142	     60	   13.0	13046.0	12989.8	 0.2314	 100.00	   2.80
    663	400142	     60	   22.0	13050.0	12989.9	 0.2313	 100.00	   2.80
    664	400142	     60	   15.0	13047.0	12989.9	 0.2314	 100.00	   2.80
    665	400142	     60	   16.0	13047.0	12990.0	 0.2314	 100.00	   2.80
    666	400142	     60	   25.0	13046.0	12990.1	 0.2313	 100.00	   2.80
    667	400142	     60	   14.0	13048.0	12990.2	 0.2312	 100.00	   2.80
    668	400142	     60	   11.0	13049.0	12990.3	 0.2310	 100.00	   2.80
    669	400142	     60	   17.0	13052.0	12990.4	 0.2310	 100.00	   2.80
    670	400142	     60	   20.0	13044.0	12990.5	 0.2309	 100.00	   2.80
    671	400142	     60	   18.0	13052.0	12990.6	 0.2309	 100.00	   2.80
    672	400142	     60	   19.0	13047.0	12990.6	 0.2309	 100.00	   2.80
    673	400142	     60	   16.0	13051.0	12990.7	 0.2309	 100.00	   2.80
    674	400142	     60	   15.0	13048.0	12990.8	 0.2308	 100.00	   2.80
    675	400142	     60	   23.0	13049.0	12990.9	 0.2309	 100.00	   2.80
    676	400142	     60	   20.0	13045.0	12991.0	 0.2309	 100.00	   2.80
    677	400142	     60	   22.0	13043.0	12991.1	 0.2309	 100.00	   2.80
    678	400142	     60	   14.0	13045.0	12991.1	 0.2308	 100.00	   2.80
    679	400142	     60	   22.0	13049.0	12991.2	 0.2308	 100.00	   2.80
    680	400142	     60	   18.0	13047.0	12991.3	 0.2307	 100.00	   2.81
    681	400142	     60	   20.0	13047.0	12991.4	 0.2306	 100.00	   2.81
    682	400142	     60	   20.0	13045.0	12991.5	 0.2305	 100.00	   2.81
    683	400142	     60	   15.0	13044.0	12991.5	 0.2305	 100.00	   2.81
    684	400142	     60	   20.0	13046.0	12991.6	 0.2306	 100.00	   2.81
    685	400142	     60	   14.0	13050.0	12991.7	 0.2306	 100.00	   2.81
    686	400142	     60	   17.0	13045.0	12991.8	 0.2307	 100.00	   2.81
    687	400142	     60	   16.0	13049.0	12991.9	 0.2307	 100.00	   2.81
    688	400142	     60	   20.0	13047.0	12991.9	 0.2307	 100.00	   2.81
    689	400142	     60	   19.0	13042.0	12992.0	 0.2306	 100.00	   2.81
    690	400142	     60	   12.0	13046.0	12992.1	 0.2306	 100.00	   2.81
    691	400142	     60	   13.0	13051.0	12992.2	 0.2306	 100.00	   2.81
    692	400142	     60	   24.0	13047.0	12992.3	 0.2306	 100.00	   2.81
    693	400142	     60	   16.0	13047.0	12992.3	 0.2306	 100.00	   2.81
    694	400142	     60	   21.0	13048.0	12992.4	 0.2305	 100.00	   2.81
    695	400142	     60	   17.0	13049.0	12992.5	 0.2304	 100.00	   2.81
    696	400142	     60	   24.0	13055.0	12992.6	 0.2304	 100.00	   2.81
    697	400142	     60	   19.0	13046.0	12992.7	 0.2305	 100.00	   2.81
    698	400142	     60	   18.0	13044.0	12992.7	 0.2306	 100.00	   2.81
    699	400142	     60	   20.0	13048.0	12992.8	 0.2305	 100.00	   2.81
    700	400142	     60	   13.0	13047.0	12992.9	 0.2305	 100.00	   2.81
    701	400142	     60	   17.0	13050.0	12993.0	 0.2305	 100.00	   2.81
    702	400142	     60	   16.0	13046.0	12993.0	 0.2303	 100.00	   2.81
    703	400142	     60	   14.0	13050.0	12993.1	 0.2302	 100.00	   2.81
    704	400142	     60	   21.0	13045.0	12993.2	 0.2302	 100.00	   2.81
    705	400142	     60	   19.0	13048.0	12993.3	 0.2302	 100.00	   2.81
    706	400142	     60	   20.0	13050.0	12993.4	 0.2301	 100.00	   2.81
    707	400142	     60	   22.0	13050.0	12993.4	 0.2300	 100.00	   2.81
    708	400142	     60	   21.0	13047.0	12993.5	 0.2299	 100.00	   2.81
    709	400142	     60	   13.0	13046.0	12993.6	 0.2298	 100.00	   2.81
    710	400142	     60	   23.0	13051.0	12993.7	 0.2298	 100.00	   2.81
    711	400142	     60	   16.0	13051.0	12993.8	 0.2297	 100.00	   2.81
    712	400142	     60	   19.0	13046.0	12993.8	 0.2297	 100.00	   2.81
    713	400142	     60	   16.0	13046.0	12993.9	 0.2297	 100.00	   2.81
    714	400142	     60	   17.0	13051.0	12994.0	 0.2297	 100.00	   2.81
    715	400142	     60	   15.0	13054.0	12994.1	 0.2296	 100.00	   2.81
    716	400142	     60	   19.0	13049.0	12994.1	 0.2297	 100.00	   2.81
    717	400142	     60	   19.0	13048.0	12994.2	 0.2297	 100.00	   2.81
    718	400142	     60	   18.0	13044.0	12994.3	 0.2296	 100.00	   2.81
    719	400142	     60	   20.0	13052.0	12994.4	 0.2296	 100.00	   2.81
    720	400142	     60	   16.0	13046.0	12994.4	 0.2297	 100.00	   2.81
    721	400142	     60	   16.0	13048.0	12994.5	 0.2295	 100.00	   2.81
    722	400142	     60	   22.0	13046.0	12994.6	 0.2295	 100.00	   2.81
    723	400142	     60	   17.0	13055.0	12994.7	 0.2295	 100.00	   2.81
    724	400142	     60	   20.0	13047.0	12994.7	 0.2295	 100.00	   2.81
    725	400142	     60	   17.0	13050.0	12994.8	 0.2295	 100.00	   2.82
    726	400142	     60	   22.0	13050.0	12994.9	 0.2294	 100.00	   2.82
    727	400142	     60	   11.0	13049.0	12995.0	 0.2294	 100.00	   2.82
    728	400142	     60	   24.0	13049.0	12995.0	 0.2292	 100.00	   2.82
    729	400142	     60	   17.0	13050.0	12995.1	 0.2291	 100.00	   2.82
    730	400142	     60	   19.0	13047.0	12995.2	 0.2292	 100.00	   2.82
    731	400142	     60	   18.0	13047.0	12995.3	 0.2291	 100.00	   2.82
    732	400142	     60	   21.0	13048.0	12995.3	 0.2292	 100.00	   2.82
    733	400142	     60	   25.0	13047.0	12995.4	 0.2293	 100.00	   2.82
    734	400142	     60	   18.0	13051.0	12995.5	 0.2293	 100.00	   2.82
    735	400142	     60	   17.0	13052.0	12995.5	 0.2292	 100.00	   2.82
    736	400142	     60	   21.0	13047.0	12995.6	 0.2293	 100.00	   2.82
    737	400142	     60	   18.0	13051.0	12995.7	 0.2292	 100.00	   2.82
    738	400142	     60	   24.0	13049.0	12995.8	 0.2293	 100.00	   2.82
    739	400142	     60	   19.0	13044.0	12995.8	 0.2292	 100.00	   2.82
    740	400142	     60	   20.0	13046.0	12995.9	 0.2292	 100.00	   2.82
    741	400142	     60	   15.0	13043.0	12996.0	 0.2292	 100.00	   2.82
    742	400142	     60	   17.0	13046.0	12996.0	 0.2292	 100.00	   2.82
    743	400142	     60	   22.0	13052.0	12996.1	 0.2293	 100.00	   2.82
    744	400142	     60	   17.0	13045.0	12996.2	 0.2292	 100.00	   2.82
    745	400142	     60	   18.0	13043.0	12996.2	 0.2292	 100.00	   2.82
    746	400142	     60	   22.0	13051.0	12996.3	 0.2292	 100.00	   2.82
    747	400142	     60	   16.0	13049.0	12996.4	 0.2291	 100.00	   2.82
    748	400142	     60	   23.0	13040.0	12996.4	 0.2292	 100.00	   2.82
    749	400142	     60	   18.0	13046.0	12996.5	 0.2291	 100.00	   2.82
    750	400142	     60	   24.0	13050.0	12996.6	 0.2290	 100.00	   2.82
    751	400142	     60	   14.0	13044.0	12996.6	 0.2291	 100.00	   2.82
    752	400142	     60	   16.0	13046.0	12996.7	 0.2290	 100.00	   2.82
    753	400142	     60	   25.0	13047.0	12996.8	 0.2290	 100.00	   2.82
    754	400142	     60	   19.0	13048.0	12996.8	 0.2289	 100.00	   2.82
    755	400142	     60	   21.0	13053.0	12996.9	 0.2288	 100.00	   2.82
