./asc:main.c:294: warning: auxv random bytes were not cleared
  Round	    PC	Excited	Hamming	   Loss	 Regret	    MSE	  Error	   MIPS
      0	40010c	     65	12745.0	12745.0	12745.0	 0.2904	 100.00	0.06779
      1	400139	     65	  302.0	13041.0	 6520.5	 0.2205	 100.00	0.13543
      2	400139	     65	   21.0	13040.0	 4346.7	 0.2489	 100.00	0.19907
      3	400139	     65	   24.0	13042.0	 3260.5	 0.2606	 100.00	0.26678
      4	400139	     65	   18.0	13040.0	 5216.4	 0.2495	 100.00	0.32952
      5	400139	     65	   15.0	13047.0	 6521.5	 0.2506	 100.00	0.39043
      6	400139	     65	   19.0	13042.0	 7453.0	 0.2545	 100.00	0.44856
      7	400139	     65	   18.0	13050.0	 8152.6	 0.2446	 100.00	0.50468
      8	400139	     65	   27.0	13043.0	 8696.0	 0.2354	 100.00	0.55816
      9	400139	     65	   15.0	13048.0	 9131.2	 0.2256	 100.00	0.60852
     10	400139	     65	   21.0	13049.0	 9487.4	 0.2278	 100.00	0.65497
     11	400139	     65	   27.0	13048.0	 9784.1	 0.2275	 100.00	0.70191
     12	400139	     65	   26.0	13048.0	10035.2	 0.2247	 100.00	0.74748
     13	400139	     65	   20.0	13044.0	10250.1	 0.2229	 100.00	0.79020
     14	400139	     65	   15.0	13051.0	10436.8	 0.2243	 100.00	0.83190
     15	400139	     65	   22.0	13047.0	10599.9	 0.2213	 100.00	0.87354
     16	400139	     65	   20.0	13043.0	10743.6	 0.2175	 100.00	0.91035
     17	400139	     65	   21.0	13050.0	10871.8	 0.2143	 100.00	0.94813
     18	400139	     65	   23.0	13049.0	10986.4	 0.2108	 100.00	0.98308
     19	400139	     65	   24.0	13051.0	11089.6	 0.2119	 100.00	   1.02
     20	400139	     65	   18.0	13045.0	11182.7	 0.2123	 100.00	   1.05
     21	400139	     65	   21.0	13044.0	11267.3	 0.2119	 100.00	   1.08
     22	400139	     65	   20.0	13048.0	11344.7	 0.2093	 100.00	   1.12
     23	400139	     65	   25.0	13047.0	11415.7	 0.2092	 100.00	   1.15
     24	400139	     65	   22.0	13051.0	11481.1	 0.2081	 100.00	   1.17
     25	400139	     65	   14.0	13051.0	11541.5	 0.2063	 100.00	   1.20
     26	400139	     65	   28.0	13045.0	11597.1	 0.2090	 100.00	   1.23
     27	400139	     65	   19.0	13050.0	11649.0	 0.2083	 100.00	   1.26
     28	400139	     65	   25.0	13053.0	11697.4	 0.2063	 100.00	   1.28
     29	400139	     65	   26.0	13053.0	11742.6	 0.2091	 100.00	   1.31
     30	400139	     65	   14.0	13057.0	11785.0	 0.2081	 100.00	   1.33
     31	400139	     65	   29.0	13048.0	11824.5	 0.2087	 100.00	   1.36
     32	400139	     65	   22.0	13044.0	11861.5	 0.2083	 100.00	   1.38
     33	400139	     65	   23.0	13057.0	11896.6	 0.2106	 100.00	   1.40
     34	400139	     65	   24.0	13047.0	11929.5	 0.2118	 100.00	   1.42
     35	400139	     65	   21.0	13056.0	11960.8	 0.2134	 100.00	   1.44
     36	400139	     65	   27.0	13051.0	11990.2	 0.2142	 100.00	   1.46
     37	400139	     65	   17.0	13050.0	12018.1	 0.2141	 100.00	   1.48
     38	400139	     65	   17.0	13049.0	12044.6	 0.2150	 100.00	   1.50
     39	400139	     65	   21.0	13054.0	12069.8	 0.2154	 100.00	   1.52
     40	400139	     65	   21.0	13047.0	12093.6	 0.2145	 100.00	   1.54
     41	400139	     65	   28.0	13039.0	12116.1	 0.2176	 100.00	   1.56
     42	400139	     65	   20.0	13047.0	12137.8	 0.2183	 100.00	   1.58
     43	400139	     65	   22.0	13049.0	12158.5	 0.2178	 100.00	   1.59
     44	400139	     65	   30.0	13051.0	12178.3	 0.2161	 100.00	   1.61
     45	400139	     65	   17.0	13050.0	12197.3	 0.2149	 100.00	   1.63
     46	400139	     65	   28.0	13050.0	12215.4	 0.2183	 100.00	   1.64
     47	400139	     65	   23.0	13051.0	12232.8	 0.2174	 100.00	   1.66
     48	400139	     65	   20.0	13049.0	12249.5	 0.2168	 100.00	   1.67
     49	400139	     65	   22.0	13047.0	12265.4	 0.2165	 100.00	   1.69
     50	400139	     65	   28.0	13051.0	12280.8	 0.2169	 100.00	   1.70
     51	400139	     65	   25.0	13056.0	12295.8	 0.2177	 100.00	   1.72
     52	400139	     65	   23.0	13045.0	12309.9	 0.2173	 100.00	   1.73
     53	400139	     65	   19.0	13050.0	12323.6	 0.2170	 100.00	   1.74
     54	400139	     65	   19.0	13051.0	12336.8	 0.2173	 100.00	   1.76
     55	400139	     65	   22.0	13053.0	12349.6	 0.2162	 100.00	   1.77
     56	400139	     65	   21.0	13054.0	12362.0	 0.2162	 100.00	   1.78
     57	400139	     65	   22.0	13052.0	12373.9	 0.2168	 100.00	   1.80
     58	400139	     65	   32.0	13050.0	12385.3	 0.2168	 100.00	   1.81
     59	400139	     65	   23.0	13055.0	12396.5	 0.2157	 100.00	   1.82
     60	400139	     65	   28.0	13049.0	12407.2	 0.2162	 100.00	   1.83
     61	400139	     65	   21.0	13058.0	12417.7	 0.2166	 100.00	   1.84
     62	400139	     65	   29.0	13049.0	12427.7	 0.2166	 100.00	   1.85
     63	400139	     65	   25.0	13056.0	12437.5	 0.2149	 100.00	   1.86
     64	400139	     65	   26.0	13046.0	12446.9	 0.2166	 100.00	   1.88
     65	400139	     65	   23.0	13047.0	12456.0	 0.2169	 100.00	   1.89
     66	400139	     65	   21.0	13048.0	12464.8	 0.2162	 100.00	   1.90
     67	400139	     65	   27.0	13053.0	12473.5	 0.2160	 100.00	   1.91
     68	400139	     65	   25.0	13052.0	12481.8	 0.2157	 100.00	   1.92
     69	400139	     65	   19.0	13053.0	12490.0	 0.2150	 100.00	   1.93
     70	400139	     65	   26.0	13055.0	12498.0	 0.2145	 100.00	   1.94
     71	400139	     65	   20.0	13057.0	12505.7	 0.2157	 100.00	   1.94
     72	400139	     65	   26.0	13045.0	12513.1	 0.2160	 100.00	   1.95
     73	400139	     65	   17.0	13052.0	12520.4	 0.2162	 100.00	   1.96
     74	400139	     65	   32.0	13054.0	12527.5	 0.2160	 100.00	   1.97
     75	400139	     65	   22.0	13056.0	12534.5	 0.2156	 100.00	   1.98
     76	400139	     65	   26.0	13054.0	12541.2	 0.2165	 100.00	   1.99
     77	400139	     65	   25.0	13051.0	12547.7	 0.2166	 100.00	   2.00
     78	400139	     65	   19.0	13054.0	12554.2	 0.2168	 100.00	   2.01
     79	400139	     65	   17.0	13057.0	12560.4	 0.2166	 100.00	   2.01
     80	400139	     65	   23.0	13054.0	12566.5	 0.2166	 100.00	   2.02
     81	400139	     65	   25.0	13053.0	12572.5	 0.2161	 100.00	   2.03
     82	400139	     65	   37.0	13040.0	12578.1	 0.2169	 100.00	   2.04
     83	400139	     65	   25.0	13051.0	12583.7	 0.2156	 100.00	   2.05
     84	400139	     65	   23.0	13046.0	12589.2	 0.2159	 100.00	   2.05
     85	400139	     65	   24.0	13052.0	12594.5	 0.2152	 100.00	   2.06
     86	400139	     65	   22.0	13050.0	12599.8	 0.2150	 100.00	   2.07
     87	400139	     65	   27.0	13049.0	12604.9	 0.2159	 100.00	   2.08
     88	400139	     65	   27.0	13048.0	12609.9	 0.2159	 100.00	   2.08
     89	400139	     65	   18.0	13050.0	12614.8	 0.2159	 100.00	   2.09
     90	400139	     65	   28.0	13050.0	12619.5	 0.2160	 100.00	   2.10
     91	400139	     65	   19.0	13055.0	12624.3	 0.2160	 100.00	   2.10
     92	400139	     65	   27.0	13052.0	12628.9	 0.2159	 100.00	   2.11
     93	400139	     65	   23.0	13059.0	12633.4	 0.2164	 100.00	   2.12
     94	400139	     65	   24.0	13053.0	12637.9	 0.2161	 100.00	   2.12
     95	400139	     65	   20.0	13047.0	12642.1	 0.2168	 100.00	   2.13
     96	400139	     65	   25.0	13048.0	12646.3	 0.2171	 100.00	   2.14
     97	400139	     65	   26.0	13056.0	12650.5	 0.2167	 100.00	   2.14
     98	400139	     65	   22.0	13052.0	12654.5	 0.2171	 100.00	   2.15
     99	400139	     65	   19.0	13057.0	12658.6	 0.2175	 100.00	   2.15
    100	400139	     65	   23.0	13052.0	12662.5	 0.2173	 100.00	   2.16
    101	400139	     65	   24.0	13048.0	12666.2	 0.2172	 100.00	   2.16
    102	400139	     65	   20.0	13052.0	12670.0	 0.2171	 100.00	   2.17
    103	400139	     65	   26.0	13050.0	12673.6	 0.2179	 100.00	   2.18
    104	400139	     65	   22.0	13046.0	12677.2	 0.2181	 100.00	   2.18
    105	400139	     65	   25.0	13047.0	12680.7	 0.2181	 100.00	   2.19
    106	400139	     65	   22.0	13053.0	12684.2	 0.2176	 100.00	   2.19
    107	400139	     65	   24.0	13053.0	12687.6	 0.2179	 100.00	   2.20
    108	400139	     65	   29.0	13054.0	12690.9	 0.2181	 100.00	   2.20
    109	400139	     65	   26.0	13046.0	12694.2	 0.2184	 100.00	   2.21
    110	400139	     65	   21.0	13059.0	12697.5	 0.2187	 100.00	   2.21
    111	400139	     65	   26.0	13053.0	12700.6	 0.2184	 100.00	   2.22
    112	400139	     65	   23.0	13058.0	12703.8	 0.2185	 100.00	   2.22
    113	400139	     65	   27.0	13051.0	12706.8	 0.2189	 100.00	   2.23
    114	400139	     65	   25.0	13056.0	12709.9	 0.2194	 100.00	   2.23
    115	400139	     65	   20.0	13054.0	12712.8	 0.2196	 100.00	   2.24
    116	400139	     65	   30.0	13050.0	12715.7	 0.2202	 100.00	   2.24
    117	400139	     65	   19.0	13051.0	12718.6	 0.2204	 100.00	   2.25
    118	400139	     65	   23.0	13048.0	12721.3	 0.2201	 100.00	   2.25
    119	400139	     65	   24.0	13056.0	12724.1	 0.2195	 100.00	   2.26
    120	400139	     65	   26.0	13054.0	12726.8	 0.2193	 100.00	   2.26
    121	400139	     65	   26.0	13052.0	12729.5	 0.2193	 100.00	   2.27
    122	400139	     65	   26.0	13056.0	12732.2	 0.2192	 100.00	   2.27
    123	400139	     65	   32.0	13048.0	12734.7	 0.2200	 100.00	   2.27
    124	400139	     65	   24.0	13052.0	12737.2	 0.2211	 100.00	   2.28
    125	400139	     65	   17.0	13053.0	12739.8	 0.2209	 100.00	   2.28
    126	400139	     65	   24.0	13055.0	12742.2	 0.2210	 100.00	   2.29
    127	400139	     65	   28.0	13057.0	12744.7	 0.2210	 100.00	   2.29
    128	400139	     65	   26.0	13047.0	12747.0	 0.2216	 100.00	   2.29
    129	400139	     65	   23.0	13056.0	12749.4	 0.2212	 100.00	   2.30
    130	400139	     65	   29.0	13049.0	12751.7	 0.2221	 100.00	   2.30
    131	400139	     65	   21.0	13052.0	12754.0	 0.2222	 100.00	   2.31
    132	400139	     65	   21.0	13051.0	12756.2	 0.2223	 100.00	   2.31
    133	400139	     65	   22.0	13051.0	12758.4	 0.2221	 100.00	   2.31
    134	400139	     65	   28.0	13049.0	12760.6	 0.2229	 100.00	   2.32
    135	400139	     65	   21.0	13058.0	12762.8	 0.2228	 100.00	   2.32
    136	400139	     65	   29.0	13049.0	12764.8	 0.2228	 100.00	   2.33
    137	400139	     65	   21.0	13050.0	12766.9	 0.2230	 100.00	   2.33
    138	400139	     65	   25.0	13051.0	12768.9	 0.2229	 100.00	   2.33
    139	400139	     65	   23.0	13056.0	12771.0	 0.2229	 100.00	   2.34
    140	400139	     65	   24.0	13056.0	12773.0	 0.2228	 100.00	   2.34
    141	400139	     65	   26.0	13056.0	12775.0	 0.2226	 100.00	   2.34
    142	400139	     65	   27.0	13059.0	12777.0	 0.2238	 100.00	   2.35
    143	400139	     65	   21.0	13054.0	12778.9	 0.2234	 100.00	   2.35
    144	400139	     65	   24.0	13046.0	12780.8	 0.2237	 100.00	   2.35
    145	400139	     65	   25.0	13051.0	12782.6	 0.2237	 100.00	   2.36
    146	400139	     65	   28.0	13053.0	12784.5	 0.2237	 100.00	   2.36
    147	400139	     65	   23.0	13060.0	12786.3	 0.2230	 100.00	   2.36
    148	400139	     65	   31.0	13049.0	12788.1	 0.2233	 100.00	   2.37
    149	400139	     65	   24.0	13055.0	12789.9	 0.2231	 100.00	   2.37
    150	400139	     65	   19.0	13056.0	12791.6	 0.2232	 100.00	   2.37
    151	400139	     65	   26.0	13060.0	12793.4	 0.2229	 100.00	   2.38
    152	400139	     65	   27.0	13055.0	12795.1	 0.2235	 100.00	   2.38
    153	400139	     65	   23.0	13056.0	12796.8	 0.2235	 100.00	   2.38
    154	400139	     65	   30.0	13054.0	12798.5	 0.2238	 100.00	   2.39
    155	400139	     65	   20.0	13054.0	12800.1	 0.2239	 100.00	   2.39
    156	400139	     65	   29.0	13055.0	12801.7	 0.2240	 100.00	   2.39
    157	400139	     65	   25.0	13056.0	12803.3	 0.2243	 100.00	   2.39
    158	400139	     65	   19.0	13059.0	12804.9	 0.2241	 100.00	   2.40
    159	400139	     65	   24.0	13055.0	12806.5	 0.2242	 100.00	   2.40
    160	400139	     65	   24.0	13051.0	12808.0	 0.2242	 100.00	   2.40
    161	400139	     65	   17.0	13056.0	12809.5	 0.2243	 100.00	   2.41
    162	400139	     65	   29.0	13055.0	12811.0	 0.2246	 100.00	   2.41
    163	400139	     65	   23.0	13062.0	12812.6	 0.2251	 100.00	   2.41
    164	400139	     65	   37.0	13041.0	12814.0	 0.2266	 100.00	   2.41
    165	400139	     65	   18.0	13045.0	12815.4	 0.2264	 100.00	   2.42
    166	400139	     65	   22.0	13051.0	12816.8	 0.2261	 100.00	   2.42
    167	400139	     65	   22.0	13055.0	12818.2	 0.2258	 100.00	   2.42
    168	400139	     65	   24.0	13051.0	12819.6	 0.2262	 100.00	   2.42
    169	400139	     65	   25.0	13044.0	12820.9	 0.2260	 100.00	   2.43
    170	400139	     65	   25.0	13049.0	12822.2	 0.2257	 100.00	   2.43
    171	400139	     65	   22.0	13055.0	12823.6	 0.2257	 100.00	   2.43
    172	400139	     65	   32.0	13047.0	12824.9	 0.2258	 100.00	   2.44
    173	400139	     65	   25.0	13052.0	12826.2	 0.2259	 100.00	   2.44
    174	400139	     65	   26.0	13050.0	12827.4	 0.2263	 100.00	   2.44
    175	400139	     65	   24.0	13050.0	12828.7	 0.2261	 100.00	   2.44
    176	400139	     65	   26.0	13050.0	12830.0	 0.2266	 100.00	   2.44
    177	400139	     65	   24.0	13052.0	12831.2	 0.2267	 100.00	   2.45
    178	400139	     65	   29.0	13051.0	12832.4	 0.2266	 100.00	   2.45
    179	400139	     65	   28.0	13059.0	12833.7	 0.2270	 100.00	   2.45
    180	400139	     65	   25.0	13050.0	12834.9	 0.2268	 100.00	   2.45
    181	400139	     65	   26.0	13056.0	12836.1	 0.2269	 100.00	   2.46
    182	400139	     65	   21.0	13055.0	12837.3	 0.2268	 100.00	   2.46
    183	400139	     65	   23.0	13058.0	12838.5	 0.2266	 100.00	   2.46
    184	400139	     65	   23.0	13057.0	12839.7	 0.2268	 100.00	   2.46
    185	400139	     65	   27.0	13050.0	12840.8	 0.2270	 100.00	   2.47
    186	400139	     65	   28.0	13058.0	12842.0	 0.2271	 100.00	   2.47
    187	400139	     65	   23.0	13055.0	12843.1	 0.2272	 100.00	   2.47
    188	400139	     65	   28.0	13055.0	12844.2	 0.2270	 100.00	   2.47
    189	400139	     65	   25.0	13054.0	12845.3	 0.2271	 100.00	   2.47
    190	400139	     65	   25.0	13055.0	12846.4	 0.2273	 100.00	   2.48
    191	400139	     65	   27.0	13060.0	12847.5	 0.2274	 100.00	   2.48
    192	400139	     65	   25.0	13051.0	12848.6	 0.2277	 100.00	   2.48
    193	400139	     65	   22.0	13055.0	12849.7	 0.2278	 100.00	   2.48
    194	400139	     65	   21.0	13052.0	12850.7	 0.2275	 100.00	   2.48
    195	400139	     65	   28.0	13056.0	12851.7	 0.2276	 100.00	   2.49
    196	400139	     65	   23.0	13055.0	12852.8	 0.2273	 100.00	   2.49
    197	400139	     65	   17.0	13056.0	12853.8	 0.2273	 100.00	   2.49
    198	400139	     65	   29.0	13053.0	12854.8	 0.2272	 100.00	   2.49
    199	400139	     65	   21.0	13064.0	12855.9	 0.2271	 100.00	   2.50
    200	400139	     65	   27.0	13051.0	12856.8	 0.2270	 100.00	   2.50
    201	400139	     65	   23.0	13048.0	12857.8	 0.2274	 100.00	   2.50
    202	400139	     65	   21.0	13051.0	12858.7	 0.2275	 100.00	   2.50
    203	400139	     65	   25.0	13056.0	12859.7	 0.2275	 100.00	   2.50
    204	400139	     65	   29.0	13053.0	12860.6	 0.2276	 100.00	   2.51
    205	400139	     65	   29.0	13050.0	12861.5	 0.2276	 100.00	   2.51
    206	400139	     65	   25.0	13053.0	12862.5	 0.2275	 100.00	   2.51
    207	400139	     65	   19.0	13056.0	12863.4	 0.2274	 100.00	   2.51
    208	400139	     65	   25.0	13051.0	12864.3	 0.2271	 100.00	   2.51
    209	400139	     65	   26.0	13055.0	12865.2	 0.2273	 100.00	   2.51
    210	400139	     65	   27.0	13046.0	12866.1	 0.2277	 100.00	   2.52
    211	400139	     65	   25.0	13059.0	12867.0	 0.2276	 100.00	   2.52
    212	400139	     65	   25.0	13058.0	12867.9	 0.2279	 100.00	   2.52
    213	400139	     65	   22.0	13052.0	12868.7	 0.2285	 100.00	   2.52
    214	400139	     65	   24.0	13058.0	12869.6	 0.2286	 100.00	   2.52
    215	400139	     65	   19.0	13059.0	12870.5	 0.2287	 100.00	   2.53
    216	400139	     65	   23.0	13056.0	12871.3	 0.2285	 100.00	   2.53
    217	400139	     65	   30.0	13052.0	12872.2	 0.2289	 100.00	   2.53
    218	400139	     65	   23.0	13055.0	12873.0	 0.2291	 100.00	   2.53
    219	400139	     65	   26.0	13055.0	12873.8	 0.2290	 100.00	   2.53
    220	400139	     65	   25.0	13060.0	12874.7	 0.2292	 100.00	   2.53
    221	400139	     65	   23.0	13059.0	12875.5	 0.2295	 100.00	   2.54
    222	400139	     65	   26.0	13059.0	12876.3	 0.2295	 100.00	   2.54
    223	400139	     65	   21.0	13052.0	12877.1	 0.2293	 100.00	   2.54
    224	400139	     65	   27.0	13055.0	12877.9	 0.2294	 100.00	   2.54
    225	400139	     65	   23.0	13064.0	12878.7	 0.2295	 100.00	   2.54
    226	400139	     65	   31.0	13053.0	12879.5	 0.2295	 100.00	   2.54
    227	400139	     65	   24.0	13057.0	12880.3	 0.2297	 100.00	   2.54
    228	400139	     65	   29.0	13056.0	12881.0	 0.2297	 100.00	   2.55
    229	400139	     65	   22.0	13052.0	12881.8	 0.2299	 100.00	   2.55
    230	400139	     65	   23.0	13051.0	12882.5	 0.2300	 100.00	   2.55
    231	400139	     65	   24.0	13057.0	12883.3	 0.2297	 100.00	   2.55
    232	400139	     65	   33.0	13046.0	12884.0	 0.2300	 100.00	   2.55
    233	400139	     65	   21.0	13051.0	12884.7	 0.2303	 100.00	   2.55
    234	400139	     65	   31.0	13054.0	12885.4	 0.2303	 100.00	   2.56
    235	400139	     65	   23.0	13055.0	12886.1	 0.2305	 100.00	   2.56
    236	400139	     65	   30.0	13053.0	12886.8	 0.2307	 100.00	   2.56
    237	400139	     65	   28.0	13055.0	12887.5	 0.2305	 100.00	   2.56
    238	400139	     65	   26.0	13061.0	12888.3	 0.2308	 100.00	   2.56
    239	400139	     65	   26.0	13057.0	12889.0	 0.2311	 100.00	   2.56
    240	400139	     65	   25.0	13056.0	12889.7	 0.2308	 100.00	   2.56
    241	400139	     65	   33.0	13059.0	12890.4	 0.2311	 100.00	   2.57
    242	400139	     65	   28.0	13051.0	12891.0	 0.2312	 100.00	   2.57
    243	400139	     65	   24.0	13055.0	12891.7	 0.2314	 100.00	   2.57
    244	400139	     65	   24.0	13059.0	12892.4	 0.2313	 100.00	   2.57
    245	400139	     65	   24.0	13055.0	12893.0	 0.2313	 100.00	   2.57
    246	400139	     65	   29.0	13044.0	12893.6	 0.2322	 100.00	   2.57
    247	400139	     65	   29.0	13055.0	12894.3	 0.2322	 100.00	   2.57
    248	400139	     65	   25.0	13048.0	12894.9	 0.2322	 100.00	   2.58
    249	400139	     65	   29.0	13055.0	12895.6	 0.2322	 100.00	   2.58
    250	400139	     65	   30.0	13057.0	12896.2	 0.2321	 100.00	   2.58
    251	400139	     65	   22.0	13053.0	12896.8	 0.2321	 100.00	   2.58
    252	400139	     65	   25.0	13052.0	12897.4	 0.2320	 100.00	   2.58
    253	400139	     65	   24.0	13056.0	12898.1	 0.2320	 100.00	   2.58
    254	400139	     65	   28.0	13062.0	12898.7	 0.2321	 100.00	   2.58
    255	400139	     65	   25.0	13055.0	12899.3	 0.2322	 100.00	   2.59
    256	400139	     65	   29.0	13048.0	12899.9	 0.2324	 100.00	   2.59
    257	400139	     65	   25.0	13061.0	12900.5	 0.2326	 100.00	   2.59
    258	400139	     65	   31.0	13046.0	12901.1	 0.2328	 100.00	   2.59
    259	400139	     65	   25.0	13057.0	12901.7	 0.2327	 100.00	   2.59
    260	400139	     65	   31.0	13052.0	12902.2	 0.2326	 100.00	   2.59
    261	400139	     65	   19.0	13055.0	12902.8	 0.2326	 100.00	   2.59
    262	400139	     65	   23.0	13054.0	12903.4	 0.2324	 100.00	   2.59
    263	400139	     65	   24.0	13054.0	12904.0	 0.2323	 100.00	   2.59
    264	400139	     65	   30.0	13052.0	12904.5	 0.2325	 100.00	   2.60
    265	400139	     65	   19.0	13059.0	12905.1	 0.2323	 100.00	   2.60
    266	400139	     65	   31.0	13058.0	12905.7	 0.2323	 100.00	   2.60
    267	400139	     65	   27.0	13059.0	12906.3	 0.2324	 100.00	   2.60
    268	400139	     65	   35.0	13056.0	12906.8	 0.2326	 100.00	   2.60
    269	400139	     65	   30.0	13050.0	12907.3	 0.2328	 100.00	   2.60
    270	400139	     65	   23.0	13059.0	12907.9	 0.2328	 100.00	   2.60
    271	400139	     65	   24.0	13059.0	12908.5	 0.2327	 100.00	   2.60
    272	400139	     65	   35.0	13054.0	12909.0	 0.2329	 100.00	   2.61
    273	400139	     65	   27.0	13057.0	12909.5	 0.2329	 100.00	   2.61
    274	400139	     65	   32.0	13051.0	12910.1	 0.2329	 100.00	   2.61
    275	400139	     65	   31.0	13062.0	12910.6	 0.2329	 100.00	   2.61
    276	400139	     65	   21.0	13063.0	12911.2	 0.2329	 100.00	   2.61
    277	400139	     65	   26.0	13057.0	12911.7	 0.2331	 100.00	   2.61
    278	400139	     65	   27.0	13056.0	12912.2	 0.2334	 100.00	   2.61
    279	400139	     65	   25.0	13055.0	12912.7	 0.2334	 100.00	   2.61
    280	400139	     65	   28.0	13055.0	12913.2	 0.2331	 100.00	   2.61
    281	400139	     65	   26.0	13055.0	12913.7	 0.2334	 100.00	   2.62
    282	400139	     65	   35.0	13058.0	12914.2	 0.2337	 100.00	   2.62
    283	400139	     65	   27.0	13061.0	12914.7	 0.2336	 100.00	   2.62
    284	400139	     65	   30.0	13057.0	12915.2	 0.2341	 100.00	   2.62
    285	400139	     65	   28.0	13057.0	12915.7	 0.2341	 100.00	   2.62
    286	400139	     65	   29.0	13056.0	12916.2	 0.2342	 100.00	   2.62
    287	400139	     65	   28.0	13052.0	12916.7	 0.2343	 100.00	   2.62
    288	400139	     65	   20.0	13050.0	12917.2	 0.2344	 100.00	   2.62
    289	400139	     65	   22.0	13060.0	12917.6	 0.2347	 100.00	   2.62
    290	400139	     65	   29.0	13051.0	12918.1	 0.2348	 100.00	   2.63
    291	400139	     65	   19.0	13060.0	12918.6	 0.2347	 100.00	   2.63
    292	400139	     65	   30.0	13052.0	12919.0	 0.2348	 100.00	   2.63
    293	400139	     65	   22.0	13054.0	12919.5	 0.2348	 100.00	   2.63
    294	400139	     65	   23.0	13053.0	12920.0	 0.2346	 100.00	   2.63
    295	400139	     65	   23.0	13064.0	12920.4	 0.2346	 100.00	   2.63
    296	400139	     65	   33.0	13055.0	12920.9	 0.2348	 100.00	   2.63
    297	400139	     65	   26.0	13051.0	12921.3	 0.2349	 100.00	   2.63
    298	400139	     65	   26.0	13061.0	12921.8	 0.2348	 100.00	   2.63
    299	400139	     65	   23.0	13062.0	12922.3	 0.2349	 100.00	   2.63
    300	400139	     65	   30.0	13054.0	12922.7	 0.2349	 100.00	   2.63
    301	400139	     65	   20.0	13054.0	12923.1	 0.2350	 100.00	   2.64
    302	400139	     65	   21.0	13063.0	12923.6	 0.2351	 100.00	   2.64
    303	400139	     65	   25.0	13060.0	12924.1	 0.2348	 100.00	   2.64
    304	400139	     65	   28.0	13052.0	12924.5	 0.2350	 100.00	   2.64
    305	400139	     65	   28.0	13060.0	12924.9	 0.2350	 100.00	   2.64
    306	400139	     65	   31.0	13057.0	12925.3	 0.2350	 100.00	   2.64
    307	400139	     65	   29.0	13064.0	12925.8	 0.2350	 100.00	   2.64
    308	400139	     65	   26.0	13054.0	12926.2	 0.2351	 100.00	   2.64
    309	400139	     65	   18.0	13060.0	12926.6	 0.2351	 100.00	   2.64
    310	400139	     65	   27.0	13053.0	12927.0	 0.2352	 100.00	   2.64
    311	400139	     65	   28.0	13061.0	12927.5	 0.2351	 100.00	   2.64
    312	400139	     65	   21.0	13058.0	12927.9	 0.2351	 100.00	   2.65
    313	400139	     65	   24.0	13054.0	12928.3	 0.2351	 100.00	   2.65
    314	400139	     65	   23.0	13053.0	12928.7	 0.2349	 100.00	   2.65
    315	400139	     65	   26.0	13057.0	12929.1	 0.2349	 100.00	   2.65
    316	400139	     65	   29.0	13058.0	12929.5	 0.2351	 100.00	   2.65
    317	400139	     65	   21.0	13063.0	12929.9	 0.2351	 100.00	   2.65
    318	400139	     65	   30.0	13057.0	12930.3	 0.2354	 100.00	   2.65
    319	400139	     65	   24.0	13061.0	12930.7	 0.2352	 100.00	   2.65
    320	400139	     65	   28.0	13059.0	12931.1	 0.2351	 100.00	   2.65
    321	400139	     65	   22.0	13061.0	12931.5	 0.2353	 100.00	   2.65
    322	400139	     65	   22.0	13057.0	12931.9	 0.2351	 100.00	   2.65
    323	400139	     65	   29.0	13062.0	12932.3	 0.2349	 100.00	   2.66
    324	400139	     65	   28.0	13058.0	12932.7	 0.2351	 100.00	   2.66
    325	400139	     65	   22.0	13062.0	12933.1	 0.2350	 100.00	   2.66
    326	400139	     65	   23.0	13061.0	12933.5	 0.2351	 100.00	   2.66
    327	400139	     65	   27.0	13062.0	12933.9	 0.2350	 100.00	   2.66
    328	400139	     65	   39.0	13039.0	12934.2	 0.2354	 100.00	   2.66
    329	400139	     65	   22.0	13047.0	12934.6	 0.2355	 100.00	   2.66
    330	400139	     65	   25.0	13054.0	12934.9	 0.2357	 100.00	   2.66
    331	400139	     65	   26.0	13056.0	12935.3	 0.2356	 100.00	   2.66
    332	400139	     65	   27.0	13053.0	12935.6	 0.2356	 100.00	   2.66
    333	400139	     65	   21.0	13054.0	12936.0	 0.2357	 100.00	   2.66
    334	400139	     65	   23.0	13061.0	12936.4	 0.2359	 100.00	   2.66
    335	400139	     65	   26.0	13057.0	12936.7	 0.2360	 100.00	   2.67
    336	400139	     65	   29.0	13052.0	12937.1	 0.2355	 100.00	   2.67
    337	400139	     65	   32.0	13054.0	12937.4	 0.2354	 100.00	   2.67
    338	400139	     65	   27.0	13043.0	12937.7	 0.2358	 100.00	   2.67
    339	400139	     65	   19.0	13048.0	12938.0	 0.2359	 100.00	   2.67
    340	400139	     65	   28.0	13056.0	12938.4	 0.2360	 100.00	   2.67
    341	400139	     65	   25.0	13059.0	12938.7	 0.2358	 100.00	   2.67
    342	400139	     65	   25.0	13060.0	12939.1	 0.2360	 100.00	   2.67
    343	400139	     65	   23.0	13055.0	12939.4	 0.2360	 100.00	   2.67
    344	400139	     65	   27.0	13048.0	12939.7	 0.2362	 100.00	   2.67
    345	400139	     65	   26.0	13052.0	12940.1	 0.2360	 100.00	   2.67
    346	400139	     65	   34.0	13062.0	12940.4	 0.2361	 100.00	   2.67
    347	400139	     65	   24.0	13056.0	12940.8	 0.2361	 100.00	   2.67
    348	400139	     65	   31.0	13049.0	12941.1	 0.2362	 100.00	   2.68
    349	400139	     65	   28.0	13055.0	12941.4	 0.2361	 100.00	   2.68
    350	400139	     65	   32.0	13049.0	12941.7	 0.2361	 100.00	   2.68
    351	400139	     65	   20.0	13051.0	12942.0	 0.2363	 100.00	   2.68
    352	400139	     65	   29.0	13052.0	12942.3	 0.2361	 100.00	   2.68
    353	400139	     65	   27.0	13055.0	12942.6	 0.2362	 100.00	   2.68
    354	400139	     65	   26.0	13053.0	12942.9	 0.2362	 100.00	   2.68
    355	400139	     65	   25.0	13058.0	12943.3	 0.2363	 100.00	   2.68
    356	400139	     65	   26.0	13056.0	12943.6	 0.2366	 100.00	   2.68
    357	400139	     65	   23.0	13061.0	12943.9	 0.2364	 100.00	   2.68
    358	400139	     65	   24.0	13051.0	12944.2	 0.2365	 100.00	   2.68
    359	400139	     65	   29.0	13054.0	12944.5	 0.2366	 100.00	   2.68
    360	400139	     65	   26.0	13054.0	12944.8	 0.2367	 100.00	   2.68
    361	400139	     65	   17.0	13055.0	12945.1	 0.2367	 100.00	   2.68
    362	400139	     65	   30.0	13057.0	12945.4	 0.2368	 100.00	   2.69
    363	400139	     65	   29.0	13058.0	12945.7	 0.2367	 100.00	   2.69
    364	400139	     65	   33.0	13055.0	12946.0	 0.2369	 100.00	   2.69
    365	400139	     65	   22.0	13055.0	12946.3	 0.2369	 100.00	   2.69
    366	400139	     65	   23.0	13058.0	12946.6	 0.2368	 100.00	   2.69
    367	400139	     65	   31.0	13059.0	12946.9	 0.2369	 100.00	   2.69
    368	400139	     65	   26.0	13059.0	12947.3	 0.2369	 100.00	   2.69
    369	400139	     65	   31.0	13048.0	12947.5	 0.2371	 100.00	   2.69
    370	400139	     65	   28.0	13052.0	12947.8	 0.2371	 100.00	   2.69
    371	400139	     65	   26.0	13056.0	12948.1	 0.2371	 100.00	   2.69
    372	400139	     65	   22.0	13050.0	12948.4	 0.2370	 100.00	   2.69
    373	400139	     65	   18.0	13056.0	12948.7	 0.2370	 100.00	   2.69
    374	400139	     65	   26.0	13056.0	12948.9	 0.2371	 100.00	   2.69
    375	400139	     65	   25.0	13057.0	12949.2	 0.2373	 100.00	   2.69
    376	400139	     65	   28.0	13055.0	12949.5	 0.2371	 100.00	   2.69
    377	400139	     65	   26.0	13057.0	12949.8	 0.2371	 100.00	   2.69
    378	400139	     65	   24.0	13057.0	12950.1	 0.2370	 100.00	   2.70
    379	400139	     65	   26.0	13057.0	12950.4	 0.2369	 100.00	   2.70
    380	400139	     65	   30.0	13049.0	12950.6	 0.2370	 100.00	   2.70
    381	400139	     65	   17.0	13052.0	12950.9	 0.2369	 100.00	   2.70
    382	400139	     65	   25.0	13061.0	12951.2	 0.2370	 100.00	   2.70
    383	400139	     65	   27.0	13060.0	12951.5	 0.2370	 100.00	   2.70
    384	400139	     65	   28.0	13050.0	12951.7	 0.2374	 100.00	   2.70
    385	400139	     65	   31.0	13061.0	12952.0	 0.2374	 100.00	   2.70
    386	400139	     65	   29.0	13054.0	12952.3	 0.2374	 100.00	   2.70
    387	400139	     65	   24.0	13054.0	12952.5	 0.2374	 100.00	   2.70
    388	400139	     65	   27.0	13057.0	12952.8	 0.2374	 100.00	   2.70
    389	400139	     65	   25.0	13056.0	12953.1	 0.2373	 100.00	   2.70
    390	400139	     65	   31.0	13057.0	12953.3	 0.2376	 100.00	   2.70
    391	400139	     65	   25.0	13054.0	12953.6	 0.2375	 100.00	   2.70
    392	400139	     65	   30.0	13060.0	12953.8	 0.2377	 100.00	   2.70
    393	400139	     65	   22.0	13056.0	12954.1	 0.2377	 100.00	   2.70
    394	400139	     65	   22.0	13058.0	12954.4	 0.2377	 100.00	   2.71
    395	400139	     65	   25.0	13053.0	12954.6	 0.2375	 100.00	   2.71
    396	400139	     65	   28.0	13057.0	12954.9	 0.2376	 100.00	   2.71
    397	400139	     65	   20.0	13057.0	12955.1	 0.2376	 100.00	   2.71
    398	400139	     65	   29.0	13064.0	12955.4	 0.2376	 100.00	   2.71
    399	400139	     65	   30.0	13056.0	12955.7	 0.2376	 100.00	   2.71
    400	400139	     65	   30.0	13054.0	12955.9	 0.2376	 100.00	   2.71
    401	400139	     65	   20.0	13062.0	12956.2	 0.2378	 100.00	   2.71
    402	400139	     65	   30.0	13050.0	12956.4	 0.2379	 100.00	   2.71
    403	400139	     65	   26.0	13060.0	12956.7	 0.2379	 100.00	   2.71
    404	400139	     65	   23.0	13055.0	12956.9	 0.2378	 100.00	   2.71
    405	400139	     65	   28.0	13053.0	12957.1	 0.2377	 100.00	   2.71
    406	400139	     65	   20.0	13055.0	12957.4	 0.2378	 100.00	   2.71
    407	400139	     65	   29.0	13060.0	12957.6	 0.2378	 100.00	   2.71
    408	400139	     65	   24.0	13056.0	12957.9	 0.2376	 100.00	   2.71
    409	400139	     65	   22.0	13060.0	12958.1	 0.2378	 100.00	   2.71
    410	400139	     65	   32.0	13052.0	12958.3	 0.2382	 100.00	   2.71
    411	400139	     65	   27.0	13061.0	12958.6	 0.2380	 100.00	   2.72
    412	400139	     65	   25.0	13054.0	12958.8	 0.2381	 100.00	   2.72
    413	400139	     65	   22.0	13058.0	12959.1	 0.2380	 100.00	   2.72
    414	400139	     65	   24.0	13058.0	12959.3	 0.2381	 100.00	   2.72
    415	400139	     65	   20.0	13054.0	12959.5	 0.2380	 100.00	   2.72
    416	400139	     65	   32.0	13052.0	12959.8	 0.2378	 100.00	   2.72
    417	400139	     65	   25.0	13063.0	12960.0	 0.2378	 100.00	   2.72
    418	400139	     65	   29.0	13050.0	12960.2	 0.2381	 100.00	   2.72
    419	400139	     65	   20.0	13058.0	12960.4	 0.2380	 100.00	   2.72
    420	400139	     65	   26.0	13050.0	12960.7	 0.2381	 100.00	   2.72
    421	400139	     65	   21.0	13053.0	12960.9	 0.2379	 100.00	   2.72
    422	400139	     65	   23.0	13056.0	12961.1	 0.2380	 100.00	   2.72
    423	400139	     65	   20.0	13056.0	12961.3	 0.2381	 100.00	   2.72
    424	400139	     65	   25.0	13051.0	12961.5	 0.2380	 100.00	   2.72
    425	400139	     65	   26.0	13053.0	12961.8	 0.2378	 100.00	   2.72
    426	400139	     65	   24.0	13057.0	12962.0	 0.2379	 100.00	   2.72
    427	400139	     65	   26.0	13061.0	12962.2	 0.2380	 100.00	   2.72
    428	400139	     65	   28.0	13053.0	12962.4	 0.2381	 100.00	   2.72
    429	400139	     65	   26.0	13059.0	12962.6	 0.2379	 100.00	   2.72
    430	400139	     65	   28.0	13061.0	12962.9	 0.2378	 100.00	   2.73
    431	400139	     65	   28.0	13059.0	12963.1	 0.2377	 100.00	   2.73
    432	400139	     65	   22.0	13055.0	12963.3	 0.2376	 100.00	   2.73
    433	400139	     65	   27.0	13060.0	12963.5	 0.2378	 100.00	   2.73
    434	400139	     65	   36.0	13052.0	12963.7	 0.2377	 100.00	   2.73
    435	400139	     65	   18.0	13062.0	12964.0	 0.2376	 100.00	   2.73
    436	400139	     65	   25.0	13051.0	12964.2	 0.2376	 100.00	   2.73
    437	400139	     65	   23.0	13060.0	12964.4	 0.2376	 100.00	   2.73
    438	400139	     65	   24.0	13058.0	12964.6	 0.2374	 100.00	   2.73
    439	400139	     65	   21.0	13063.0	12964.8	 0.2376	 100.00	   2.73
    440	400139	     65	   23.0	13060.0	12965.0	 0.2375	 100.00	   2.73
    441	400139	     65	   23.0	13057.0	12965.2	 0.2375	 100.00	   2.73
    442	400139	     65	   27.0	13058.0	12965.4	 0.2376	 100.00	   2.73
    443	400139	     65	   28.0	13056.0	12965.7	 0.2377	 100.00	   2.73
    444	400139	     65	   29.0	13057.0	12965.9	 0.2378	 100.00	   2.73
    445	400139	     65	   29.0	13062.0	12966.1	 0.2378	 100.00	   2.73
    446	400139	     65	   27.0	13063.0	12966.3	 0.2377	 100.00	   2.73
    447	400139	     65	   28.0	13057.0	12966.5	 0.2376	 100.00	   2.73
    448	400139	     65	   28.0	13059.0	12966.7	 0.2377	 100.00	   2.73
    449	400139	     65	   29.0	13062.0	12966.9	 0.2378	 100.00	   2.73
    450	400139	     65	   28.0	13058.0	12967.1	 0.2377	 100.00	   2.73
    451	400139	     65	   32.0	13058.0	12967.3	 0.2379	 100.00	   2.74
    452	400139	     65	   30.0	13054.0	12967.5	 0.2379	 100.00	   2.74
    453	400139	     65	   26.0	13052.0	12967.7	 0.2378	 100.00	   2.74
    454	400139	     65	   20.0	13058.0	12967.9	 0.2377	 100.00	   2.74
    455	400139	     65	   24.0	13062.0	12968.1	 0.2377	 100.00	   2.74
    456	400139	     65	   27.0	13057.0	12968.3	 0.2377	 100.00	   2.74
    457	400139	     65	   24.0	13057.0	12968.5	 0.2379	 100.00	   2.74
    458	400139	     65	   25.0	13054.0	12968.7	 0.2379	 100.00	   2.74
    459	400139	     65	   27.0	13059.0	12968.9	 0.2380	 100.00	   2.74
    460	400139	     65	   28.0	13053.0	12969.0	 0.2380	 100.00	   2.74
    461	400139	     65	   28.0	13059.0	12969.2	 0.2381	 100.00	   2.74
    462	400139	     65	   22.0	13063.0	12969.4	 0.2380	 100.00	   2.74
    463	400139	     65	   29.0	13064.0	12969.6	 0.2380	 100.00	   2.74
    464	400139	     65	   34.0	13046.0	12969.8	 0.2384	 100.00	   2.74
    465	400139	     65	   26.0	13056.0	12970.0	 0.2384	 100.00	   2.74
    466	400139	     65	   31.0	13051.0	12970.2	 0.2384	 100.00	   2.74
    467	400139	     65	   26.0	13063.0	12970.4	 0.2383	 100.00	   2.74
    468	400139	     65	   27.0	13060.0	12970.6	 0.2382	 100.00	   2.74
    469	400139	     65	   24.0	13054.0	12970.7	 0.2382	 100.00	   2.74
    470	400139	     65	   27.0	13061.0	12970.9	 0.2384	 100.00	   2.74
    471	400139	     65	   23.0	13058.0	12971.1	 0.2386	 100.00	   2.74
    472	400139	     65	   28.0	13052.0	12971.3	 0.2385	 100.00	   2.74
    473	400139	     65	   26.0	13056.0	12971.5	 0.2384	 100.00	   2.74
    474	400139	     65	   25.0	13055.0	12971.6	 0.2384	 100.00	   2.74
    475	400139	     65	   29.0	13064.0	12971.8	 0.2382	 100.00	   2.75
    476	400139	     65	   26.0	13060.0	12972.0	 0.2382	 100.00	   2.75
    477	400139	     65	   29.0	13063.0	12972.2	 0.2381	 100.00	   2.75
    478	400139	     65	   30.0	13057.0	12972.4	 0.2381	 100.00	   2.75
    479	400139	     65	   23.0	13052.0	12972.6	 0.2382	 100.00	   2.75
    480	400139	     65	   25.0	13053.0	12972.7	 0.2380	 100.00	   2.75
    481	400139	     65	   22.0	13067.0	12972.9	 0.2379	 100.00	   2.75
    482	400139	     65	   34.0	13049.0	12973.1	 0.2379	 100.00	   2.75
    483	400139	     65	   26.0	13057.0	12973.2	 0.2380	 100.00	   2.75
    484	400139	     65	   24.0	13055.0	12973.4	 0.2381	 100.00	   2.75
    485	400139	     65	   23.0	13052.0	12973.6	 0.2380	 100.00	   2.75
    486	400139	     65	   28.0	13056.0	12973.7	 0.2380	 100.00	   2.75
    487	400139	     65	   26.0	13064.0	12973.9	 0.2380	 100.00	   2.75
    488	400139	     65	   30.0	13056.0	12974.1	 0.2380	 100.00	   2.75
    489	400139	     65	   28.0	13058.0	12974.3	 0.2382	 100.00	   2.75
    490	400139	     65	   28.0	13056.0	12974.4	 0.2383	 100.00	   2.75
    491	400139	     65	   27.0	13061.0	12974.6	 0.2384	 100.00	   2.75
    492	400139	     65	   37.0	13050.0	12974.8	 0.2385	 100.00	   2.75
    493	400139	     65	   25.0	13053.0	12974.9	 0.2386	 100.00	   2.75
    494	400139	     65	   24.0	13057.0	12975.1	 0.2386	 100.00	   2.75
    495	400139	     65	   26.0	13053.0	12975.2	 0.2388	 100.00	   2.75
    496	400139	     65	   29.0	13052.0	12975.4	 0.2389	 100.00	   2.75
    497	400139	     65	   25.0	13057.0	12975.6	 0.2388	 100.00	   2.75
    498	400139	     65	   30.0	13055.0	12975.7	 0.2389	 100.00	   2.75
    499	400139	     65	   28.0	13057.0	12975.9	 0.2389	 100.00	   2.76
    500	400139	     65	   24.0	13051.0	12976.0	 0.2388	 100.00	   2.76
    501	400139	     65	   24.0	13057.0	12976.2	 0.2389	 100.00	   2.76
    502	400139	     65	   32.0	13049.0	12976.3	 0.2388	 100.00	   2.76
    503	400139	     65	   29.0	13060.0	12976.5	 0.2388	 100.00	   2.76
    504	400139	     65	   31.0	13051.0	12976.7	 0.2388	 100.00	   2.76
    505	400139	     65	   31.0	13052.0	12976.8	 0.2388	 100.00	   2.76
    506	400139	     65	   29.0	13053.0	12977.0	 0.2388	 100.00	   2.76
    507	400139	     65	   26.0	13055.0	12977.1	 0.2388	 100.00	   2.76
    508	400139	     65	   29.0	13060.0	12977.3	 0.2388	 100.00	   2.76
    509	400139	     65	   26.0	13060.0	12977.4	 0.2389	 100.00	   2.76
    510	400139	     65	   24.0	13062.0	12977.6	 0.2390	 100.00	   2.76
    511	400139	     65	   29.0	13055.0	12977.8	 0.2389	 100.00	   2.76
    512	400139	     65	   33.0	13046.0	12977.9	 0.2390	 100.00	   2.76
    513	400139	     65	   25.0	13059.0	12978.0	 0.2389	 100.00	   2.76
    514	400139	     65	   26.0	13053.0	12978.2	 0.2389	 100.00	   2.76
    515	400139	     65	   26.0	13057.0	12978.3	 0.2390	 100.00	   2.76
    516	400139	     65	   26.0	13057.0	12978.5	 0.2389	 100.00	   2.76
    517	400139	     65	   21.0	13058.0	12978.6	 0.2388	 100.00	   2.76
    518	400139	     65	   26.0	13056.0	12978.8	 0.2390	 100.00	   2.76
    519	400139	     65	   29.0	13055.0	12978.9	 0.2392	 100.00	   2.76
    520	400139	     65	   28.0	13053.0	12979.1	 0.2393	 100.00	   2.76
    521	400139	     65	   28.0	13059.0	12979.2	 0.2393	 100.00	   2.76
    522	400139	     65	   30.0	13057.0	12979.4	 0.2393	 100.00	   2.76
    523	400139	     65	   26.0	13051.0	12979.5	 0.2392	 100.00	   2.76
    524	400139	     65	   24.0	13055.0	12979.7	 0.2392	 100.00	   2.76
    525	400139	     65	   22.0	13053.0	12979.8	 0.2393	 100.00	   2.76
    526	400139	     65	   26.0	13063.0	12980.0	 0.2391	 100.00	   2.76
    527	400139	     65	   30.0	13059.0	12980.1	 0.2391	 100.00	   2.77
    528	400139	     65	   28.0	13055.0	12980.3	 0.2391	 100.00	   2.77
    529	400139	     65	   28.0	13059.0	12980.4	 0.2393	 100.00	   2.77
    530	400139	     65	   27.0	13060.0	12980.6	 0.2393	 100.00	   2.77
    531	400139	     65	   29.0	13059.0	12980.7	 0.2393	 100.00	   2.77
    532	400139	     65	   24.0	13057.0	12980.8	 0.2392	 100.00	   2.77
    533	400139	     65	   31.0	13056.0	12981.0	 0.2393	 100.00	   2.77
    534	400139	     65	   25.0	13059.0	12981.1	 0.2393	 100.00	   2.77
    535	400139	     65	   27.0	13058.0	12981.3	 0.2394	 100.00	   2.77
    536	400139	     65	   33.0	13059.0	12981.4	 0.2395	 100.00	   2.77
    537	400139	     65	   25.0	13062.0	12981.6	 0.2394	 100.00	   2.77
    538	400139	     65	   30.0	13056.0	12981.7	 0.2395	 100.00	   2.77
    539	400139	     65	   24.0	13058.0	12981.8	 0.2395	 100.00	   2.77
    540	400139	     65	   27.0	13059.0	12982.0	 0.2396	 100.00	   2.77
    541	400139	     65	   26.0	13061.0	12982.1	 0.2397	 100.00	   2.77
    542	400139	     65	   24.0	13067.0	12982.3	 0.2398	 100.00	   2.77
    543	400139	     65	   27.0	13064.0	12982.4	 0.2399	 100.00	   2.77
    544	400139	     65	   28.0	13052.0	12982.6	 0.2401	 100.00	   2.77
    545	400139	     65	   25.0	13059.0	12982.7	 0.2402	 100.00	   2.77
    546	400139	     65	   28.0	13057.0	12982.8	 0.2402	 100.00	   2.77
    547	400139	     65	   28.0	13057.0	12983.0	 0.2402	 100.00	   2.77
    548	400139	     65	   27.0	13056.0	12983.1	 0.2401	 100.00	   2.77
    549	400139	     65	   22.0	13060.0	12983.3	 0.2401	 100.00	   2.77
    550	400139	     65	   26.0	13058.0	12983.4	 0.2400	 100.00	   2.77
    551	400139	     65	   19.0	13063.0	12983.5	 0.2400	 100.00	   2.77
    552	400139	     65	   27.0	13062.0	12983.7	 0.2399	 100.00	   2.77
    553	400139	     65	   32.0	13052.0	12983.8	 0.2399	 100.00	   2.77
    554	400139	     65	   31.0	13057.0	12983.9	 0.2400	 100.00	   2.77
    555	400139	     65	   26.0	13061.0	12984.1	 0.2400	 100.00	   2.77
    556	400139	     65	   35.0	13050.0	12984.2	 0.2401	 100.00	   2.77
    557	400139	     65	   22.0	13058.0	12984.3	 0.2400	 100.00	   2.77
    558	400139	     65	   28.0	13062.0	12984.5	 0.2400	 100.00	   2.78
    559	400139	     65	   25.0	13059.0	12984.6	 0.2400	 100.00	   2.78
    560	400139	     65	   29.0	13058.0	12984.7	 0.2401	 100.00	   2.78
    561	400139	     65	   28.0	13058.0	12984.9	 0.2401	 100.00	   2.78
    562	400139	     65	   33.0	13057.0	12985.0	 0.2403	 100.00	   2.78
    563	400139	     65	   23.0	13064.0	12985.1	 0.2404	 100.00	   2.78
    564	400139	     65	   26.0	13054.0	12985.2	 0.2403	 100.00	   2.78
    565	400139	     65	   25.0	13057.0	12985.4	 0.2404	 100.00	   2.78
    566	400139	     65	   29.0	13066.0	12985.5	 0.2405	 100.00	   2.78
    567	400139	     65	   31.0	13059.0	12985.6	 0.2406	 100.00	   2.78
    568	400139	     65	   31.0	13052.0	12985.8	 0.2407	 100.00	   2.78
    569	400139	     65	   28.0	13056.0	12985.9	 0.2405	 100.00	   2.78
    570	400139	     65	   26.0	13058.0	12986.0	 0.2406	 100.00	   2.78
    571	400139	     65	   29.0	13061.0	12986.1	 0.2408	 100.00	   2.78
    572	400139	     65	   32.0	13057.0	12986.3	 0.2408	 100.00	   2.78
    573	400139	     65	   25.0	13064.0	12986.4	 0.2407	 100.00	   2.78
    574	400139	     65	   32.0	13056.0	12986.5	 0.2408	 100.00	   2.78
    575	400139	     65	   24.0	13060.0	12986.6	 0.2407	 100.00	   2.78
    576	400139	     65	   29.0	13051.0	12986.8	 0.2407	 100.00	   2.78
    577	400139	     65	   21.0	13056.0	12986.9	 0.2408	 100.00	   2.78
    578	400139	     65	   26.0	13050.0	12987.0	 0.2408	 100.00	   2.78
    579	400139	     65	   25.0	13057.0	12987.1	 0.2408	 100.00	   2.78
    580	400139	     65	   30.0	13055.0	12987.2	 0.2408	 100.00	   2.78
    581	400139	     65	   25.0	13060.0	12987.3	 0.2408	 100.00	   2.78
    582	400139	     65	   21.0	13053.0	12987.5	 0.2408	 100.00	   2.78
    583	400139	     65	   24.0	13063.0	12987.6	 0.2406	 100.00	   2.78
    584	400139	     65	   30.0	13053.0	12987.7	 0.2406	 100.00	   2.78
    585	400139	     65	   20.0	13057.0	12987.8	 0.2407	 100.00	   2.78
    586	400139	     65	   31.0	13060.0	12987.9	 0.2407	 100.00	   2.78
    587	400139	     65	   28.0	13062.0	12988.1	 0.2408	 100.00	   2.78
    588	400139	     65	   31.0	13059.0	12988.2	 0.2408	 100.00	   2.78
    589	400139	     65	   27.0	13064.0	12988.3	 0.2408	 100.00	   2.78
    590	400139	     65	   22.0	13064.0	12988.4	 0.2407	 100.00	   2.78
    591	400139	     65	   26.0	13062.0	12988.6	 0.2409	 100.00	   2.78
    592	400139	     65	   31.0	13053.0	12988.7	 0.2410	 100.00	   2.79
    593	400139	     65	   33.0	13058.0	12988.8	 0.2410	 100.00	   2.79
    594	400139	     65	   35.0	13049.0	12988.9	 0.2411	 100.00	   2.79
    595	400139	     65	   25.0	13060.0	12989.0	 0.2412	 100.00	   2.79
    596	400139	     65	   25.0	13059.0	12989.1	 0.2414	 100.00	   2.79
    597	400139	     65	   28.0	13055.0	12989.2	 0.2415	 100.00	   2.79
    598	400139	     65	   22.0	13061.0	12989.4	 0.2414	 100.00	   2.79
    599	400139	     65	   27.0	13064.0	12989.5	 0.2414	 100.00	   2.79
    600	400139	     65	   26.0	13054.0	12989.6	 0.2415	 100.00	   2.79
    601	400139	     65	   26.0	13058.0	12989.7	 0.2414	 100.00	   2.79
    602	400139	     65	   30.0	13056.0	12989.8	 0.2417	 100.00	   2.79
    603	400139	     65	   22.0	13062.0	12989.9	 0.2418	 100.00	   2.79
    604	400139	     65	   28.0	13064.0	12990.1	 0.2417	 100.00	   2.79
    605	400139	     65	   21.0	13065.0	12990.2	 0.2418	 100.00	   2.79
    606	400139	     65	   28.0	13061.0	12990.3	 0.2419	 100.00	   2.79
    607	400139	     65	   29.0	13062.0	12990.4	 0.2418	 100.00	   2.79
    608	400139	     65	   30.0	13060.0	12990.5	 0.2418	 100.00	   2.79
    609	400139	     65	   27.0	13059.0	12990.6	 0.2417	 100.00	   2.79
    610	400139	     65	   27.0	13056.0	12990.8	 0.2416	 100.00	   2.79
    611	400139	     65	   26.0	13060.0	12990.9	 0.2417	 100.00	   2.79
    612	400139	     65	   30.0	13062.0	12991.0	 0.2416	 100.00	   2.79
    613	400139	     65	   19.0	13067.0	12991.1	 0.2415	 100.00	   2.79
    614	400139	     65	   34.0	13059.0	12991.2	 0.2416	 100.00	   2.79
    615	400139	     65	   25.0	13060.0	12991.3	 0.2417	 100.00	   2.79
    616	400139	     65	   29.0	13053.0	12991.4	 0.2416	 100.00	   2.79
    617	400139	     65	   21.0	13058.0	12991.5	 0.2416	 100.00	   2.79
    618	400139	     65	   27.0	13059.0	12991.6	 0.2416	 100.00	   2.79
    619	400139	     65	   22.0	13055.0	12991.7	 0.2415	 100.00	   2.79
    620	400139	     65	   34.0	13059.0	12991.9	 0.2414	 100.00	   2.79
    621	400139	     65	   20.0	13061.0	12992.0	 0.2415	 100.00	   2.79
    622	400139	     65	   28.0	13059.0	12992.1	 0.2415	 100.00	   2.79
    623	400139	     65	   26.0	13059.0	12992.2	 0.2416	 100.00	   2.79
    624	400139	     65	   33.0	13056.0	12992.3	 0.2415	 100.00	   2.79
    625	400139	     65	   29.0	13057.0	12992.4	 0.2415	 100.00	   2.79
    626	400139	     65	   29.0	13058.0	12992.5	 0.2414	 100.00	   2.79
    627	400139	     65	   26.0	13066.0	12992.6	 0.2415	 100.00	   2.79
    628	400139	     65	   22.0	13056.0	12992.7	 0.2414	 100.00	   2.79
    629	400139	     65	   22.0	13062.0	12992.8	 0.2415	 100.00	   2.79
    630	400139	     65	   28.0	13058.0	12992.9	 0.2415	 100.00	   2.80
    631	400139	     65	   24.0	13060.0	12993.0	 0.2414	 100.00	   2.80
    632	400139	     65	   29.0	13057.0	12993.1	 0.2415	 100.00	   2.80
    633	400139	     65	   27.0	13058.0	12993.2	 0.2414	 100.00	   2.80
    634	400139	     65	   28.0	13064.0	12993.3	 0.2414	 100.00	   2.80
    635	400139	     65	   34.0	13056.0	12993.4	 0.2415	 100.00	   2.80
    636	400139	     65	   26.0	13062.0	12993.5	 0.2415	 100.00	   2.80
    637	400139	     65	   20.0	13058.0	12993.7	 0.2413	 100.00	   2.80
    638	400139	     65	   25.0	13065.0	12993.8	 0.2412	 100.00	   2.80
    639	400139	     65	   30.0	13061.0	12993.9	 0.2413	 100.00	   2.80
    640	400139	     65	   29.0	13052.0	12994.0	 0.2415	 100.00	   2.80
    641	400139	     65	   22.0	13062.0	12994.1	 0.2414	 100.00	   2.80
    642	400139	     65	   23.0	13057.0	12994.2	 0.2415	 100.00	   2.80
    643	400139	     65	   33.0	13066.0	12994.3	 0.2415	 100.00	   2.80
    644	400139	     65	   26.0	13062.0	12994.4	 0.2415	 100.00	   2.80
    645	400139	     65	   24.0	13064.0	12994.5	 0.2415	 100.00	   2.80
    646	400139	     65	   28.0	13060.0	12994.6	 0.2414	 100.00	   2.80
    647	400139	     65	   26.0	13066.0	12994.7	 0.2414	 100.00	   2.80
    648	400139	     65	   31.0	13055.0	12994.8	 0.2414	 100.00	   2.80
    649	400139	     65	   24.0	13063.0	12994.9	 0.2414	 100.00	   2.80
    650	400139	     65	   27.0	13062.0	12995.0	 0.2415	 100.00	   2.80
    651	400139	     65	   27.0	13065.0	12995.1	 0.2414	 100.00	   2.80
    652	400139	     65	   30.0	13065.0	12995.2	 0.2415	 100.00	   2.80
    653	400139	     65	   27.0	13060.0	12995.3	 0.2415	 100.00	   2.80
    654	400139	     65	   23.0	13069.0	12995.4	 0.2416	 100.00	   2.80
    655	400139	     65	   20.0	13065.0	12995.5	 0.2415	 100.00	   2.80
    656	400139	     65	   41.0	13042.0	12995.6	 0.2420	 100.00	   2.80
    657	400139	     65	   28.0	13054.0	12995.7	 0.2419	 100.00	   2.80
    658	400139	     65	   30.0	13050.0	12995.8	 0.2419	 100.00	   2.80
    659	400139	     65	   27.0	13053.0	12995.9	 0.2420	 100.00	   2.80
    660	400139	     65	   27.0	13052.0	12995.9	 0.2420	 100.00	   2.80
    661	400139	     65	   30.0	13050.0	12996.0	 0.2420	 100.00	   2.80
    662	400139	     65	   25.0	13061.0	12996.1	 0.2419	 100.00	   2.80
    663	400139	     65	   28.0	13057.0	12996.2	 0.2419	 100.00	   2.80
    664	400139	     65	   28.0	13051.0	12996.3	 0.2420	 100.00	   2.80
    665	400139	     65	   25.0	13056.0	12996.4	 0.2420	 100.00	   2.80
    666	400139	     65	   41.0	13049.0	12996.5	 0.2421	 100.00	   2.80
    667	400139	     65	   31.0	13058.0	12996.6	 0.2421	 100.00	   2.80
    668	400139	     65	   28.0	13056.0	12996.6	 0.2421	 100.00	   2.80
    669	400139	     65	   25.0	13059.0	12996.7	 0.2420	 100.00	   2.80
    670	400139	     65	   26.0	13057.0	12996.8	 0.2420	 100.00	   2.80
    671	400139	     65	   29.0	13052.0	12996.9	 0.2421	 100.00	   2.80
    672	400139	     65	   29.0	13053.0	12997.0	 0.2420	 100.00	   2.80
    673	400139	     65	   24.0	13057.0	12997.1	 0.2420	 100.00	   2.81
    674	400139	     65	   29.0	13052.0	12997.2	 0.2420	 100.00	   2.81
    675	400139	     65	   25.0	13057.0	12997.3	 0.2420	 100.00	   2.81
    676	400139	     65	   39.0	13046.0	12997.3	 0.2422	 100.00	   2.81
    677	400139	     65	   21.0	13053.0	12997.4	 0.2423	 100.00	   2.81
    678	400139	     65	   25.0	13060.0	12997.5	 0.2422	 100.00	   2.81
    679	400139	     65	   26.0	13058.0	12997.6	 0.2423	 100.00	   2.81
    680	400139	     65	   28.0	13056.0	12997.7	 0.2422	 100.00	   2.81
    681	400139	     65	   32.0	13052.0	12997.8	 0.2422	 100.00	   2.81
    682	400139	     65	   28.0	13054.0	12997.8	 0.2422	 100.00	   2.81
    683	400139	     65	   24.0	13058.0	12997.9	 0.2421	 100.00	   2.81
    684	400139	     65	   31.0	13057.0	12998.0	 0.2421	 100.00	   2.81
    685	400139	     65	   26.0	13059.0	12998.1	 0.2422	 100.00	   2.81
    686	400139	     65	   29.0	13054.0	12998.2	 0.2423	 100.00	   2.81
    687	400139	     65	   23.0	13055.0	12998.3	 0.2422	 100.00	   2.81
    688	400139	     65	   25.0	13050.0	12998.3	 0.2422	 100.00	   2.81
    689	400139	     65	   28.0	13060.0	12998.4	 0.2422	 100.00	   2.81
    690	400139	     65	   29.0	13051.0	12998.5	 0.2423	 100.00	   2.81
    691	400139	     65	   23.0	13060.0	12998.6	 0.2423	 100.00	   2.81
    692	400139	     65	   35.0	13059.0	12998.7	 0.2423	 100.00	   2.81
    693	400139	     65	   27.0	13052.0	12998.8	 0.2424	 100.00	   2.81
    694	400139	     65	   25.0	13057.0	12998.8	 0.2424	 100.00	   2.81
    695	400139	     65	   26.0	13065.0	12998.9	 0.2425	 100.00	   2.81
    696	400139	     65	   29.0	13062.0	12999.0	 0.2426	 100.00	   2.81
    697	400139	     65	   25.0	13051.0	12999.1	 0.2428	 100.00	   2.81
    698	400139	     65	   33.0	13058.0	12999.2	 0.2428	 100.00	   2.81
    699	400139	     65	   26.0	13058.0	12999.3	 0.2427	 100.00	   2.81
    700	400139	     65	   28.0	13052.0	12999.3	 0.2428	 100.00	   2.81
    701	400139	     65	   26.0	13060.0	12999.4	 0.2428	 100.00	   2.81
    702	400139	     65	   25.0	13063.0	12999.5	 0.2429	 100.00	   2.81
    703	400139	     65	   31.0	13058.0	12999.6	 0.2430	 100.00	   2.81
    704	400139	     65	   27.0	13053.0	12999.7	 0.2429	 100.00	   2.81
    705	400139	     65	   23.0	13052.0	12999.8	 0.2430	 100.00	   2.81
    706	400139	     65	   28.0	13052.0	12999.8	 0.2430	 100.00	   2.81
    707	400139	     65	   32.0	13064.0	12999.9	 0.2430	 100.00	   2.81
    708	400139	     65	   25.0	13055.0	13000.0	 0.2431	 100.00	   2.81
    709	400139	     65	   27.0	13054.0	13000.1	 0.2431	 100.00	   2.81
    710	400139	     65	   30.0	13058.0	13000.2	 0.2432	 100.00	   2.81
    711	400139	     65	   26.0	13058.0	13000.2	 0.2433	 100.00	   2.81
    712	400139	     65	   37.0	13057.0	13000.3	 0.2433	 100.00	   2.81
    713	400139	     65	   20.0	13055.0	13000.4	 0.2433	 100.00	   2.81
    714	400139	     65	   29.0	13062.0	13000.5	 0.2433	 100.00	   2.81
    715	400139	     65	   27.0	13063.0	13000.6	 0.2433	 100.00	   2.81
    716	400139	     65	   26.0	13051.0	13000.6	 0.2434	 100.00	   2.81
    717	400139	     65	   34.0	13055.0	13000.7	 0.2435	 100.00	   2.82
    718	400139	     65	   25.0	13058.0	13000.8	 0.2434	 100.00	   2.82
    719	400139	     65	   26.0	13060.0	13000.9	 0.2433	 100.00	   2.82
    720	400139	     65	   28.0	13058.0	13001.0	 0.2434	 100.00	   2.82
    721	400139	     65	   26.0	13064.0	13001.0	 0.2436	 100.00	   2.82
    722	400139	     65	   27.0	13057.0	13001.1	 0.2436	 100.00	   2.82
    723	400139	     65	   25.0	13060.0	13001.2	 0.2436	 100.00	   2.82
    724	400139	     65	   29.0	13051.0	13001.3	 0.2435	 100.00	   2.82
    725	400139	     65	   27.0	13060.0	13001.3	 0.2435	 100.00	   2.82
    726	400139	     65	   23.0	13059.0	13001.4	 0.2437	 100.00	   2.82
    727	400139	     65	   20.0	13061.0	13001.5	 0.2437	 100.00	   2.82
    728	400139	     65	   29.0	13058.0	13001.6	 0.2438	 100.00	   2.82
    729	400139	     65	   25.0	13055.0	13001.7	 0.2438	 100.00	   2.82
    730	400139	     65	   29.0	13056.0	13001.7	 0.2438	 100.00	   2.82
    731	400139	     65	   24.0	13058.0	13001.8	 0.2438	 100.00	   2.82
    732	400139	     65	   33.0	13065.0	13001.9	 0.2437	 100.00	   2.82
    733	400139	     65	   31.0	13052.0	13002.0	 0.2438	 100.00	   2.82
    734	400139	     65	   24.0	13060.0	13002.0	 0.2440	 100.00	   2.82
    735	400139	     65	   24.0	13050.0	13002.1	 0.2438	 100.00	   2.82
    736	400139	     65	   27.0	13057.0	13002.2	 0.2437	 100.00	   2.82
    737	400139	     65	   26.0	13061.0	13002.3	 0.2438	 100.00	   2.82
    738	400139	     65	   31.0	13050.0	13002.3	 0.2440	 100.00	   2.82
    739	400139	     65	   25.0	13057.0	13002.4	 0.2438	 100.00	   2.82
    740	400139	     65	   30.0	13051.0	13002.5	 0.2438	 100.00	   2.82
    741	400139	     65	   27.0	13050.0	13002.5	 0.2438	 100.00	   2.82
    742	400139	     65	   27.0	13049.0	13002.6	 0.2438	 100.00	   2.82
    743	400139	     65	   26.0	13055.0	13002.7	 0.2438	 100.00	   2.82
    744	400139	     65	   27.0	13054.0	13002.7	 0.2439	 100.00	   2.82
    745	400139	     65	   29.0	13057.0	13002.8	 0.2438	 100.00	   2.82
    746	400139	     65	   26.0	13063.0	13002.9	 0.2438	 100.00	   2.82
    747	400139	     65	   26.0	13059.0	13003.0	 0.2437	 100.00	   2.82
    748	400139	     65	   27.0	13056.0	13003.0	 0.2437	 100.00	   2.82
    749	400139	     65	   27.0	13051.0	13003.1	 0.2437	 100.00	   2.82
    750	400139	     65	   23.0	13064.0	13003.2	 0.2436	 100.00	   2.82
    751	400139	     65	   30.0	13060.0	13003.3	 0.2437	 100.00	   2.82
    752	400139	     65	   31.0	13055.0	13003.3	 0.2437	 100.00	   2.82
    753	400139	     65	   27.0	13060.0	13003.4	 0.2437	 100.00	   2.82
    754	400139	     65	   31.0	13059.0	13003.5	 0.2438	 100.00	   2.82
    755	400139	     65	   24.0	13057.0	13003.5	 0.2438	 100.00	   2.82
