./asc:main.c:294: warning: auxv random bytes were not cleared
  Round	    PC	Excited	Hamming	   Loss	 Regret	    MSE	  Error	   MIPS
      0	40010c	     16	12746.0	12746.0	12746.0	 0.1858	 100.00	0.15992
      1	40013f	     16	  305.0	13047.0	 6523.5	 0.1241	 100.00	0.36944
      2	40013f	     16	    5.0	13046.0	 4348.7	 0.0853	 100.00	0.51688
      3	40013f	     16	    5.0	13047.0	 3261.8	 0.0642	 100.00	0.65842
      4	40013f	     16	    6.0	13047.0	 5218.8	 0.0514	 100.00	0.77008
      5	40013f	     16	    4.0	13049.0	 6523.8	 0.0431	 100.00	0.88783
      6	40013f	     16	    6.0	13047.0	 7455.7	 0.0378	 100.00	0.98324
      7	40013f	     16	    5.0	13050.0	 8155.0	 0.0333	 100.00	   1.06
      8	40013f	     16	    6.0	13046.0	 8698.4	 0.0296	 100.00	   1.14
      9	40013f	     16	    3.0	13047.0	 9133.3	 0.0271	 100.00	   1.21
     10	40013f	     16	    5.0	13050.0	 9489.4	 0.0252	 100.00	   1.26
     11	40013f	     16	    6.0	13048.0	 9785.9	 0.0232	 100.00	   1.32
     12	40013f	     16	    7.0	13047.0	10036.8	 0.0215	 100.00	   1.38
     13	40013f	     16	    5.0	13048.0	10251.9	 0.0200	 100.00	   1.42
     14	40013f	     16	    4.0	13050.0	10438.4	 0.0188	 100.00	   1.46
     15	40013f	     16	    4.0	13050.0	10601.6	 0.0176	 100.00	   1.50
     16	40013f	     16	    7.0	13047.0	10745.5	 0.0169	 100.00	   1.54
     17	40013f	     16	    4.0	13049.0	10873.4	 0.0160	 100.00	   1.56
     18	40013f	     16	    6.0	13047.0	10987.8	 0.0151	 100.00	   1.60
     19	40013f	     16	    3.0	13050.0	11091.0	 0.0145	 100.00	   1.62
     20	40013f	     16	    6.0	13050.0	11184.2	 0.0139	 100.00	   1.65
     21	40013f	     16	    9.0	13047.0	11268.9	 0.0152	 100.00	   1.68
     22	40013f	     16	    4.0	13047.0	11346.2	 0.0146	 100.00	   1.69
     23	40013f	     16	    4.0	13051.0	11417.2	 0.0141	 100.00	   1.72
     24	40013f	     16	    6.0	13047.0	11482.4	 0.0136	 100.00	   1.75
     25	40013f	     16	    3.0	13048.0	11542.7	 0.0131	 100.00	   1.75
     26	40013f	     16	    8.0	13048.0	11598.4	 0.0128	 100.00	   1.78
     27	40013f	     16	    3.0	13049.0	11650.2	 0.0123	 100.00	   1.80
     28	40013f	     16	    6.0	13049.0	11698.4	 0.0119	 100.00	   1.83
     29	40013f	     16	    5.0	13050.0	11743.5	 0.0116	 100.00	   1.85
     30	40013f	     16	    5.0	13051.0	11785.7	 0.0112	 100.00	   1.87
     31	40013f	     16	    7.0	13048.0	11825.1	 0.0111	 100.00	   1.89
     32	40013f	     16	    5.0	13047.0	11862.2	 0.0107	 100.00	   1.91
     33	40013f	     16	    3.0	13050.0	11897.1	 0.0105	 100.00	   1.93
     34	40013f	     16	    6.0	13048.0	11930.0	 0.0102	 100.00	   1.95
     35	40013f	     16	    4.0	13050.0	11961.1	 0.0099	 100.00	   1.96
     36	40013f	     16	    8.0	13048.0	11990.5	 0.0097	 100.00	   1.98
     37	40013f	     16	    4.0	13050.0	12018.3	 0.0094	 100.00	   1.99
     38	40013f	     16	    4.0	13050.0	12044.8	 0.0096	 100.00	   2.01
     39	40013f	     16	    6.0	13052.0	12070.0	 0.0093	 100.00	   2.03
     40	40013f	     16	    5.0	13049.0	12093.9	 0.0091	 100.00	   2.04
     41	40013f	     16	    8.0	13045.0	12116.5	 0.0099	 100.00	   2.06
     42	40013f	     16	    5.0	13048.0	12138.2	 0.0097	 100.00	   2.07
     43	40013f	     16	    3.0	13049.0	12158.9	 0.0095	 100.00	   2.09
     44	40013f	     16	    8.0	13047.0	12178.6	 0.0093	 100.00	   2.10
     45	40013f	     16	    4.0	13049.0	12197.5	 0.0091	 100.00	   2.11
     46	40013f	     16	    4.0	13051.0	12215.7	 0.0090	 100.00	   2.12
     47	40013f	     16	    6.0	13049.0	12233.0	 0.0088	 100.00	   2.13
     48	40013f	     16	    5.0	13048.0	12249.7	 0.0086	 100.00	   2.15
     49	40013f	     16	    5.0	13049.0	12265.7	 0.0085	 100.00	   2.16
     50	40013f	     16	    5.0	13048.0	12281.0	 0.0083	 100.00	   2.17
     51	40013f	     16	    3.0	13051.0	12295.8	 0.0082	 100.00	   2.18
     52	40013f	     16	    9.0	13048.0	12310.0	 0.0081	 100.00	   2.19
     53	40013f	     16	    5.0	13049.0	12323.7	 0.0080	 100.00	   2.20
     54	40013f	     16	    5.0	13048.0	12336.9	 0.0078	 100.00	   2.20
     55	40013f	     16	    4.0	13052.0	12349.6	 0.0077	 100.00	   2.22
     56	40013f	     16	    5.0	13049.0	12361.9	 0.0076	 100.00	   2.22
     57	40013f	     16	    5.0	13048.0	12373.7	 0.0078	 100.00	   2.23
     58	40013f	     16	    6.0	13050.0	12385.2	 0.0077	 100.00	   2.24
     59	40013f	     16	    4.0	13050.0	12396.3	 0.0076	 100.00	   2.25
     60	40013f	     16	    6.0	13050.0	12407.0	 0.0075	 100.00	   2.26
     61	40013f	     16	    4.0	13052.0	12417.4	 0.0074	 100.00	   2.27
     62	40013f	     16	    9.0	13049.0	12427.4	 0.0077	 100.00	   2.27
     63	40013f	     16	    4.0	13049.0	12437.1	 0.0076	 100.00	   2.28
     64	40013f	     16	    6.0	13047.0	12446.5	 0.0075	 100.00	   2.29
     65	40013f	     16	    3.0	13050.0	12455.7	 0.0074	 100.00	   2.29
     66	40013f	     16	    5.0	13049.0	12464.5	 0.0073	 100.00	   2.30
     67	40013f	     16	    6.0	13049.0	12473.1	 0.0072	 100.00	   2.30
     68	40013f	     16	    6.0	13049.0	12481.4	 0.0071	 100.00	   2.31
     69	40013f	     16	    4.0	13051.0	12489.6	 0.0070	 100.00	   2.31
     70	40013f	     16	    5.0	13050.0	12497.5	 0.0069	 100.00	   2.31
     71	40013f	     16	    5.0	13053.0	12505.2	 0.0068	 100.00	   2.32
     72	40013f	     16	    8.0	13047.0	12512.6	 0.0068	 100.00	   2.32
     73	40013f	     16	    3.0	13048.0	12519.9	 0.0067	 100.00	   2.33
     74	40013f	     16	    5.0	13051.0	12526.9	 0.0066	 100.00	   2.33
     75	40013f	     16	    4.0	13051.0	12533.8	 0.0065	 100.00	   2.34
     76	40013f	     16	    7.0	13050.0	12540.5	 0.0065	 100.00	   2.34
     77	40013f	     16	    6.0	13050.0	12547.1	 0.0067	 100.00	   2.35
     78	40013f	     16	    4.0	13052.0	12553.5	 0.0066	 100.00	   2.35
     79	40013f	     16	    4.0	13052.0	12559.7	 0.0065	 100.00	   2.35
     80	40013f	     16	    6.0	13050.0	12565.7	 0.0065	 100.00	   2.36
     81	40013f	     16	    4.0	13052.0	12571.7	 0.0065	 100.00	   2.35
     82	40013f	     16	   11.0	13045.0	12577.4	 0.0083	 100.00	   2.36
     83	40013f	     16	    3.0	13048.0	12583.0	 0.0082	 100.00	   2.36
     84	40013f	     16	    6.0	13048.0	12588.4	 0.0081	 100.00	   2.37
     85	40013f	     16	    6.0	13048.0	12593.8	 0.0080	 100.00	   2.37
     86	40013f	     16	    4.0	13048.0	12599.0	 0.0079	 100.00	   2.38
     87	40013f	     16	    4.0	13052.0	12604.2	 0.0080	 100.00	   2.38
     88	40013f	     16	    7.0	13047.0	12609.1	 0.0079	 100.00	   2.38
     89	40013f	     16	    3.0	13048.0	12614.0	 0.0078	 100.00	   2.39
     90	40013f	     16	    7.0	13049.0	12618.8	 0.0077	 100.00	   2.39
     91	40013f	     16	    3.0	13050.0	12623.5	 0.0076	 100.00	   2.40
     92	40013f	     16	    6.0	13050.0	12628.1	 0.0076	 100.00	   2.40
     93	40013f	     16	    7.0	13049.0	12632.5	 0.0075	 100.00	   2.40
     94	40013f	     16	    5.0	13050.0	12636.9	 0.0074	 100.00	   2.40
     95	40013f	     16	    5.0	13049.0	12641.2	 0.0073	 100.00	   2.41
     96	40013f	     16	    5.0	13048.0	12645.4	 0.0073	 100.00	   2.41
     97	40013f	     16	    3.0	13051.0	12649.6	 0.0072	 100.00	   2.42
     98	40013f	     16	    7.0	13048.0	12653.6	 0.0071	 100.00	   2.42
     99	40013f	     16	    4.0	13050.0	12657.5	 0.0071	 100.00	   2.42
    100	40013f	     16	    7.0	13049.0	12661.4	 0.0070	 100.00	   2.42
    101	40013f	     16	    4.0	13051.0	12665.2	 0.0069	 100.00	   2.43
    102	40013f	     16	    4.0	13051.0	12669.0	 0.0069	 100.00	   2.43
    103	40013f	     16	    9.0	13050.0	12672.7	 0.0069	 100.00	   2.43
    104	40013f	     16	    5.0	13047.0	12676.2	 0.0068	 100.00	   2.44
    105	40013f	     16	    4.0	13047.0	12679.7	 0.0067	 100.00	   2.44
    106	40013f	     16	    5.0	13050.0	12683.2	 0.0067	 100.00	   2.44
    107	40013f	     16	    3.0	13051.0	12686.6	 0.0066	 100.00	   2.45
    108	40013f	     16	    9.0	13048.0	12689.9	 0.0066	 100.00	   2.45
    109	40013f	     16	    4.0	13050.0	12693.2	 0.0065	 100.00	   2.45
    110	40013f	     16	    4.0	13052.0	12696.4	 0.0064	 100.00	   2.45
    111	40013f	     16	    5.0	13051.0	12699.6	 0.0064	 100.00	   2.45
    112	40013f	     16	    5.0	13050.0	12702.7	 0.0063	 100.00	   2.46
    113	40013f	     16	    7.0	13049.0	12705.7	 0.0063	 100.00	   2.46
    114	40013f	     16	    5.0	13048.0	12708.7	 0.0063	 100.00	   2.46
    115	40013f	     16	    3.0	13051.0	12711.6	 0.0062	 100.00	   2.46
    116	40013f	     16	    7.0	13050.0	12714.5	 0.0062	 100.00	   2.47
    117	40013f	     16	    5.0	13051.0	12717.4	 0.0061	 100.00	   2.47
    118	40013f	     16	    6.0	13049.0	12720.2	 0.0061	 100.00	   2.47
    119	40013f	     16	    4.0	13053.0	12722.9	 0.0061	 100.00	   2.47
    120	40013f	     16	    5.0	13050.0	12725.6	 0.0060	 100.00	   2.47
    121	40013f	     16	    4.0	13050.0	12728.3	 0.0060	 100.00	   2.47
    122	40013f	     16	    6.0	13052.0	12730.9	 0.0060	 100.00	   2.48
    123	40013f	     16	    8.0	13048.0	12733.5	 0.0061	 100.00	   2.48
    124	40013f	     16	    6.0	13048.0	12736.0	 0.0061	 100.00	   2.48
    125	40013f	     16	    4.0	13050.0	12738.5	 0.0060	 100.00	   2.48
    126	40013f	     16	    6.0	13050.0	12741.0	 0.0060	 100.00	   2.48
    127	40013f	     16	    4.0	13050.0	12743.4	 0.0059	 100.00	   2.48
    128	40013f	     16	    7.0	13047.0	12745.7	 0.0059	 100.00	   2.48
    129	40013f	     16	    3.0	13050.0	12748.1	 0.0059	 100.00	   2.48
    130	40013f	     16	    5.0	13049.0	12750.4	 0.0058	 100.00	   2.49
    131	40013f	     16	    5.0	13050.0	12752.6	 0.0058	 100.00	   2.49
    132	40013f	     16	    6.0	13050.0	12754.9	 0.0057	 100.00	   2.49
    133	40013f	     16	    4.0	13052.0	12757.1	 0.0057	 100.00	   2.49
    134	40013f	     16	    7.0	13049.0	12759.2	 0.0057	 100.00	   2.49
    135	40013f	     16	    5.0	13052.0	12761.4	 0.0056	 100.00	   2.49
    136	40013f	     16	    6.0	13048.0	12763.5	 0.0056	 100.00	   2.49
    137	40013f	     16	    3.0	13049.0	12765.6	 0.0056	 100.00	   2.49
    138	40013f	     16	    5.0	13052.0	12767.6	 0.0055	 100.00	   2.50
    139	40013f	     16	    5.0	13051.0	12769.6	 0.0055	 100.00	   2.50
    140	40013f	     16	    7.0	13050.0	12771.6	 0.0055	 100.00	   2.50
    141	40013f	     16	    5.0	13051.0	12773.6	 0.0054	 100.00	   2.50
    142	40013f	     16	    4.0	13053.0	12775.6	 0.0054	 100.00	   2.50
    143	40013f	     16	    4.0	13053.0	12777.5	 0.0054	 100.00	   2.51
    144	40013f	     16	    9.0	13048.0	12779.3	 0.0054	 100.00	   2.51
    145	40013f	     16	    4.0	13050.0	12781.2	 0.0053	 100.00	   2.51
    146	40013f	     16	    6.0	13048.0	12783.0	 0.0053	 100.00	   2.51
    147	40013f	     16	    3.0	13051.0	12784.8	 0.0053	 100.00	   2.51
    148	40013f	     16	    6.0	13051.0	12786.6	 0.0052	 100.00	   2.51
    149	40013f	     16	    7.0	13050.0	12788.4	 0.0052	 100.00	   2.51
    150	40013f	     16	    4.0	13050.0	12790.1	 0.0052	 100.00	   2.52
    151	40013f	     16	    4.0	13054.0	12791.8	 0.0051	 100.00	   2.52
    152	40013f	     16	    6.0	13050.0	12793.5	 0.0051	 100.00	   2.52
    153	40013f	     16	    3.0	13051.0	12795.2	 0.0051	 100.00	   2.52
    154	40013f	     16	    9.0	13050.0	12796.8	 0.0052	 100.00	   2.52
    155	40013f	     16	    3.0	13051.0	12798.5	 0.0052	 100.00	   2.52
    156	40013f	     16	    6.0	13051.0	12800.1	 0.0051	 100.00	   2.53
    157	40013f	     16	    5.0	13052.0	12801.7	 0.0051	 100.00	   2.53
    158	40013f	     16	    5.0	13053.0	12803.3	 0.0051	 100.00	   2.53
    159	40013f	     16	    6.0	13051.0	12804.8	 0.0050	 100.00	   2.53
    160	40013f	     16	    5.0	13050.0	12806.3	 0.0050	 100.00	   2.53
    161	40013f	     16	    3.0	13053.0	12807.8	 0.0050	 100.00	   2.53
    162	40013f	     16	    6.0	13051.0	12809.3	 0.0050	 100.00	   2.54
    163	40013f	     16	    4.0	13053.0	12810.8	 0.0049	 100.00	   2.54
    164	40013f	     16	   13.0	13046.0	12812.2	 0.0053	 100.00	   2.54
    165	40013f	     16	    4.0	13048.0	12813.7	 0.0053	 100.00	   2.54
    166	40013f	     16	    4.0	13048.0	12815.1	 0.0053	 100.00	   2.54
    167	40013f	     16	    6.0	13050.0	12816.5	 0.0053	 100.00	   2.54
    168	40013f	     16	    5.0	13047.0	12817.8	 0.0052	 100.00	   2.54
    169	40013f	     16	    5.0	13046.0	12819.2	 0.0052	 100.00	   2.54
    170	40013f	     16	    5.0	13049.0	12820.5	 0.0052	 100.00	   2.54
    171	40013f	     16	    3.0	13050.0	12821.9	 0.0051	 100.00	   2.54
    172	40013f	     16	    8.0	13048.0	12823.2	 0.0051	 100.00	   2.54
    173	40013f	     16	    4.0	13050.0	12824.5	 0.0051	 100.00	   2.54
    174	40013f	     16	    4.0	13052.0	12825.8	 0.0051	 100.00	   2.54
    175	40013f	     16	    7.0	13049.0	12827.0	 0.0050	 100.00	   2.55
    176	40013f	     16	    5.0	13048.0	12828.3	 0.0050	 100.00	   2.55
    177	40013f	     16	    5.0	13049.0	12829.5	 0.0050	 100.00	   2.55
    178	40013f	     16	    5.0	13048.0	12830.7	 0.0050	 100.00	   2.55
    179	40013f	     16	    3.0	13051.0	12832.0	 0.0049	 100.00	   2.55
    180	40013f	     16	    8.0	13049.0	12833.2	 0.0049	 100.00	   2.55
    181	40013f	     16	    5.0	13050.0	12834.4	 0.0049	 100.00	   2.55
    182	40013f	     16	    5.0	13049.0	12835.5	 0.0049	 100.00	   2.55
    183	40013f	     16	    4.0	13053.0	12836.7	 0.0048	 100.00	   2.55
    184	40013f	     16	    5.0	13050.0	12837.9	 0.0048	 100.00	   2.55
    185	40013f	     16	    7.0	13047.0	12839.0	 0.0049	 100.00	   2.55
    186	40013f	     16	    6.0	13049.0	12840.1	 0.0049	 100.00	   2.55
    187	40013f	     16	    4.0	13049.0	12841.2	 0.0048	 100.00	   2.55
    188	40013f	     16	    6.0	13049.0	12842.3	 0.0048	 100.00	   2.55
    189	40013f	     16	    4.0	13051.0	12843.4	 0.0048	 100.00	   2.56
    190	40013f	     16	    7.0	13050.0	12844.5	 0.0048	 100.00	   2.55
    191	40013f	     16	    4.0	13050.0	12845.6	 0.0047	 100.00	   2.55
    192	40013f	     16	    6.0	13048.0	12846.6	 0.0047	 100.00	   2.56
    193	40013f	     16	    3.0	13051.0	12847.7	 0.0047	 100.00	   2.56
    194	40013f	     16	    5.0	13050.0	12848.7	 0.0047	 100.00	   2.56
    195	40013f	     16	    7.0	13049.0	12849.7	 0.0047	 100.00	   2.56
    196	40013f	     16	    6.0	13049.0	12850.7	 0.0046	 100.00	   2.56
    197	40013f	     16	    4.0	13051.0	12851.8	 0.0046	 100.00	   2.56
    198	40013f	     16	    5.0	13050.0	12852.8	 0.0046	 100.00	   2.56
    199	40013f	     16	    5.0	13053.0	12853.8	 0.0046	 100.00	   2.56
    200	40013f	     16	    7.0	13048.0	12854.7	 0.0046	 100.00	   2.57
    201	40013f	     16	    3.0	13049.0	12855.7	 0.0046	 100.00	   2.57
    202	40013f	     16	    5.0	13052.0	12856.7	 0.0046	 100.00	   2.57
    203	40013f	     16	    4.0	13052.0	12857.6	 0.0045	 100.00	   2.57
    204	40013f	     16	    7.0	13051.0	12858.6	 0.0045	 100.00	   2.57
    205	40013f	     16	    9.0	13048.0	12859.5	 0.0046	 100.00	   2.57
    206	40013f	     16	    4.0	13050.0	12860.4	 0.0046	 100.00	   2.57
    207	40013f	     16	    4.0	13050.0	12861.3	 0.0046	 100.00	   2.57
    208	40013f	     16	    6.0	13048.0	12862.2	 0.0046	 100.00	   2.57
    209	40013f	     16	    4.0	13050.0	12863.1	 0.0046	 100.00	   2.57
    210	40013f	     16	    7.0	13047.0	12864.0	 0.0045	 100.00	   2.57
    211	40013f	     16	    3.0	13050.0	12864.8	 0.0045	 100.00	   2.58
    212	40013f	     16	    6.0	13050.0	12865.7	 0.0045	 100.00	   2.58
    213	40013f	     16	    6.0	13050.0	12866.6	 0.0045	 100.00	   2.58
    214	40013f	     16	    4.0	13050.0	12867.4	 0.0045	 100.00	   2.58
    215	40013f	     16	    4.0	13054.0	12868.3	 0.0044	 100.00	   2.58
    216	40013f	     16	    8.0	13048.0	12869.1	 0.0044	 100.00	   2.58
    217	40013f	     16	    3.0	13049.0	12869.9	 0.0044	 100.00	   2.58
    218	40013f	     16	    7.0	13050.0	12870.8	 0.0044	 100.00	   2.58
    219	40013f	     16	    3.0	13051.0	12871.6	 0.0044	 100.00	   2.58
    220	40013f	     16	    6.0	13051.0	12872.4	 0.0044	 100.00	   2.58
    221	40013f	     16	    6.0	13051.0	12873.2	 0.0043	 100.00	   2.58
    222	40013f	     16	    5.0	13052.0	12874.0	 0.0043	 100.00	   2.58
    223	40013f	     16	    5.0	13051.0	12874.8	 0.0043	 100.00	   2.59
    224	40013f	     16	    5.0	13050.0	12875.6	 0.0043	 100.00	   2.59
    225	40013f	     16	    3.0	13053.0	12876.4	 0.0043	 100.00	   2.59
    226	40013f	     16	    9.0	13048.0	12877.1	 0.0044	 100.00	   2.59
    227	40013f	     16	    4.0	13050.0	12877.9	 0.0044	 100.00	   2.59
    228	40013f	     16	    7.0	13049.0	12878.6	 0.0044	 100.00	   2.59
    229	40013f	     16	    4.0	13051.0	12879.4	 0.0044	 100.00	   2.59
    230	40013f	     16	    4.0	13051.0	12880.1	 0.0044	 100.00	   2.59
    231	40013f	     16	    7.0	13052.0	12880.8	 0.0043	 100.00	   2.59
    232	40013f	     16	    5.0	13049.0	12881.6	 0.0043	 100.00	   2.59
    233	40013f	     16	    4.0	13049.0	12882.3	 0.0043	 100.00	   2.58
    234	40013f	     16	    5.0	13052.0	12883.0	 0.0043	 100.00	   2.58
    235	40013f	     16	    3.0	13053.0	12883.7	 0.0043	 100.00	   2.58
    236	40013f	     16	   10.0	13049.0	12884.4	 0.0043	 100.00	   2.58
    237	40013f	     16	    4.0	13051.0	12885.1	 0.0043	 100.00	   2.58
    238	40013f	     16	    4.0	13053.0	12885.8	 0.0042	 100.00	   2.58
    239	40013f	     16	    5.0	13052.0	12886.5	 0.0042	 100.00	   2.58
    240	40013f	     16	    5.0	13051.0	12887.2	 0.0042	 100.00	   2.58
    241	40013f	     16	    6.0	13051.0	12887.9	 0.0042	 100.00	   2.58
    242	40013f	     16	    5.0	13050.0	12888.5	 0.0042	 100.00	   2.58
    243	40013f	     16	    3.0	13053.0	12889.2	 0.0042	 100.00	   2.58
    244	40013f	     16	    7.0	13052.0	12889.9	 0.0042	 100.00	   2.58
    245	40013f	     16	    5.0	13053.0	12890.5	 0.0042	 100.00	   2.58
    246	40013f	     16	   10.0	13047.0	12891.2	 0.0043	 100.00	   2.58
    247	40013f	     16	    4.0	13051.0	12891.8	 0.0043	 100.00	   2.58
    248	40013f	     16	    5.0	13048.0	12892.5	 0.0043	 100.00	   2.58
    249	40013f	     16	    4.0	13048.0	12893.1	 0.0043	 100.00	   2.58
    250	40013f	     16	    6.0	13050.0	12893.7	 0.0043	 100.00	   2.58
    251	40013f	     16	    5.0	13049.0	12894.3	 0.0042	 100.00	   2.58
    252	40013f	     16	    6.0	13049.0	12894.9	 0.0042	 100.00	   2.59
    253	40013f	     16	    4.0	13051.0	12895.5	 0.0042	 100.00	   2.59
    254	40013f	     16	    6.0	13051.0	12896.2	 0.0042	 100.00	   2.59
    255	40013f	     16	    4.0	13051.0	12896.8	 0.0042	 100.00	   2.59
    256	40013f	     16	    8.0	13047.0	12897.3	 0.0042	 100.00	   2.59
    257	40013f	     16	    3.0	13050.0	12897.9	 0.0042	 100.00	   2.59
    258	40013f	     16	    5.0	13049.0	12898.5	 0.0042	 100.00	   2.59
    259	40013f	     16	    5.0	13050.0	12899.1	 0.0042	 100.00	   2.59
    260	40013f	     16	    6.0	13050.0	12899.7	 0.0042	 100.00	   2.59
    261	40013f	     16	    4.0	13052.0	12900.3	 0.0042	 100.00	   2.59
    262	40013f	     16	    6.0	13050.0	12900.8	 0.0042	 100.00	   2.60
    263	40013f	     16	    5.0	13053.0	12901.4	 0.0042	 100.00	   2.60
    264	40013f	     16	    6.0	13049.0	12902.0	 0.0042	 100.00	   2.60
    265	40013f	     16	    3.0	13050.0	12902.5	 0.0042	 100.00	   2.60
    266	40013f	     16	    5.0	13053.0	12903.1	 0.0043	 100.00	   2.60
    267	40013f	     16	    7.0	13050.0	12903.6	 0.0046	 100.00	   2.60
    268	40013f	     16	    7.0	13049.0	12904.2	 0.0046	 100.00	   2.60
    269	40013f	     16	    5.0	13050.0	12904.7	 0.0046	 100.00	   2.60
    270	40013f	     16	    4.0	13052.0	12905.3	 0.0046	 100.00	   2.60
    271	40013f	     16	    4.0	13052.0	12905.8	 0.0046	 100.00	   2.60
    272	40013f	     16	    7.0	13049.0	12906.3	 0.0045	 100.00	   2.60
    273	40013f	     16	    4.0	13051.0	12906.8	 0.0045	 100.00	   2.61
    274	40013f	     16	    6.0	13049.0	12907.4	 0.0045	 100.00	   2.61
    275	40013f	     16	    3.0	13052.0	12907.9	 0.0045	 100.00	   2.61
    276	40013f	     16	    6.0	13052.0	12908.4	 0.0045	 100.00	   2.61
    277	40013f	     16	    8.0	13050.0	12908.9	 0.0045	 100.00	   2.61
    278	40013f	     16	    4.0	13050.0	12909.4	 0.0045	 100.00	   2.61
    279	40013f	     16	    4.0	13054.0	12909.9	 0.0044	 100.00	   2.61
    280	40013f	     16	    6.0	13050.0	12910.4	 0.0044	 100.00	   2.61
    281	40013f	     16	    3.0	13051.0	12910.9	 0.0044	 100.00	   2.61
    282	40013f	     16	    8.0	13051.0	12911.4	 0.0044	 100.00	   2.61
    283	40013f	     16	    3.0	13052.0	12911.9	 0.0044	 100.00	   2.61
    284	40013f	     16	    6.0	13052.0	12912.4	 0.0044	 100.00	   2.61
    285	40013f	     16	    5.0	13053.0	12912.9	 0.0044	 100.00	   2.61
    286	40013f	     16	    5.0	13054.0	12913.4	 0.0044	 100.00	   2.61
    287	40013f	     16	    9.0	13049.0	12913.9	 0.0045	 100.00	   2.61
    288	40013f	     16	    5.0	13048.0	12914.3	 0.0044	 100.00	   2.61
    289	40013f	     16	    3.0	13051.0	12914.8	 0.0044	 100.00	   2.61
    290	40013f	     16	    6.0	13049.0	12915.3	 0.0044	 100.00	   2.61
    291	40013f	     16	    4.0	13051.0	12915.7	 0.0044	 100.00	   2.61
    292	40013f	     16	    8.0	13049.0	12916.2	 0.0044	 100.00	   2.61
    293	40013f	     16	    4.0	13051.0	12916.6	 0.0044	 100.00	   2.61
    294	40013f	     16	    4.0	13051.0	12917.1	 0.0044	 100.00	   2.61
    295	40013f	     16	    6.0	13053.0	12917.6	 0.0043	 100.00	   2.61
    296	40013f	     16	    5.0	13050.0	12918.0	 0.0043	 100.00	   2.61
    297	40013f	     16	    6.0	13048.0	12918.4	 0.0043	 100.00	   2.62
    298	40013f	     16	    5.0	13051.0	12918.9	 0.0043	 100.00	   2.62
    299	40013f	     16	    3.0	13052.0	12919.3	 0.0043	 100.00	   2.62
    300	40013f	     16	    8.0	13050.0	12919.8	 0.0043	 100.00	   2.62
    301	40013f	     16	    4.0	13052.0	12920.2	 0.0043	 100.00	   2.62
    302	40013f	     16	    4.0	13054.0	12920.6	 0.0043	 100.00	   2.62
    303	40013f	     16	    6.0	13052.0	12921.1	 0.0043	 100.00	   2.62
    304	40013f	     16	    5.0	13051.0	12921.5	 0.0042	 100.00	   2.62
    305	40013f	     16	    5.0	13052.0	12921.9	 0.0042	 100.00	   2.62
    306	40013f	     16	    5.0	13051.0	12922.3	 0.0042	 100.00	   2.62
    307	40013f	     16	    3.0	13054.0	12922.8	 0.0042	 100.00	   2.62
    308	40013f	     16	   10.0	13050.0	12923.2	 0.0042	 100.00	   2.62
    309	40013f	     16	    5.0	13051.0	12923.6	 0.0042	 100.00	   2.62
    310	40013f	     16	    5.0	13050.0	12924.0	 0.0042	 100.00	   2.62
    311	40013f	     16	    4.0	13054.0	12924.4	 0.0042	 100.00	   2.62
    312	40013f	     16	    5.0	13051.0	12924.8	 0.0042	 100.00	   2.62
    313	40013f	     16	    5.0	13050.0	12925.2	 0.0042	 100.00	   2.62
    314	40013f	     16	    6.0	13052.0	12925.6	 0.0042	 100.00	   2.62
    315	40013f	     16	    4.0	13052.0	12926.0	 0.0041	 100.00	   2.62
    316	40013f	     16	    6.0	13052.0	12926.4	 0.0041	 100.00	   2.63
    317	40013f	     16	    4.0	13054.0	12926.8	 0.0041	 100.00	   2.63
    318	40013f	     16	    8.0	13052.0	12927.2	 0.0041	 100.00	   2.62
    319	40013f	     16	    4.0	13052.0	12927.6	 0.0041	 100.00	   2.63
    320	40013f	     16	    6.0	13050.0	12928.0	 0.0041	 100.00	   2.63
    321	40013f	     16	    3.0	13053.0	12928.4	 0.0041	 100.00	   2.63
    322	40013f	     16	    5.0	13052.0	12928.8	 0.0041	 100.00	   2.63
    323	40013f	     16	    6.0	13052.0	12929.1	 0.0041	 100.00	   2.63
    324	40013f	     16	    6.0	13052.0	12929.5	 0.0041	 100.00	   2.63
    325	40013f	     16	    4.0	13054.0	12929.9	 0.0040	 100.00	   2.63
    326	40013f	     16	    5.0	13053.0	12930.3	 0.0040	 100.00	   2.63
    327	40013f	     16	    5.0	13056.0	12930.7	 0.0040	 100.00	   2.63
    328	40013f	     16	   13.0	13045.0	12931.0	 0.0044	 100.00	   2.63
    329	40013f	     16	    3.0	13046.0	12931.4	 0.0044	 100.00	   2.63
    330	40013f	     16	    5.0	13049.0	12931.7	 0.0044	 100.00	   2.63
    331	40013f	     16	    4.0	13049.0	12932.1	 0.0044	 100.00	   2.63
    332	40013f	     16	    7.0	13048.0	12932.4	 0.0044	 100.00	   2.63
    333	40013f	     16	    6.0	13048.0	12932.8	 0.0043	 100.00	   2.63
    334	40013f	     16	    4.0	13050.0	12933.1	 0.0043	 100.00	   2.63
    335	40013f	     16	    4.0	13050.0	12933.5	 0.0043	 100.00	   2.63
    336	40013f	     16	    6.0	13048.0	12933.8	 0.0043	 100.00	   2.63
    337	40013f	     16	    4.0	13050.0	12934.1	 0.0043	 100.00	   2.63
    338	40013f	     16	    8.0	13046.0	12934.5	 0.0043	 100.00	   2.63
    339	40013f	     16	    3.0	13049.0	12934.8	 0.0043	 100.00	   2.63
    340	40013f	     16	    6.0	13049.0	12935.1	 0.0043	 100.00	   2.63
    341	40013f	     16	    6.0	13049.0	12935.5	 0.0042	 100.00	   2.63
    342	40013f	     16	    4.0	13049.0	12935.8	 0.0042	 100.00	   2.63
    343	40013f	     16	    4.0	13053.0	12936.1	 0.0042	 100.00	   2.63
    344	40013f	     16	    7.0	13048.0	12936.5	 0.0042	 100.00	   2.63
    345	40013f	     16	    3.0	13049.0	12936.8	 0.0042	 100.00	   2.63
    346	40013f	     16	    7.0	13050.0	12937.1	 0.0042	 100.00	   2.63
    347	40013f	     16	    3.0	13051.0	12937.5	 0.0042	 100.00	   2.63
    348	40013f	     16	    6.0	13051.0	12937.8	 0.0043	 100.00	   2.63
    349	40013f	     16	    8.0	13049.0	12938.1	 0.0043	 100.00	   2.63
    350	40013f	     16	    5.0	13050.0	12938.4	 0.0042	 100.00	   2.63
    351	40013f	     16	    5.0	13049.0	12938.7	 0.0042	 100.00	   2.63
    352	40013f	     16	    5.0	13048.0	12939.0	 0.0042	 100.00	   2.63
    353	40013f	     16	    3.0	13051.0	12939.4	 0.0042	 100.00	   2.63
    354	40013f	     16	    7.0	13048.0	12939.7	 0.0042	 100.00	   2.63
    355	40013f	     16	    4.0	13050.0	12940.0	 0.0042	 100.00	   2.63
    356	40013f	     16	    7.0	13049.0	12940.3	 0.0042	 100.00	   2.63
    357	40013f	     16	    4.0	13051.0	12940.6	 0.0042	 100.00	   2.63
    358	40013f	     16	    4.0	13051.0	12940.9	 0.0042	 100.00	   2.63
    359	40013f	     16	    8.0	13051.0	12941.2	 0.0042	 100.00	   2.63
    360	40013f	     16	    5.0	13048.0	12941.5	 0.0042	 100.00	   2.62
    361	40013f	     16	    4.0	13048.0	12941.8	 0.0042	 100.00	   2.62
    362	40013f	     16	    5.0	13051.0	12942.1	 0.0042	 100.00	   2.62
    363	40013f	     16	    3.0	13052.0	12942.4	 0.0041	 100.00	   2.62
    364	40013f	     16	    9.0	13049.0	12942.7	 0.0041	 100.00	   2.62
    365	40013f	     16	    4.0	13051.0	12943.0	 0.0041	 100.00	   2.62
    366	40013f	     16	    4.0	13053.0	12943.3	 0.0041	 100.00	   2.62
    367	40013f	     16	    5.0	13052.0	12943.6	 0.0041	 100.00	   2.62
    368	40013f	     16	    5.0	13051.0	12943.9	 0.0041	 100.00	   2.62
    369	40013f	     16	    9.0	13048.0	12944.1	 0.0043	 100.00	   2.61
    370	40013f	     16	    5.0	13047.0	12944.4	 0.0043	 100.00	   2.61
    371	40013f	     16	    3.0	13050.0	12944.7	 0.0043	 100.00	   2.61
    372	40013f	     16	    7.0	13049.0	12945.0	 0.0042	 100.00	   2.61
    373	40013f	     16	    5.0	13050.0	12945.3	 0.0042	 100.00	   2.61
    374	40013f	     16	    6.0	13048.0	12945.5	 0.0042	 100.00	   2.61
    375	40013f	     16	    4.0	13052.0	12945.8	 0.0042	 100.00	   2.61
    376	40013f	     16	    5.0	13049.0	12946.1	 0.0043	 100.00	   2.61
    377	40013f	     16	    4.0	13049.0	12946.4	 0.0042	 100.00	   2.61
    378	40013f	     16	    6.0	13051.0	12946.6	 0.0042	 100.00	   2.61
    379	40013f	     16	    6.0	13049.0	12946.9	 0.0043	 100.00	   2.61
    380	40013f	     16	    6.0	13049.0	12947.2	 0.0043	 100.00	   2.61
    381	40013f	     16	    4.0	13051.0	12947.5	 0.0042	 100.00	   2.62
    382	40013f	     16	    6.0	13051.0	12947.7	 0.0042	 100.00	   2.62
    383	40013f	     16	    4.0	13051.0	12948.0	 0.0042	 100.00	   2.62
    384	40013f	     16	    7.0	13048.0	12948.3	 0.0042	 100.00	   2.62
    385	40013f	     16	    3.0	13051.0	12948.5	 0.0042	 100.00	   2.62
    386	40013f	     16	    5.0	13050.0	12948.8	 0.0042	 100.00	   2.62
    387	40013f	     16	    5.0	13051.0	12949.0	 0.0042	 100.00	   2.63
    388	40013f	     16	    6.0	13051.0	12949.3	 0.0042	 100.00	   2.63
    389	40013f	     16	    4.0	13053.0	12949.6	 0.0042	 100.00	   2.63
    390	40013f	     16	    8.0	13049.0	12949.8	 0.0042	 100.00	   2.63
    391	40013f	     16	    5.0	13052.0	12950.1	 0.0042	 100.00	   2.63
    392	40013f	     16	    6.0	13048.0	12950.3	 0.0042	 100.00	   2.63
    393	40013f	     16	    3.0	13049.0	12950.6	 0.0042	 100.00	   2.63
    394	40013f	     16	    5.0	13052.0	12950.8	 0.0042	 100.00	   2.64
    395	40013f	     16	    5.0	13051.0	12951.1	 0.0042	 100.00	   2.64
    396	40013f	     16	    7.0	13050.0	12951.3	 0.0042	 100.00	   2.64
    397	40013f	     16	    5.0	13051.0	12951.6	 0.0042	 100.00	   2.64
    398	40013f	     16	    4.0	13053.0	12951.9	 0.0042	 100.00	   2.64
    399	40013f	     16	    4.0	13053.0	12952.1	 0.0042	 100.00	   2.64
    400	40013f	     16	    8.0	13049.0	12952.3	 0.0042	 100.00	   2.65
    401	40013f	     16	    4.0	13051.0	12952.6	 0.0042	 100.00	   2.65
    402	40013f	     16	    6.0	13049.0	12952.8	 0.0042	 100.00	   2.65
    403	40013f	     16	    3.0	13052.0	12953.1	 0.0041	 100.00	   2.65
    404	40013f	     16	    6.0	13052.0	12953.3	 0.0041	 100.00	   2.65
    405	40013f	     16	    7.0	13051.0	12953.6	 0.0041	 100.00	   2.65
    406	40013f	     16	    4.0	13051.0	12953.8	 0.0041	 100.00	   2.65
    407	40013f	     16	    4.0	13055.0	12954.0	 0.0041	 100.00	   2.66
    408	40013f	     16	    6.0	13051.0	12954.3	 0.0041	 100.00	   2.66
    409	40013f	     16	    3.0	13052.0	12954.5	 0.0041	 100.00	   2.66
    410	40013f	     16	   12.0	13048.0	12954.8	 0.0042	 100.00	   2.66
    411	40013f	     16	    3.0	13049.0	12955.0	 0.0042	 100.00	   2.66
    412	40013f	     16	    6.0	13049.0	12955.2	 0.0042	 100.00	   2.66
    413	40013f	     16	    5.0	13050.0	12955.4	 0.0042	 100.00	   2.66
    414	40013f	     16	    5.0	13051.0	12955.7	 0.0042	 100.00	   2.67
    415	40013f	     16	    6.0	13049.0	12955.9	 0.0041	 100.00	   2.67
    416	40013f	     16	    5.0	13048.0	12956.1	 0.0041	 100.00	   2.67
    417	40013f	     16	    3.0	13051.0	12956.3	 0.0041	 100.00	   2.67
    418	40013f	     16	    6.0	13049.0	12956.6	 0.0041	 100.00	   2.67
    419	40013f	     16	    4.0	13051.0	12956.8	 0.0041	 100.00	   2.67
    420	40013f	     16	    9.0	13048.0	12957.0	 0.0041	 100.00	   2.67
    421	40013f	     16	    4.0	13050.0	12957.2	 0.0041	 100.00	   2.67
    422	40013f	     16	    4.0	13050.0	12957.4	 0.0041	 100.00	   2.68
    423	40013f	     16	    6.0	13052.0	12957.7	 0.0041	 100.00	   2.68
    424	40013f	     16	    5.0	13049.0	12957.9	 0.0041	 100.00	   2.68
    425	40013f	     16	    5.0	13048.0	12958.1	 0.0041	 100.00	   2.68
    426	40013f	     16	    5.0	13051.0	12958.3	 0.0040	 100.00	   2.68
    427	40013f	     16	    3.0	13052.0	12958.5	 0.0040	 100.00	   2.68
    428	40013f	     16	    8.0	13050.0	12958.7	 0.0040	 100.00	   2.68
    429	40013f	     16	    4.0	13052.0	12959.0	 0.0040	 100.00	   2.69
    430	40013f	     16	    4.0	13054.0	12959.2	 0.0040	 100.00	   2.69
    431	40013f	     16	    8.0	13050.0	12959.4	 0.0040	 100.00	   2.69
    432	40013f	     16	    5.0	13049.0	12959.6	 0.0040	 100.00	   2.69
    433	40013f	     16	    5.0	13050.0	12959.8	 0.0040	 100.00	   2.69
    434	40013f	     16	    5.0	13049.0	12960.0	 0.0040	 100.00	   2.69
    435	40013f	     16	    3.0	13052.0	12960.2	 0.0040	 100.00	   2.69
    436	40013f	     16	    8.0	13050.0	12960.4	 0.0040	 100.00	   2.70
    437	40013f	     16	    5.0	13051.0	12960.6	 0.0040	 100.00	   2.70
    438	40013f	     16	    5.0	13050.0	12960.8	 0.0040	 100.00	   2.70
    439	40013f	     16	    4.0	13054.0	12961.0	 0.0040	 100.00	   2.70
    440	40013f	     16	    5.0	13051.0	12961.3	 0.0040	 100.00	   2.70
    441	40013f	     16	    6.0	13049.0	12961.5	 0.0040	 100.00	   2.70
    442	40013f	     16	    6.0	13051.0	12961.7	 0.0040	 100.00	   2.70
    443	40013f	     16	    4.0	13051.0	12961.9	 0.0040	 100.00	   2.70
    444	40013f	     16	    6.0	13051.0	12962.1	 0.0040	 100.00	   2.71
    445	40013f	     16	    4.0	13053.0	12962.3	 0.0040	 100.00	   2.71
    446	40013f	     16	    7.0	13052.0	12962.5	 0.0040	 100.00	   2.71
    447	40013f	     16	    4.0	13052.0	12962.7	 0.0039	 100.00	   2.71
    448	40013f	     16	    6.0	13050.0	12962.9	 0.0039	 100.00	   2.71
    449	40013f	     16	    3.0	13053.0	12963.1	 0.0039	 100.00	   2.71
    450	40013f	     16	    5.0	13052.0	12963.3	 0.0039	 100.00	   2.71
    451	40013f	     16	    9.0	13049.0	12963.4	 0.0040	 100.00	   2.71
    452	40013f	     16	    6.0	13049.0	12963.6	 0.0040	 100.00	   2.72
    453	40013f	     16	    4.0	13051.0	12963.8	 0.0040	 100.00	   2.72
    454	40013f	     16	    5.0	13050.0	12964.0	 0.0040	 100.00	   2.72
    455	40013f	     16	    5.0	13053.0	12964.2	 0.0039	 100.00	   2.72
    456	40013f	     16	    7.0	13048.0	12964.4	 0.0039	 100.00	   2.72
    457	40013f	     16	    3.0	13049.0	12964.6	 0.0039	 100.00	   2.72
    458	40013f	     16	    5.0	13052.0	12964.8	 0.0039	 100.00	   2.72
    459	40013f	     16	    4.0	13052.0	12965.0	 0.0039	 100.00	   2.72
    460	40013f	     16	    7.0	13051.0	12965.1	 0.0039	 100.00	   2.73
    461	40013f	     16	    7.0	13050.0	12965.3	 0.0039	 100.00	   2.73
    462	40013f	     16	    4.0	13052.0	12965.5	 0.0039	 100.00	   2.73
    463	40013f	     16	    4.0	13052.0	12965.7	 0.0039	 100.00	   2.73
    464	40013f	     16	    6.0	13050.0	12965.9	 0.0039	 100.00	   2.73
    465	40013f	     16	    4.0	13052.0	12966.1	 0.0039	 100.00	   2.73
    466	40013f	     16	    7.0	13049.0	12966.2	 0.0039	 100.00	   2.73
    467	40013f	     16	    3.0	13052.0	12966.4	 0.0039	 100.00	   2.73
    468	40013f	     16	    6.0	13052.0	12966.6	 0.0038	 100.00	   2.73
    469	40013f	     16	    6.0	13052.0	12966.8	 0.0038	 100.00	   2.74
    470	40013f	     16	    4.0	13052.0	12967.0	 0.0038	 100.00	   2.74
    471	40013f	     16	    4.0	13056.0	12967.2	 0.0038	 100.00	   2.74
    472	40013f	     16	    9.0	13049.0	12967.3	 0.0039	 100.00	   2.74
    473	40013f	     16	    3.0	13050.0	12967.5	 0.0039	 100.00	   2.74
    474	40013f	     16	    7.0	13051.0	12967.7	 0.0038	 100.00	   2.74
    475	40013f	     16	    3.0	13052.0	12967.9	 0.0038	 100.00	   2.74
    476	40013f	     16	    6.0	13052.0	12968.0	 0.0038	 100.00	   2.74
    477	40013f	     16	    6.0	13052.0	12968.2	 0.0038	 100.00	   2.75
    478	40013f	     16	    5.0	13053.0	12968.4	 0.0038	 100.00	   2.75
    479	40013f	     16	    5.0	13052.0	12968.6	 0.0038	 100.00	   2.75
    480	40013f	     16	    5.0	13051.0	12968.7	 0.0038	 100.00	   2.75
    481	40013f	     16	    3.0	13054.0	12968.9	 0.0038	 100.00	   2.75
    482	40013f	     16	    8.0	13050.0	12969.1	 0.0038	 100.00	   2.75
    483	40013f	     16	    4.0	13052.0	12969.2	 0.0038	 100.00	   2.75
    484	40013f	     16	    7.0	13051.0	12969.4	 0.0038	 100.00	   2.75
    485	40013f	     16	    4.0	13053.0	12969.6	 0.0038	 100.00	   2.75
    486	40013f	     16	    4.0	13053.0	12969.8	 0.0038	 100.00	   2.75
    487	40013f	     16	    7.0	13054.0	12969.9	 0.0038	 100.00	   2.76
    488	40013f	     16	    5.0	13051.0	12970.1	 0.0038	 100.00	   2.76
    489	40013f	     16	    4.0	13051.0	12970.3	 0.0038	 100.00	   2.76
    490	40013f	     16	    5.0	13054.0	12970.4	 0.0038	 100.00	   2.76
    491	40013f	     16	    3.0	13055.0	12970.6	 0.0038	 100.00	   2.76
    492	40013f	     16	   14.0	13047.0	12970.8	 0.0039	 100.00	   2.76
    493	40013f	     16	    4.0	13049.0	12970.9	 0.0039	 100.00	   2.76
    494	40013f	     16	    4.0	13051.0	12971.1	 0.0039	 100.00	   2.76
    495	40013f	     16	    5.0	13050.0	12971.2	 0.0039	 100.00	   2.76
    496	40013f	     16	    5.0	13049.0	12971.4	 0.0039	 100.00	   2.77
    497	40013f	     16	    6.0	13049.0	12971.6	 0.0039	 100.00	   2.77
    498	40013f	     16	    5.0	13048.0	12971.7	 0.0039	 100.00	   2.77
    499	40013f	     16	    3.0	13051.0	12971.9	 0.0039	 100.00	   2.77
    500	40013f	     16	    7.0	13050.0	12972.0	 0.0038	 100.00	   2.77
    501	40013f	     16	    5.0	13051.0	12972.2	 0.0038	 100.00	   2.77
    502	40013f	     16	    7.0	13048.0	12972.3	 0.0039	 100.00	   2.77
    503	40013f	     16	    4.0	13052.0	12972.5	 0.0038	 100.00	   2.77
    504	40013f	     16	    5.0	13049.0	12972.6	 0.0038	 100.00	   2.77
    505	40013f	     16	    4.0	13049.0	12972.8	 0.0038	 100.00	   2.77
    506	40013f	     16	    6.0	13051.0	12972.9	 0.0038	 100.00	   2.78
    507	40013f	     16	    5.0	13050.0	12973.1	 0.0038	 100.00	   2.78
    508	40013f	     16	    6.0	13050.0	12973.2	 0.0038	 100.00	   2.78
    509	40013f	     16	    4.0	13052.0	12973.4	 0.0038	 100.00	   2.78
    510	40013f	     16	    6.0	13052.0	12973.6	 0.0038	 100.00	   2.78
    511	40013f	     16	    4.0	13052.0	12973.7	 0.0038	 100.00	   2.78
    512	40013f	     16	    9.0	13047.0	12973.9	 0.0038	 100.00	   2.78
    513	40013f	     16	    3.0	13050.0	12974.0	 0.0038	 100.00	   2.78
    514	40013f	     16	    5.0	13049.0	12974.1	 0.0038	 100.00	   2.78
    515	40013f	     16	    5.0	13050.0	12974.3	 0.0038	 100.00	   2.78
    516	40013f	     16	    6.0	13050.0	12974.4	 0.0038	 100.00	   2.79
    517	40013f	     16	    4.0	13052.0	12974.6	 0.0038	 100.00	   2.79
    518	40013f	     16	    6.0	13050.0	12974.7	 0.0038	 100.00	   2.79
    519	40013f	     16	    5.0	13053.0	12974.9	 0.0038	 100.00	   2.79
    520	40013f	     16	    6.0	13049.0	12975.0	 0.0038	 100.00	   2.79
    521	40013f	     16	    3.0	13050.0	12975.2	 0.0038	 100.00	   2.79
    522	40013f	     16	    5.0	13053.0	12975.3	 0.0038	 100.00	   2.79
    523	40013f	     16	    6.0	13051.0	12975.5	 0.0038	 100.00	   2.79
    524	40013f	     16	    7.0	13050.0	12975.6	 0.0038	 100.00	   2.79
    525	40013f	     16	    5.0	13051.0	12975.7	 0.0038	 100.00	   2.79
    526	40013f	     16	    4.0	13053.0	12975.9	 0.0038	 100.00	   2.80
    527	40013f	     16	    4.0	13053.0	12976.0	 0.0038	 100.00	   2.80
    528	40013f	     16	    7.0	13050.0	12976.2	 0.0038	 100.00	   2.80
    529	40013f	     16	    4.0	13052.0	12976.3	 0.0037	 100.00	   2.80
    530	40013f	     16	    6.0	13050.0	12976.5	 0.0038	 100.00	   2.80
    531	40013f	     16	    3.0	13053.0	12976.6	 0.0037	 100.00	   2.80
    532	40013f	     16	    6.0	13053.0	12976.8	 0.0037	 100.00	   2.80
    533	40013f	     16	   10.0	13049.0	12976.9	 0.0037	 100.00	   2.80
    534	40013f	     16	    4.0	13049.0	12977.0	 0.0037	 100.00	   2.80
    535	40013f	     16	    4.0	13053.0	12977.2	 0.0037	 100.00	   2.80
    536	40013f	     16	    6.0	13049.0	12977.3	 0.0037	 100.00	   2.81
    537	40013f	     16	    3.0	13050.0	12977.4	 0.0037	 100.00	   2.81
    538	40013f	     16	    8.0	13050.0	12977.6	 0.0037	 100.00	   2.81
    539	40013f	     16	    3.0	13051.0	12977.7	 0.0037	 100.00	   2.81
    540	40013f	     16	    6.0	13051.0	12977.8	 0.0037	 100.00	   2.81
    541	40013f	     16	    5.0	13052.0	12978.0	 0.0037	 100.00	   2.81
    542	40013f	     16	    5.0	13053.0	12978.1	 0.0037	 100.00	   2.81
    543	40013f	     16	    7.0	13050.0	12978.2	 0.0037	 100.00	   2.81
    544	40013f	     16	    5.0	13049.0	12978.4	 0.0037	 100.00	   2.81
    545	40013f	     16	    3.0	13052.0	12978.5	 0.0037	 100.00	   2.81
    546	40013f	     16	    6.0	13050.0	12978.6	 0.0037	 100.00	   2.81
    547	40013f	     16	    4.0	13052.0	12978.8	 0.0037	 100.00	   2.82
    548	40013f	     16	    8.0	13050.0	12978.9	 0.0037	 100.00	   2.82
    549	40013f	     16	    4.0	13052.0	12979.0	 0.0036	 100.00	   2.82
    550	40013f	     16	    4.0	13052.0	12979.2	 0.0036	 100.00	   2.82
    551	40013f	     16	    6.0	13054.0	12979.3	 0.0036	 100.00	   2.82
    552	40013f	     16	    5.0	13051.0	12979.4	 0.0036	 100.00	   2.82
    553	40013f	     16	    7.0	13048.0	12979.6	 0.0037	 100.00	   2.82
    554	40013f	     16	    5.0	13051.0	12979.7	 0.0037	 100.00	   2.82
    555	40013f	     16	    3.0	13052.0	12979.8	 0.0037	 100.00	   2.82
    556	40013f	     16	    8.0	13050.0	12979.9	 0.0037	 100.00	   2.82
    557	40013f	     16	    4.0	13052.0	12980.1	 0.0037	 100.00	   2.82
    558	40013f	     16	    4.0	13054.0	12980.2	 0.0037	 100.00	   2.83
    559	40013f	     16	    6.0	13052.0	12980.3	 0.0037	 100.00	   2.83
    560	40013f	     16	    5.0	13051.0	12980.5	 0.0037	 100.00	   2.83
    561	40013f	     16	    5.0	13052.0	12980.6	 0.0037	 100.00	   2.83
    562	40013f	     16	    5.0	13051.0	12980.7	 0.0037	 100.00	   2.83
    563	40013f	     16	    3.0	13054.0	12980.8	 0.0037	 100.00	   2.83
    564	40013f	     16	    9.0	13051.0	12981.0	 0.0037	 100.00	   2.83
    565	40013f	     16	    5.0	13052.0	12981.1	 0.0037	 100.00	   2.83
    566	40013f	     16	    5.0	13051.0	12981.2	 0.0037	 100.00	   2.83
    567	40013f	     16	    4.0	13055.0	12981.3	 0.0037	 100.00	   2.83
    568	40013f	     16	    5.0	13052.0	12981.5	 0.0037	 100.00	   2.83
    569	40013f	     16	    5.0	13051.0	12981.6	 0.0037	 100.00	   2.83
    570	40013f	     16	    6.0	13053.0	12981.7	 0.0037	 100.00	   2.84
    571	40013f	     16	    4.0	13053.0	12981.8	 0.0037	 100.00	   2.84
    572	40013f	     16	    6.0	13053.0	12982.0	 0.0037	 100.00	   2.84
    573	40013f	     16	    4.0	13055.0	12982.1	 0.0037	 100.00	   2.84
    574	40013f	     16	   11.0	13050.0	12982.2	 0.0038	 100.00	   2.84
    575	40013f	     16	    4.0	13050.0	12982.3	 0.0038	 100.00	   2.84
    576	40013f	     16	    6.0	13048.0	12982.4	 0.0039	 100.00	   2.84
    577	40013f	     16	    3.0	13051.0	12982.6	 0.0039	 100.00	   2.84
    578	40013f	     16	    5.0	13050.0	12982.7	 0.0039	 100.00	   2.84
    579	40013f	     16	    6.0	13050.0	12982.8	 0.0039	 100.00	   2.84
    580	40013f	     16	    6.0	13050.0	12982.9	 0.0039	 100.00	   2.84
    581	40013f	     16	    4.0	13052.0	12983.0	 0.0039	 100.00	   2.85
    582	40013f	     16	    5.0	13051.0	12983.1	 0.0038	 100.00	   2.85
    583	40013f	     16	    5.0	13054.0	12983.3	 0.0038	 100.00	   2.85
    584	40013f	     16	    8.0	13048.0	12983.4	 0.0038	 100.00	   2.85
    585	40013f	     16	    3.0	13049.0	12983.5	 0.0038	 100.00	   2.85
    586	40013f	     16	    5.0	13052.0	12983.6	 0.0039	 100.00	   2.85
    587	40013f	     16	    4.0	13052.0	12983.7	 0.0039	 100.00	   2.85
    588	40013f	     16	    7.0	13051.0	12983.8	 0.0039	 100.00	   2.85
    589	40013f	     16	    6.0	13051.0	12983.9	 0.0039	 100.00	   2.85
    590	40013f	     16	    4.0	13053.0	12984.1	 0.0039	 100.00	   2.85
    591	40013f	     16	    4.0	13053.0	12984.2	 0.0038	 100.00	   2.85
    592	40013f	     16	    6.0	13051.0	12984.3	 0.0038	 100.00	   2.85
    593	40013f	     16	    4.0	13053.0	12984.4	 0.0038	 100.00	   2.85
    594	40013f	     16	    9.0	13048.0	12984.5	 0.0039	 100.00	   2.85
    595	40013f	     16	    3.0	13051.0	12984.6	 0.0039	 100.00	   2.86
    596	40013f	     16	    6.0	13051.0	12984.7	 0.0039	 100.00	   2.86
    597	40013f	     16	    6.0	13051.0	12984.8	 0.0039	 100.00	   2.86
    598	40013f	     16	    4.0	13051.0	12985.0	 0.0039	 100.00	   2.86
    599	40013f	     16	    4.0	13055.0	12985.1	 0.0039	 100.00	   2.86
    600	40013f	     16	    7.0	13050.0	12985.2	 0.0039	 100.00	   2.86
    601	40013f	     16	    3.0	13051.0	12985.3	 0.0039	 100.00	   2.86
    602	40013f	     16	    7.0	13052.0	12985.4	 0.0039	 100.00	   2.86
    603	40013f	     16	    3.0	13053.0	12985.5	 0.0039	 100.00	   2.86
    604	40013f	     16	    6.0	13053.0	12985.6	 0.0039	 100.00	   2.86
    605	40013f	     16	    7.0	13052.0	12985.7	 0.0039	 100.00	   2.86
    606	40013f	     16	    5.0	13053.0	12985.8	 0.0039	 100.00	   2.86
    607	40013f	     16	    5.0	13052.0	12986.0	 0.0039	 100.00	   2.87
    608	40013f	     16	    5.0	13051.0	12986.1	 0.0039	 100.00	   2.87
    609	40013f	     16	    3.0	13054.0	12986.2	 0.0039	 100.00	   2.87
    610	40013f	     16	    7.0	13051.0	12986.3	 0.0039	 100.00	   2.87
    611	40013f	     16	    4.0	13053.0	12986.4	 0.0039	 100.00	   2.87
    612	40013f	     16	    7.0	13052.0	12986.5	 0.0038	 100.00	   2.87
    613	40013f	     16	    4.0	13054.0	12986.6	 0.0038	 100.00	   2.87
    614	40013f	     16	    4.0	13054.0	12986.7	 0.0038	 100.00	   2.87
    615	40013f	     16	   10.0	13052.0	12986.8	 0.0038	 100.00	   2.87
    616	40013f	     16	    5.0	13049.0	12986.9	 0.0038	 100.00	   2.87
    617	40013f	     16	    4.0	13049.0	12987.0	 0.0038	 100.00	   2.87
    618	40013f	     16	    5.0	13052.0	12987.1	 0.0038	 100.00	   2.87
    619	40013f	     16	    3.0	13053.0	12987.2	 0.0038	 100.00	   2.87
    620	40013f	     16	    9.0	13050.0	12987.3	 0.0038	 100.00	   2.87
    621	40013f	     16	    4.0	13052.0	12987.4	 0.0038	 100.00	   2.88
    622	40013f	     16	    4.0	13054.0	12987.5	 0.0038	 100.00	   2.88
    623	40013f	     16	    5.0	13053.0	12987.7	 0.0038	 100.00	   2.88
    624	40013f	     16	    5.0	13052.0	12987.8	 0.0038	 100.00	   2.88
    625	40013f	     16	    7.0	13051.0	12987.9	 0.0038	 100.00	   2.88
    626	40013f	     16	    5.0	13050.0	12988.0	 0.0038	 100.00	   2.88
    627	40013f	     16	    3.0	13053.0	12988.1	 0.0038	 100.00	   2.88
    628	40013f	     16	    7.0	13052.0	12988.2	 0.0038	 100.00	   2.88
    629	40013f	     16	    5.0	13053.0	12988.3	 0.0038	 100.00	   2.88
    630	40013f	     16	    6.0	13051.0	12988.4	 0.0038	 100.00	   2.88
    631	40013f	     16	    4.0	13055.0	12988.5	 0.0037	 100.00	   2.88
    632	40013f	     16	    5.0	13052.0	12988.6	 0.0037	 100.00	   2.88
    633	40013f	     16	    4.0	13052.0	12988.7	 0.0037	 100.00	   2.88
    634	40013f	     16	    6.0	13054.0	12988.8	 0.0037	 100.00	   2.88
    635	40013f	     16	    7.0	13051.0	12988.9	 0.0038	 100.00	   2.89
    636	40013f	     16	    6.0	13051.0	12989.0	 0.0038	 100.00	   2.89
    637	40013f	     16	    4.0	13053.0	12989.1	 0.0038	 100.00	   2.89
    638	40013f	     16	    6.0	13053.0	12989.2	 0.0038	 100.00	   2.89
    639	40013f	     16	    4.0	13053.0	12989.3	 0.0038	 100.00	   2.89
    640	40013f	     16	    7.0	13050.0	12989.4	 0.0038	 100.00	   2.89
    641	40013f	     16	    3.0	13053.0	12989.5	 0.0038	 100.00	   2.89
    642	40013f	     16	    5.0	13052.0	12989.6	 0.0038	 100.00	   2.89
    643	40013f	     16	    5.0	13053.0	12989.7	 0.0038	 100.00	   2.89
    644	40013f	     16	    6.0	13053.0	12989.8	 0.0038	 100.00	   2.89
    645	40013f	     16	    4.0	13055.0	12989.9	 0.0038	 100.00	   2.89
    646	40013f	     16	    7.0	13052.0	12990.0	 0.0038	 100.00	   2.89
    647	40013f	     16	    5.0	13055.0	12990.1	 0.0038	 100.00	   2.89
    648	40013f	     16	    6.0	13051.0	12990.1	 0.0038	 100.00	   2.89
    649	40013f	     16	    3.0	13052.0	12990.2	 0.0038	 100.00	   2.90
    650	40013f	     16	    5.0	13055.0	12990.3	 0.0038	 100.00	   2.90
    651	40013f	     16	    5.0	13054.0	12990.4	 0.0038	 100.00	   2.90
    652	40013f	     16	    7.0	13053.0	12990.5	 0.0038	 100.00	   2.90
    653	40013f	     16	    5.0	13054.0	12990.6	 0.0039	 100.00	   2.90
    654	40013f	     16	    4.0	13056.0	12990.7	 0.0039	 100.00	   2.90
    655	40013f	     16	    4.0	13056.0	12990.8	 0.0039	 100.00	   2.90
    656	40013f	     16	   14.0	13046.0	12990.9	 0.0041	 100.00	   2.90
    657	40013f	     16	    4.0	13048.0	12991.0	 0.0041	 100.00	   2.90
    658	40013f	     16	    6.0	13046.0	12991.1	 0.0041	 100.00	   2.90
    659	40013f	     16	    3.0	13049.0	12991.2	 0.0041	 100.00	   2.90
    660	40013f	     16	    6.0	13049.0	12991.3	 0.0041	 100.00	   2.90
    661	40013f	     16	    7.0	13048.0	12991.3	 0.0041	 100.00	   2.90
    662	40013f	     16	    4.0	13048.0	12991.4	 0.0041	 100.00	   2.90
    663	40013f	     16	    4.0	13052.0	12991.5	 0.0041	 100.00	   2.90
    664	40013f	     16	    6.0	13048.0	12991.6	 0.0041	 100.00	   2.90
    665	40013f	     16	    3.0	13049.0	12991.7	 0.0041	 100.00	   2.91
    666	40013f	     16	    9.0	13048.0	12991.8	 0.0041	 100.00	   2.91
    667	40013f	     16	    3.0	13049.0	12991.9	 0.0040	 100.00	   2.91
    668	40013f	     16	    6.0	13049.0	12991.9	 0.0040	 100.00	   2.91
    669	40013f	     16	    5.0	13050.0	12992.0	 0.0040	 100.00	   2.91
    670	40013f	     16	    5.0	13051.0	12992.1	 0.0040	 100.00	   2.91
    671	40013f	     16	    6.0	13049.0	12992.2	 0.0040	 100.00	   2.91
    672	40013f	     16	    5.0	13048.0	12992.3	 0.0040	 100.00	   2.91
    673	40013f	     16	    3.0	13051.0	12992.4	 0.0040	 100.00	   2.91
    674	40013f	     16	    6.0	13049.0	12992.5	 0.0040	 100.00	   2.91
    675	40013f	     16	    4.0	13051.0	12992.5	 0.0040	 100.00	   2.91
    676	40013f	     16	   10.0	13047.0	12992.6	 0.0040	 100.00	   2.91
    677	40013f	     16	    4.0	13049.0	12992.7	 0.0040	 100.00	   2.91
    678	40013f	     16	    4.0	13049.0	12992.8	 0.0040	 100.00	   2.91
    679	40013f	     16	    6.0	13051.0	12992.9	 0.0040	 100.00	   2.91
    680	40013f	     16	    5.0	13048.0	12993.0	 0.0040	 100.00	   2.92
    681	40013f	     16	    5.0	13047.0	12993.0	 0.0040	 100.00	   2.92
    682	40013f	     16	    5.0	13050.0	12993.1	 0.0040	 100.00	   2.92
    683	40013f	     16	    3.0	13051.0	12993.2	 0.0040	 100.00	   2.92
    684	40013f	     16	    8.0	13049.0	12993.3	 0.0040	 100.00	   2.92
    685	40013f	     16	    4.0	13051.0	12993.4	 0.0040	 100.00	   2.92
    686	40013f	     16	    4.0	13053.0	12993.5	 0.0040	 100.00	   2.92
    687	40013f	     16	    7.0	13050.0	12993.5	 0.0040	 100.00	   2.92
    688	40013f	     16	    5.0	13049.0	12993.6	 0.0040	 100.00	   2.92
    689	40013f	     16	    5.0	13050.0	12993.7	 0.0040	 100.00	   2.92
    690	40013f	     16	    5.0	13049.0	12993.8	 0.0040	 100.00	   2.92
    691	40013f	     16	    3.0	13052.0	12993.9	 0.0040	 100.00	   2.92
    692	40013f	     16	    8.0	13050.0	12994.0	 0.0040	 100.00	   2.92
    693	40013f	     16	    5.0	13051.0	12994.0	 0.0040	 100.00	   2.92
    694	40013f	     16	    5.0	13050.0	12994.1	 0.0040	 100.00	   2.92
    695	40013f	     16	    4.0	13054.0	12994.2	 0.0040	 100.00	   2.92
    696	40013f	     16	    5.0	13051.0	12994.3	 0.0040	 100.00	   2.93
    697	40013f	     16	    8.0	13047.0	12994.4	 0.0040	 100.00	   2.93
    698	40013f	     16	    6.0	13049.0	12994.4	 0.0040	 100.00	   2.93
    699	40013f	     16	    4.0	13049.0	12994.5	 0.0040	 100.00	   2.93
    700	40013f	     16	    6.0	13049.0	12994.6	 0.0040	 100.00	   2.93
    701	40013f	     16	    4.0	13051.0	12994.7	 0.0039	 100.00	   2.93
    702	40013f	     16	    7.0	13050.0	12994.7	 0.0039	 100.00	   2.93
    703	40013f	     16	    4.0	13050.0	12994.8	 0.0039	 100.00	   2.93
    704	40013f	     16	    6.0	13048.0	12994.9	 0.0039	 100.00	   2.93
    705	40013f	     16	    3.0	13051.0	12995.0	 0.0039	 100.00	   2.93
    706	40013f	     16	    5.0	13050.0	12995.1	 0.0039	 100.00	   2.93
    707	40013f	     16	    7.0	13049.0	12995.1	 0.0039	 100.00	   2.93
    708	40013f	     16	    6.0	13049.0	12995.2	 0.0039	 100.00	   2.93
    709	40013f	     16	    4.0	13051.0	12995.3	 0.0039	 100.00	   2.93
    710	40013f	     16	    5.0	13050.0	12995.4	 0.0039	 100.00	   2.93
    711	40013f	     16	    5.0	13053.0	12995.4	 0.0039	 100.00	   2.93
    712	40013f	     16	    7.0	13048.0	12995.5	 0.0039	 100.00	   2.93
    713	40013f	     16	    3.0	13049.0	12995.6	 0.0039	 100.00	   2.93
    714	40013f	     16	    5.0	13052.0	12995.7	 0.0039	 100.00	   2.94
    715	40013f	     16	    4.0	13052.0	12995.8	 0.0039	 100.00	   2.94
    716	40013f	     16	    7.0	13051.0	12995.8	 0.0039	 100.00	   2.94
    717	40013f	     16	    8.0	13049.0	12995.9	 0.0039	 100.00	   2.94
    718	40013f	     16	    4.0	13051.0	12996.0	 0.0039	 100.00	   2.94
    719	40013f	     16	    4.0	13051.0	12996.1	 0.0039	 100.00	   2.94
    720	40013f	     16	    6.0	13049.0	12996.1	 0.0039	 100.00	   2.94
    721	40013f	     16	    4.0	13051.0	12996.2	 0.0039	 100.00	   2.94
    722	40013f	     16	    7.0	13048.0	12996.3	 0.0039	 100.00	   2.94
    723	40013f	     16	    3.0	13051.0	12996.4	 0.0039	 100.00	   2.94
    724	40013f	     16	    6.0	13051.0	12996.4	 0.0039	 100.00	   2.94
    725	40013f	     16	    6.0	13051.0	12996.5	 0.0039	 100.00	   2.94
    726	40013f	     16	    4.0	13051.0	12996.6	 0.0039	 100.00	   2.94
    727	40013f	     16	    4.0	13055.0	12996.7	 0.0039	 100.00	   2.94
    728	40013f	     16	    8.0	13049.0	12996.7	 0.0039	 100.00	   2.94
    729	40013f	     16	    3.0	13050.0	12996.8	 0.0039	 100.00	   2.94
    730	40013f	     16	    7.0	13051.0	12996.9	 0.0039	 100.00	   2.94
    731	40013f	     16	    3.0	13052.0	12997.0	 0.0039	 100.00	   2.95
    732	40013f	     16	    6.0	13052.0	12997.0	 0.0039	 100.00	   2.95
    733	40013f	     16	    6.0	13052.0	12997.1	 0.0039	 100.00	   2.95
    734	40013f	     16	    5.0	13053.0	12997.2	 0.0039	 100.00	   2.95
    735	40013f	     16	    5.0	13052.0	12997.3	 0.0038	 100.00	   2.95
    736	40013f	     16	    5.0	13051.0	12997.3	 0.0038	 100.00	   2.95
    737	40013f	     16	    3.0	13054.0	12997.4	 0.0039	 100.00	   2.95
    738	40013f	     16	   11.0	13047.0	12997.5	 0.0040	 100.00	   2.95
    739	40013f	     16	    4.0	13049.0	12997.5	 0.0040	 100.00	   2.95
    740	40013f	     16	    7.0	13048.0	12997.6	 0.0040	 100.00	   2.95
    741	40013f	     16	    4.0	13050.0	12997.7	 0.0040	 100.00	   2.95
    742	40013f	     16	    4.0	13050.0	12997.8	 0.0040	 100.00	   2.95
    743	40013f	     16	    7.0	13051.0	12997.8	 0.0040	 100.00	   2.95
    744	40013f	     16	    5.0	13048.0	12997.9	 0.0040	 100.00	   2.95
    745	40013f	     16	    4.0	13048.0	12998.0	 0.0040	 100.00	   2.95
    746	40013f	     16	    5.0	13051.0	12998.0	 0.0040	 100.00	   2.95
    747	40013f	     16	    3.0	13052.0	12998.1	 0.0040	 100.00	   2.95
    748	40013f	     16	   10.0	13048.0	12998.2	 0.0040	 100.00	   2.95
    749	40013f	     16	    4.0	13050.0	12998.2	 0.0040	 100.00	   2.96
    750	40013f	     16	    4.0	13052.0	12998.3	 0.0040	 100.00	   2.96
    751	40013f	     16	    5.0	13051.0	12998.4	 0.0040	 100.00	   2.96
    752	40013f	     16	    5.0	13050.0	12998.4	 0.0040	 100.00	   2.95
    753	40013f	     16	    6.0	13050.0	12998.5	 0.0040	 100.00	   2.95
    754	40013f	     16	    5.0	13049.0	12998.6	 0.0040	 100.00	   2.95
    755	40013f	     16	    3.0	13052.0	12998.7	 0.0040	 100.00	   2.95
