../../../asc/asc:main.c:225: warning: auxv random bytes were not cleared
  Round	    PC	Excited	Hamming	   Loss	 Regret	    MSE	Logloss	 Misses	   MIPS
      0	400144	     30	    0.0	42110.0	42110.0	 0.0000	    inf	 100.00	   1.50
      1	4007fe	     30	    0.0	 1292.0	  646.0	 0.0000	    inf	 100.00	 731.04
      2	4007fe	     30	    8.0	 1217.0	  405.7	 0.0361	 6.4270	 100.00	1047.67
      3	4007fe	     30	   10.0	    4.0	    1.0	 0.0257	 1.5885	 100.00	1204.98
      4	4007fe	     30	    6.0	    4.0	    1.6	 0.0403	 1.5317	 100.00	1306.92
      5	4007fe	     30	   10.0	    9.0	    2.8	 0.0615	 1.5032	 100.00	1377.03
      6	4007fe	     30	   12.0	    2.0	    2.7	 0.0597	 6.5341	 100.00	1427.38
      7	4007fe	     30	    8.0	    4.0	    2.9	 0.0547	 0.9173	 100.00	1467.10
      8	4007fe	     30	    6.0	    6.0	    3.2	 0.0582	 1.4513	 100.00	1499.07
      9	4007fe	     30	   14.0	   12.0	    4.1	 0.0576	 1.9049	 100.00	1524.24
     10	4007fe	     30	    8.0	    8.0	    4.5	 0.0561	 1.2750	 100.00	1545.79
     11	4007fe	     30	   14.0	    6.0	    4.6	 0.0595	 9.9026	 100.00	1563.69
     12	4007fe	     30	    6.0	    8.0	    4.8	 0.0555	 1.1251	 100.00	1578.39
     13	4007fe	     30	   10.0	    5.0	    4.9	 0.0582	 0.9078	 100.00	1591.02
     14	4007fe	     30	   10.0	    8.0	    5.1	 0.0553	 4.5298	 100.00	1601.73
     15	4007fe	     30	    8.0	    4.0	    5.0	 0.0563	 0.6051	 100.00	1611.31
     16	4007fe	     30	    6.0	    4.0	    4.9	 0.0530	 1.3301	 100.00	1620.56
     17	4007fe	     30	   18.0	    4.0	    4.9	 0.0562	 4.2738	 100.00	1624.82
     18	4007fe	     30	    8.0	    4.0	    4.8	 0.0530	 0.6858	 100.00	1626.02
     19	4007fe	     30	   10.0	    0.0	    4.6	 0.0508	 2.9886	 +95.00	1710.31
     20	4007fe	     30	    6.0	    6.0	    4.7	 0.0481	 0.6833	  95.24	1706.09
     21	4007fe	     30	   10.0	   10.0	    4.9	 0.0461	 1.7999	  95.45	1694.37
     22	4007fe	     30	   16.0	    4.0	    4.9	 0.0479	 3.5209	  95.65	1691.13
     23	4007fe	     30	    8.0	    4.0	    4.8	 0.0458	 0.5095	  95.83	1694.67
     24	4007fe	     30	    6.0	    0.0	    4.6	 0.0439	 1.1551	 +92.00	1763.30
     25	4007fe	     30	   14.0	   14.0	    5.0	 0.0443	 6.0773	  92.31	1759.39
     26	4007fe	     30	    8.0	   12.0	    5.3	 0.0425	 0.9121	  92.59	1756.63
     27	4007fe	     30	   12.0	    2.0	    5.1	 0.0436	17.1442	  92.86	1753.43
     28	4007fe	     30	    6.0	    4.0	    5.1	 0.0420	 0.8188	  93.10	1755.21
     29	4007fe	     30	   10.0	    0.0	    4.9	 0.0407	 0.9877	 +90.00	1813.52
     30	4007fe	     30	   10.0	   10.0	    5.1	 0.0432	 1.7131	  90.32	1810.27
     31	4007fe	     30	    8.0	   14.0	    5.4	 0.0418	 0.6550	  90.62	1810.15
     32	4007fe	     30	    6.0	    0.0	    5.2	 0.0407	 1.2518	 +87.88	1863.68
     33	4007fe	     30	   22.0	   22.0	    5.7	 0.0445	 9.0616	  88.24	1860.51
     34	4007fe	     30	    8.0	   14.0	    5.9	 0.0431	 0.5277	  88.57	1854.93
     35	4007fe	     30	   10.0	    2.0	    5.8	 0.0430	 0.7031	  88.89	1850.14
     36	4007fe	     30	    6.0	    2.0	    5.7	 0.0417	 0.4205	  89.19	1849.56
     37	4007fe	     30	   10.0	    0.0	    5.6	 0.0407	 1.2647	 +86.84	1895.53
     38	4007fe	     30	   12.0	   12.0	    5.7	 0.0414	14.2425	  87.18	1893.07
     39	4007fe	     30	    8.0	   10.0	    5.8	 0.0406	 0.4672	  87.50	1890.78
     40	4007fe	     30	    6.0	    0.0	    5.7	 0.0396	 0.5819	 +85.37	1933.14
     41	4007fe	     30	   14.0	   14.0	    5.9	 0.0392	 1.9608	  85.71	1930.73
     42	4007fe	     30	    8.0	    8.0	    6.0	 0.0382	 0.6557	  86.05	1923.34
     43	4007fe	     30	   12.0	    4.0	    5.9	 0.0405	11.0624	  86.36	1917.44
     44	4007fe	     30	    8.0	    4.0	    5.9	 0.0425	 8.0011	  86.67	1914.78
     45	4007fe	     30	    6.0	    6.0	    5.9	 0.0417	 0.8076	  86.96	1912.09
     46	4007fe	     30	   14.0	    0.0	    5.7	 0.0413	 1.2054	 +85.11	1948.44
     47	4007fe	     30	    6.0	    6.0	    5.8	 0.0404	 0.6201	  85.42	1945.92
     48	4007fe	     30	    8.0	    8.0	    5.8	 0.0424	 7.1242	  85.71	1943.02
     49	4007fe	     30	   10.0	    4.0	    5.8	 0.0450	12.1547	  86.00	1936.97
     50	4007fe	     30	   16.0	   12.0	    5.9	 0.0486	39.0708	  86.27	1931.42
     51	4007fe	     30	    8.0	   10.0	    6.0	 0.0482	 0.4893	  86.54	1928.94
     52	4007fe	     30	    8.0	    4.0	    5.9	 0.0482	 2.0462	  86.79	1926.49
     53	4007fe	     30	    6.0	    6.0	    5.9	 0.0476	 1.0993	  87.04	1922.51
     54	4007fe	     30	   18.0	    9.0	    6.0	 0.0493	 9.6434	  87.27	1918.27
     55	4007fe	     30	    6.0	    6.0	    6.0	 0.0485	 0.3398	  87.50	1913.44
     56	4007fe	     30	    8.0	    2.0	    5.9	 0.0488	 0.7285	  87.72	1908.96
     57	4007fe	     30	    8.0	    2.0	    5.8	 0.0484	 0.5347	  87.93	1906.93
     58	4007fe	     30	   14.0	    5.0	    5.8	 0.0491	10.8745	  88.14	1903.47
     59	4007fe	     30	   10.0	    7.0	    5.8	 0.0496	 7.5254	  88.33	1899.64
     60	4007fe	     30	    8.0	    6.0	    5.9	 0.0500	 0.5432	  88.52	1896.67
     61	4007fe	     30	    6.0	    6.0	    5.9	 0.0491	 0.4812	  88.71	1892.70
     62	4007fe	     30	   14.0	    4.0	    5.8	 0.0500	 1.5616	  88.89	1888.82
     63	4007fe	     30	    6.0	    7.0	    5.8	 0.0492	 0.8393	  89.06	1887.43
     64	4007fe	     30	    8.0	    6.0	    5.8	 0.0507	 1.5982	  89.23	1885.18
     65	4007fe	     30	   14.0	   10.0	    5.9	 0.0523	 7.9894	  89.39	1882.08
     66	4007fe	     30	   20.0	   18.0	    6.1	 0.0560	23.1340	  89.55	1879.53
     67	4007fe	     30	    8.0	   10.0	    6.1	 0.0552	 0.7045	  89.71	1876.23
     68	4007fe	     30	    8.0	    2.0	    6.1	 0.0552	 0.7506	  89.86	1873.19
     69	4007fe	     30	    6.0	    0.0	    6.0	 0.0548	 0.8983	 +88.57	1897.80
     70	4007fe	     30	   16.0	   16.0	    6.1	 0.0552	 3.1354	  88.73	1896.23
     71	4007fe	     30	    6.0	   11.0	    6.2	 0.0545	 0.4368	  88.89	1892.46
     72	4007fe	     30	    8.0	    4.0	    6.2	 0.0547	 0.4852	  89.04	1889.73
     73	4007fe	     30	    8.0	    6.0	    6.2	 0.0545	 1.2827	  89.19	1888.64
     74	4007fe	     30	   14.0	    4.0	    6.1	 0.0549	 5.3105	  89.33	1887.64
     75	4007fe	     30	   12.0	   11.0	    6.2	 0.0562	 5.3847	  89.47	1886.63
     76	4007fe	     30	    8.0	    8.0	    6.2	 0.0562	 0.4869	  89.61	1885.53
     77	4007fe	     30	    6.0	    4.0	    6.2	 0.0559	 0.6451	  89.74	1883.42
     78	4007fe	     30	   14.0	    6.0	    6.2	 0.0553	 1.6277	  89.87	1881.41
     79	4007fe	     30	    6.0	    0.0	    6.1	 0.0546	 0.5904	 +88.75	1902.07
     80	4007fe	     30	    8.0	    8.0	    6.1	 0.0552	 0.5390	  88.89	1900.68
     81	4007fe	     30	   10.0	    6.0	    6.1	 0.0551	 4.2230	  89.02	1897.34
     82	4007fe	     30	   16.0	    6.0	    6.1	 0.0561	 2.9752	  89.16	1894.81
     83	4007fe	     30	    8.0	    7.0	    6.2	 0.0562	 1.7167	  89.29	1893.96
     84	4007fe	     30	    8.0	    2.0	    6.1	 0.0555	 0.6508	  89.41	1893.03
     85	4007fe	     30	    6.0	    0.0	    6.0	 0.0549	 1.2986	 +88.37	1912.15
     86	4007fe	     30	   14.0	   14.0	    6.1	 0.0573	33.0729	  88.51	1910.83
     87	4007fe	     30	   10.0	    6.0	    6.1	 0.0574	 3.6224	  88.64	1909.65
     88	4007fe	     30	    6.0	    6.0	    6.1	 0.0583	 2.1613	  88.76	1906.63
     89	4007fe	     30	   10.0	    2.0	    6.1	 0.0580	 1.8008	  88.89	1904.14
     90	4007fe	     30	    8.0	    2.0	    6.0	 0.0575	 1.1470	  89.01	1903.22
     91	4007fe	     30	   16.0	    9.0	    6.1	 0.0598	17.7346	  89.13	1901.95
     92	4007fe	     30	    6.0	   12.0	    6.1	 0.0596	 1.0661	  89.25	1899.53
     93	4007fe	     30	    8.0	    2.0	    6.1	 0.0593	 0.5314	  89.36	1897.65
     94	4007fe	     30	   10.0	    4.0	    6.1	 0.0590	 5.0019	  89.47	1894.87
     95	4007fe	     30	   10.0	    2.0	    6.0	 0.0590	 2.4021	  89.58	1892.35
     96	4007fe	     30	    6.0	    2.0	    6.0	 0.0584	 0.5923	  89.69	1891.44
     97	4007fe	     30	   14.0	    4.0	    6.0	 0.0588	 5.5321	  89.80	1890.04
     98	4007fe	     30	    8.0	    4.0	    5.9	 0.0582	 0.8551	  89.90	1887.98
     99	4007fe	     30	   18.0	    9.0	    6.0	 0.0604	23.7365	  90.00	1886.37
    100	4007fe	     30	    6.0	   10.0	    6.0	 0.0597	 0.3959	  90.10	1884.02
    101	4007fe	     30	    8.0	    1.0	    6.0	 0.0593	 0.4367	  90.20	1881.81
    102	4007fe	     30	   12.0	    5.0	    6.0	 0.0599	 9.0501	  90.29	1881.09
    103	4007fe	     30	   10.0	    6.0	    6.0	 0.0598	 2.1449	  90.38	1880.10
    104	4007fe	     30	    6.0	    2.0	    5.9	 0.0593	 0.5009	  90.48	1878.60
    105	4007fe	     30	   10.0	    0.0	    5.9	 0.0588	 0.3690	 +89.62	1894.19
    106	4007fe	     30	    8.0	    8.0	    5.9	 0.0583	 0.5512	  89.72	1893.15
    107	4007fe	     30	   20.0	   18.0	    6.0	 0.0598	 3.5345	  89.81	1890.72
    108	4007fe	     30	    6.0	    8.0	    6.0	 0.0594	 0.3388	  89.91	1888.70
    109	4007fe	     30	    8.0	    3.0	    6.0	 0.0590	 0.4606	  90.00	1887.98
    110	4007fe	     30	   10.0	    0.0	    5.9	 0.0584	 0.9068	 +89.19	1903.36
    111	4007fe	     30	   10.0	   10.0	    6.0	 0.0586	 3.0440	  89.29	1902.35
    112	4007fe	     30	    6.0	   10.0	    6.0	 0.0581	 0.5968	  89.38	1901.45
    113	4007fe	     30	   12.0	    3.0	    6.0	 0.0580	 1.5651	  89.47	1900.61
    114	4007fe	     30	    8.0	    3.0	    5.9	 0.0575	 0.5398	  89.57	1899.76
    115	4007fe	     30	   16.0	    6.0	    5.9	 0.0581	 1.8546	  89.66	1898.84
    116	4007fe	     30	    6.0	    6.0	    5.9	 0.0576	 0.7817	  89.74	1897.37
    117	4007fe	     30	    8.0	    0.0	    5.9	 0.0573	 0.9951	 +88.98	1911.20
    118	4007fe	     30	   14.0	   14.0	    6.0	 0.0572	 4.5815	  89.08	1910.42
    119	4007fe	     30	   10.0	   12.0	    6.0	 0.0574	 0.4698	  89.17	1908.74
    120	4007fe	     30	    6.0	    6.0	    6.0	 0.0569	 0.4312	  89.26	1905.80
    121	4007fe	     30	   10.0	    0.0	    6.0	 0.0565	 0.5742	 +88.52	1918.99
    122	4007fe	     30	    8.0	    8.0	    6.0	 0.0561	 0.6029	  88.62	1918.11
    123	4007fe	     30	   16.0	   16.0	    6.1	 0.0564	 2.1685	  88.71	1916.30
    124	4007fe	     30	    6.0	    5.0	    6.1	 0.0560	 0.2974	  88.80	1915.23
    125	4007fe	     30	    8.0	    0.0	    6.0	 0.0555	 0.3735	 +88.10	1928.56
    126	4007fe	     30	   10.0	   10.0	    6.0	 0.0551	 1.1293	  88.19	1927.61
    127	4007fe	     30	   10.0	   10.0	    6.1	 0.0548	 0.8829	  88.28	1926.69
    128	4007fe	     30	    6.0	    1.0	    6.0	 0.0544	 1.2248	  88.37	1925.80
    129	4007fe	     30	   12.0	    8.0	    6.0	 0.0559	18.9358	  88.46	1924.65
    130	4007fe	     30	   10.0	    6.0	    6.0	 0.0558	 6.7355	  88.55	1923.58
    131	4007fe	     30	    8.0	    3.0	    6.0	 0.0554	 1.3052	  88.64	1922.57
    132	4007fe	     30	   20.0	   14.0	    6.1	 0.0584	34.7317	  88.72	1921.52
    133	4007fe	     30	    6.0	   16.0	    6.2	 0.0580	 0.8792	  88.81	1920.53
    134	4007fe	     30	   14.0	    4.0	    6.1	 0.0582	 8.5403	  88.89	1919.59
    135	4007fe	     30	    6.0	    7.0	    6.1	 0.0580	 0.4062	  88.97	1918.02
    136	4007fe	     30	   10.0	   12.0	    6.2	 0.0601	17.5541	  89.05	1916.30
    137	4007fe	     30	    8.0	    8.0	    6.2	 0.0597	 1.0164	  89.13	1914.82
    138	4007fe	     30	   10.0	    0.0	    6.2	 0.0593	 1.3446	 +88.49	1926.13
    139	4007fe	     30	   12.0	   12.0	    6.2	 0.0594	 4.8627	  88.57	1925.22
    140	4007fe	     30	   12.0	   13.0	    6.2	 0.0599	13.1615	  88.65	1923.30
    141	4007fe	     30	    6.0	    4.0	    6.2	 0.0594	 0.4398	  88.73	1922.47
    142	4007fe	     30	   12.0	    2.0	    6.2	 0.0592	 2.4687	  88.81	1921.57
    143	4007fe	     30	    6.0	    2.0	    6.2	 0.0588	 0.7972	  88.89	1920.70
    144	4007fe	     30	   10.0	    4.0	    6.2	 0.0591	 1.3130	  88.97	1919.57
    145	4007fe	     30	   10.0	    4.0	    6.1	 0.0592	 7.8394	  89.04	1918.07
    146	4007fe	     30	   10.0	    4.0	    6.1	 0.0594	 8.4914	  89.12	1916.57
    147	4007fe	     30	    8.0	    4.0	    6.1	 0.0593	 0.9041	  89.19	1915.20
    148	4007fe	     30	   14.0	    8.0	    6.1	 0.0600	 1.6539	  89.26	1913.76
    149	4007fe	     30	    6.0	    8.0	    6.1	 0.0596	 0.8226	  89.33	1912.54
    150	4007fe	     30	   18.0	    4.0	    6.1	 0.0600	 2.1428	  89.40	1911.17
    151	4007fe	     30	    6.0	   11.0	    6.2	 0.0596	 0.5894	  89.47	1909.31
    152	400160	     30	    6.0	   11.0	    6.2	 0.0596	 0.5894	  89.54	1906.53
