../../../asc/asc:main.c:294: warning: auxv random bytes were not cleared
  Round	    PC	Excited	Hamming	   Loss	 Regret	    MSE	  Error	   MIPS
      0	40010c	     52	12554.0	12554.0	12554.0	 0.2492	 100.00	0.12683
      1	40014f	     52	  297.0	12849.0	 6424.5	 0.2033	 100.00	0.46388
      2	40014f	     52	   15.0	12854.0	 4284.7	 0.2778	 100.00	0.75523
      3	40014f	     52	   20.0	12854.0	 3213.5	 0.2717	 100.00	   1.01
      4	40014f	     52	   11.0	12853.0	 5141.4	 0.3048	 100.00	   1.22
      5	40014f	     52	   28.0	12849.0	 6426.0	 0.3128	 100.00	   1.42
      6	40014f	     52	   15.0	12848.0	 7343.4	 0.3040	 100.00	   1.59
      7	40014f	     52	   20.0	12852.0	 8032.0	 0.3018	 100.00	   1.74
      8	40014f	     52	   19.0	12851.0	 8567.4	 0.2989	 100.00	   1.87
      9	40014f	     52	   20.0	12853.0	 8996.0	 0.3024	 100.00	   2.01
     10	40014f	     52	   18.0	12847.0	 9346.1	 0.2991	 100.00	   2.14
     11	40014f	     52	   19.0	12858.0	 9638.8	 0.2963	 100.00	   2.26
     12	40014f	     52	   17.0	12859.0	 9886.5	 0.2908	 100.00	   2.38
     13	40014f	     52	   24.0	12853.0	10098.4	 0.2826	 100.00	   2.49
     14	40014f	     52	   19.0	12860.0	10282.5	 0.2811	 100.00	   2.59
     15	40014f	     52	   20.0	12856.0	10443.3	 0.2750	 100.00	   2.68
     16	40014f	     52	   11.0	12855.0	10585.2	 0.2771	 100.00	   2.76
     17	40014f	     52	   21.0	12854.0	10711.2	 0.2805	 100.00	   2.84
     18	40014f	     52	   16.0	12854.0	10824.0	 0.2761	 100.00	   2.92
     19	40014f	     52	   18.0	12850.0	10925.3	 0.2800	 100.00	   2.99
     20	40014f	     52	   21.0	12855.0	11017.2	 0.2792	 100.00	   3.04
     21	40014f	     52	   23.0	12856.0	11100.8	 0.2789	 100.00	   3.09
     22	40014f	     52	   29.0	12857.0	11177.1	 0.2829	 100.00	   3.14
     23	40014f	     52	   21.0	12852.0	11246.9	 0.2805	 100.00	   3.19
     24	40014f	     52	    9.0	12857.0	11311.3	 0.2769	 100.00	   3.23
     25	40014f	     52	   21.0	12854.0	11370.7	 0.2775	 100.00	   3.27
     26	40014f	     52	   14.0	12856.0	11425.7	 0.2733	 100.00	   3.31
     27	40014f	     52	   22.0	12858.0	11476.8	 0.2721	 100.00	   3.35
     28	40014f	     52	   12.0	12858.0	11524.4	 0.2699	 100.00	   3.38
     29	40014f	     52	   18.0	12852.0	11568.7	 0.2711	 100.00	   3.41
     30	40014f	     52	   20.0	12848.0	11610.0	 0.2720	 100.00	   3.45
     31	40014f	     52	   19.0	12853.0	11648.8	 0.2696	 100.00	   3.48
     32	40014f	     52	   16.0	12857.0	11685.4	 0.2699	 100.00	   3.51
     33	40014f	     52	   23.0	12860.0	11720.0	 0.2747	 100.00	   3.53
     34	40014f	     52	   17.0	12855.0	11752.4	 0.2748	 100.00	   3.56
     35	40014f	     52	   19.0	12854.0	11783.0	 0.2752	 100.00	   3.59
     36	40014f	     52	   15.0	12853.0	11811.9	 0.2748	 100.00	   3.61
     37	40014f	     52	   27.0	12854.0	11839.3	 0.2746	 100.00	   3.63
     38	40014f	     52	   22.0	12856.0	11865.4	 0.2743	 100.00	   3.66
     39	40014f	     52	   20.0	12852.0	11890.1	 0.2718	 100.00	   3.68
     40	40014f	     52	   15.0	12855.0	11913.6	 0.2716	 100.00	   3.70
     41	40014f	     52	   24.0	12859.0	11936.1	 0.2744	 100.00	   3.72
     42	40014f	     52	   29.0	12850.0	11957.4	 0.2756	 100.00	   3.74
     43	40014f	     52	   20.0	12854.0	11977.8	 0.2772	 100.00	   3.76
     44	40014f	     52	   24.0	12852.0	11997.2	 0.2776	 100.00	   3.77
     45	40014f	     52	   22.0	12856.0	12015.8	 0.2757	 100.00	   3.79
     46	40014f	     52	   27.0	12863.0	12033.9	 0.2751	 100.00	   3.81
     47	40014f	     52	   20.0	12859.0	12051.1	 0.2750	 100.00	   3.82
     48	40014f	     52	   27.0	12864.0	12067.7	 0.2750	 100.00	   3.83
     49	40014f	     52	   16.0	12860.0	12083.5	 0.2758	 100.00	   3.85
     50	40014f	     52	   31.0	12855.0	12098.6	 0.2786	 100.00	   3.86
     51	40014f	     52	   22.0	12859.0	12113.2	 0.2800	 100.00	   3.88
     52	40014f	     52	   23.0	12858.0	12127.3	 0.2817	 100.00	   3.89
     53	40014f	     52	   19.0	12851.0	12140.7	 0.2819	 100.00	   3.90
     54	40014f	     52	   29.0	12864.0	12153.9	 0.2817	 100.00	   3.92
     55	40014f	     52	   21.0	12855.0	12166.4	 0.2806	 100.00	   3.93
     56	40014f	     52	   16.0	12857.0	12178.5	 0.2811	 100.00	   3.94
     57	40014f	     52	   24.0	12855.0	12190.2	 0.2813	 100.00	   3.95
     58	40014f	     52	   25.0	12862.0	12201.5	 0.2813	 100.00	   3.96
     59	40014f	     52	   13.0	12857.0	12212.5	 0.2823	 100.00	   3.97
     60	40014f	     52	   17.0	12860.0	12223.1	 0.2814	 100.00	   3.98
     61	40014f	     52	   23.0	12857.0	12233.3	 0.2811	 100.00	   3.99
     62	40014f	     52	   25.0	12862.0	12243.3	 0.2802	 100.00	   4.00
     63	40014f	     52	   13.0	12865.0	12253.0	 0.2823	 100.00	   4.01
     64	40014f	     52	   17.0	12854.0	12262.2	 0.2827	 100.00	   4.02
     65	40014f	     52	   16.0	12860.0	12271.3	 0.2836	 100.00	   4.03
     66	40014f	     52	   26.0	12858.0	12280.1	 0.2860	 100.00	   4.04
     67	40014f	     52	   22.0	12862.0	12288.6	 0.2865	 100.00	   4.04
     68	40014f	     52	   25.0	12855.0	12296.8	 0.2856	 100.00	   4.05
     69	40014f	     52	   23.0	12852.0	12304.8	 0.2877	 100.00	   4.06
     70	40014f	     52	   22.0	12862.0	12312.6	 0.2887	 100.00	   4.07
     71	40014f	     52	   24.0	12860.0	12320.2	 0.2909	 100.00	   4.08
     72	40014f	     52	   21.0	12857.0	12327.6	 0.2923	 100.00	   4.09
     73	40014f	     52	   19.0	12858.0	12334.7	 0.2923	 100.00	   4.09
     74	40014f	     52	   23.0	12859.0	12341.7	 0.2925	 100.00	   4.10
     75	40014f	     52	   27.0	12854.0	12348.5	 0.2924	 100.00	   4.11
     76	40014f	     52	   18.0	12858.0	12355.1	 0.2929	 100.00	   4.11
     77	40014f	     52	   23.0	12863.0	12361.6	 0.2940	 100.00	   4.12
     78	40014f	     52	   23.0	12854.0	12367.8	 0.2938	 100.00	   4.13
     79	40014f	     52	   15.0	12859.0	12374.0	 0.2931	 100.00	   4.13
     80	40014f	     52	   23.0	12860.0	12380.0	 0.2926	 100.00	   4.14
     81	40014f	     52	   16.0	12860.0	12385.8	 0.2920	 100.00	   4.15
     82	40014f	     52	   23.0	12863.0	12391.6	 0.2922	 100.00	   4.15
     83	40014f	     52	   20.0	12853.0	12397.1	 0.2918	 100.00	   4.16
     84	40014f	     52	   14.0	12853.0	12402.4	 0.2916	 100.00	   4.16
     85	40014f	     52	   20.0	12849.0	12407.6	 0.2908	 100.00	   4.17
     86	40014f	     52	   25.0	12860.0	12412.8	 0.2925	 100.00	   4.17
     87	40014f	     52	   19.0	12861.0	12417.9	 0.2929	 100.00	   4.18
     88	40014f	     52	   22.0	12863.0	12422.9	 0.2931	 100.00	   4.19
     89	40014f	     52	   21.0	12864.0	12427.8	 0.2938	 100.00	   4.19
     90	40014f	     52	   23.0	12857.0	12432.5	 0.2941	 100.00	   4.20
     91	40014f	     52	   29.0	12858.0	12437.2	 0.2954	 100.00	   4.20
     92	40014f	     52	   33.0	12863.0	12441.7	 0.2954	 100.00	   4.21
     93	40014f	     52	   27.0	12856.0	12446.1	 0.2961	 100.00	   4.21
     94	40014f	     52	   23.0	12851.0	12450.4	 0.2965	 100.00	   4.22
     95	40014f	     52	   17.0	12858.0	12454.6	 0.2969	 100.00	   4.22
     96	40014f	     52	   23.0	12861.0	12458.8	 0.2965	 100.00	   4.23
     97	40014f	     52	   28.0	12861.0	12462.9	 0.2972	 100.00	   4.23
     98	40014f	     52	   22.0	12859.0	12466.9	 0.2975	 100.00	   4.23
     99	40014f	     52	   22.0	12855.0	12470.8	 0.2978	 100.00	   4.24
    100	40014f	     52	   19.0	12854.0	12474.6	 0.2982	 100.00	   4.24
    101	40014f	     52	   23.0	12861.0	12478.4	 0.2988	 100.00	   4.25
    102	40014f	     52	   25.0	12856.0	12482.1	 0.2991	 100.00	   4.25
    103	40014f	     52	   22.0	12856.0	12485.7	 0.2991	 100.00	   4.26
    104	40014f	     52	   26.0	12856.0	12489.2	 0.2983	 100.00	   4.26
    105	40014f	     52	   17.0	12857.0	12492.7	 0.2986	 100.00	   4.26
    106	40014f	     52	   19.0	12864.0	12496.1	 0.2978	 100.00	   4.27
    107	40014f	     52	   28.0	12864.0	12499.5	 0.2978	 100.00	   4.27
    108	40014f	     52	   24.0	12854.0	12502.8	 0.2982	 100.00	   4.28
    109	40014f	     52	   20.0	12866.0	12506.1	 0.2983	 100.00	   4.28
    110	40014f	     52	   25.0	12863.0	12509.3	 0.2987	 100.00	   4.28
    111	40014f	     52	   20.0	12861.0	12512.4	 0.3002	 100.00	   4.29
    112	40014f	     52	   24.0	12855.0	12515.5	 0.3001	 100.00	   4.29
    113	40014f	     52	   23.0	12862.0	12518.5	 0.3000	 100.00	   4.29
    114	40014f	     52	   18.0	12860.0	12521.5	 0.3003	 100.00	   4.30
    115	40014f	     52	   29.0	12861.0	12524.4	 0.3012	 100.00	   4.30
    116	40014f	     52	   24.0	12853.0	12527.2	 0.3007	 100.00	   4.30
    117	40014f	     52	   18.0	12859.0	12530.0	 0.3006	 100.00	   4.31
    118	40014f	     52	   22.0	12851.0	12532.7	 0.3010	 100.00	   4.31
    119	40014f	     52	   13.0	12858.0	12535.4	 0.3007	 100.00	   4.31
    120	40014f	     52	   26.0	12848.0	12538.0	 0.3007	 100.00	   4.32
    121	40014f	     52	   25.0	12861.0	12540.7	 0.3005	 100.00	   4.32
    122	40014f	     52	   20.0	12857.0	12543.2	 0.2998	 100.00	   4.32
    123	40014f	     52	   15.0	12858.0	12545.8	 0.3000	 100.00	   4.32
    124	40014f	     52	   21.0	12859.0	12548.3	 0.3011	 100.00	   4.33
    125	40014f	     52	   17.0	12856.0	12550.7	 0.3019	 100.00	   4.33
    126	40014f	     52	   20.0	12862.0	12553.2	 0.3024	 100.00	   4.33
    127	40014f	     52	   25.0	12861.0	12555.6	 0.3017	 100.00	   4.34
    128	40014f	     52	   21.0	12854.0	12557.9	 0.3021	 100.00	   4.34
    129	40014f	     52	   20.0	12862.0	12560.2	 0.3040	 100.00	   4.34
    130	40014f	     52	   20.0	12864.0	12562.6	 0.3041	 100.00	   4.34
    131	40014f	     52	   21.0	12865.0	12564.8	 0.3049	 100.00	   4.35
    132	40014f	     52	   34.0	12853.0	12567.0	 0.3057	 100.00	   4.35
    133	40014f	     52	   26.0	12857.0	12569.2	 0.3056	 100.00	   4.35
    134	40014f	     52	   22.0	12851.0	12571.3	 0.3065	 100.00	   4.35
    135	40014f	     52	   24.0	12861.0	12573.4	 0.3057	 100.00	   4.36
    136	40014f	     52	   23.0	12856.0	12575.5	 0.3068	 100.00	   4.36
    137	40014f	     52	   18.0	12868.0	12577.6	 0.3067	 100.00	   4.36
    138	40014f	     52	   20.0	12856.0	12579.6	 0.3068	 100.00	   4.36
    139	40014f	     52	   26.0	12864.0	12581.6	 0.3068	 100.00	   4.37
    140	40014f	     52	   23.0	12857.0	12583.6	 0.3072	 100.00	   4.37
    141	40014f	     52	   27.0	12854.0	12585.5	 0.3073	 100.00	   4.37
    142	40014f	     52	   24.0	12860.0	12587.4	 0.3074	 100.00	   4.37
    143	40014f	     52	   22.0	12862.0	12589.3	 0.3076	 100.00	   4.38
    144	40014f	     52	   25.0	12859.0	12591.2	 0.3081	 100.00	   4.38
    145	40014f	     52	   23.0	12864.0	12593.0	 0.3081	 100.00	   4.38
    146	40014f	     52	   28.0	12858.0	12594.8	 0.3084	 100.00	   4.38
    147	40014f	     52	   22.0	12862.0	12596.6	 0.3088	 100.00	   4.39
    148	40014f	     52	   33.0	12859.0	12598.4	 0.3097	 100.00	   4.39
    149	40014f	     52	   25.0	12850.0	12600.1	 0.3095	 100.00	   4.39
    150	40014f	     52	   31.0	12863.0	12601.8	 0.3106	 100.00	   4.39
    151	40014f	     52	   22.0	12861.0	12603.5	 0.3110	 100.00	   4.39
