../../../asc/asc:main.c:294: warning: auxv random bytes were not cleared
  Round	    PC	Excited	Hamming	   Loss	 Regret	    MSE	  Error	   MIPS
      0	40010c	     34	12557.0	12557.0	12557.0	 0.2705	 100.00	0.17860
      1	40013d	     34	  312.0	12867.0	 6433.5	 0.2566	 100.00	0.74549
      2	40013d	     34	    7.0	12868.0	 4289.3	 0.2034	 100.00	   1.09
      3	40013d	     34	   14.0	12864.0	 3216.0	 0.2216	 100.00	   1.43
      4	40013d	     34	    6.0	12864.0	 5145.6	 0.2092	 100.00	   1.71
      5	40013d	     34	   10.0	12864.0	 6432.0	 0.2053	 100.00	   1.93
      6	40013d	     34	   13.0	12871.0	 7351.9	 0.2013	 100.00	   2.12
      7	40013d	     34	   12.0	12869.0	 8041.5	 0.1970	 100.00	   2.27
      8	40013d	     34	    7.0	12864.0	 8577.3	 0.2062	 100.00	   2.41
      9	40013d	     34	   15.0	12867.0	 9006.3	 0.1925	 100.00	   2.53
     10	40013d	     34	   12.0	12865.0	 9357.1	 0.1931	 100.00	   2.64
     11	40013d	     34	   13.0	12868.0	 9649.7	 0.1884	 100.00	   2.77
     12	40013d	     34	   11.0	12867.0	 9897.2	 0.1865	 100.00	   2.89
     13	40013d	     34	   12.0	12865.0	10109.1	 0.1812	 100.00	   2.99
     14	40013d	     34	   14.0	12869.0	10293.1	 0.1848	 100.00	   3.08
     15	40013d	     34	   13.0	12868.0	10454.1	 0.1891	 100.00	   3.18
     16	40013d	     34	   10.0	12870.0	10596.2	 0.1915	 100.00	   3.26
     17	40013d	     34	   14.0	12868.0	10722.4	 0.1905	 100.00	   3.34
     18	40013d	     34	    9.0	12867.0	10835.3	 0.1890	 100.00	   3.41
     19	40013d	     34	   13.0	12866.0	10936.8	 0.1902	 100.00	   3.47
     20	40013d	     34	   10.0	12870.0	11028.9	 0.1839	 100.00	   3.53
     21	40013d	     34	   14.0	12864.0	11112.3	 0.1858	 100.00	   3.58
     22	40013d	     34	   15.0	12871.0	11188.7	 0.1888	 100.00	   3.63
     23	40013d	     34	   14.0	12867.0	11258.7	 0.1875	 100.00	   3.67
     24	40013d	     34	   15.0	12870.0	11323.1	 0.1899	 100.00	   3.71
     25	40013d	     34	   12.0	12872.0	11382.7	 0.1902	 100.00	   3.75
     26	40013d	     34	   13.0	12865.0	11437.6	 0.1917	 100.00	   3.78
     27	40013d	     34	   15.0	12870.0	11488.8	 0.1934	 100.00	   3.81
     28	40013d	     34	   12.0	12866.0	11536.2	 0.1954	 100.00	   3.84
     29	40013d	     34	   12.0	12868.0	11580.6	 0.1955	 100.00	   3.86
     30	40013d	     34	   13.0	12869.0	11622.2	 0.1968	 100.00	   3.88
     31	40013d	     34	   11.0	12870.0	11661.2	 0.1953	 100.00	   3.90
     32	40013d	     34	   12.0	12866.0	11697.7	 0.1962	 100.00	   3.92
     33	40013d	     34	   18.0	12862.0	11731.9	 0.1985	 100.00	   3.93
     34	40013d	     34	   10.0	12866.0	11764.3	 0.1986	 100.00	   3.93
     35	40013d	     34	   11.0	12867.0	11795.0	 0.1986	 100.00	   3.93
     36	40013d	     34	   13.0	12866.0	11823.9	 0.1972	 100.00	   3.93
     37	40013d	     34	   13.0	12865.0	11851.3	 0.1976	 100.00	   3.94
     38	40013d	     34	   16.0	12869.0	11877.4	 0.1957	 100.00	   3.94
     39	40013d	     34	   14.0	12867.0	11902.1	 0.1970	 100.00	   3.95
     40	40013d	     34	   11.0	12864.0	11925.6	 0.1962	 100.00	   3.96
     41	40013d	     34	   14.0	12866.0	11948.0	 0.1943	 100.00	   3.98
     42	40013d	     34	   10.0	12862.0	11969.3	 0.1935	 100.00	   3.99
     43	40013d	     34	   15.0	12873.0	11989.8	 0.1941	 100.00	   4.01
     44	40013d	     34	   13.0	12872.0	12009.4	 0.1949	 100.00	   4.02
     45	40013d	     34	   10.0	12876.0	12028.2	 0.1961	 100.00	   4.03
     46	40013d	     34	   15.0	12869.0	12046.1	 0.1967	 100.00	   4.04
     47	40013d	     34	    9.0	12870.0	12063.3	 0.1964	 100.00	   4.05
     48	40013d	     34	   13.0	12871.0	12079.8	 0.1982	 100.00	   4.06
     49	40013d	     34	   13.0	12868.0	12095.5	 0.1975	 100.00	   4.07
     50	40013d	     34	   21.0	12871.0	12110.7	 0.1973	 100.00	   4.08
     51	40013d	     34	   14.0	12869.0	12125.3	 0.1984	 100.00	   4.09
     52	40013d	     34	   13.0	12868.0	12139.3	 0.1974	 100.00	   4.10
     53	40013d	     34	   12.0	12870.0	12152.9	 0.1969	 100.00	   4.11
     54	40013d	     34	   19.0	12873.0	12166.0	 0.1968	 100.00	   4.12
     55	40013d	     34	   13.0	12874.0	12178.6	 0.1963	 100.00	   4.13
     56	40013d	     34	   16.0	12868.0	12190.7	 0.1971	 100.00	   4.14
     57	40013d	     34	   12.0	12872.0	12202.4	 0.1974	 100.00	   4.14
     58	40013d	     34	   17.0	12869.0	12213.7	 0.1970	 100.00	   4.15
     59	40013d	     34	   17.0	12874.0	12224.8	 0.1977	 100.00	   4.16
     60	40013d	     34	   13.0	12867.0	12235.3	 0.1978	 100.00	   4.16
     61	40013d	     34	   12.0	12871.0	12245.5	 0.1967	 100.00	   4.17
     62	40013d	     34	   19.0	12868.0	12255.4	 0.1966	 100.00	   4.18
     63	40013d	     34	    9.0	12871.0	12265.0	 0.1972	 100.00	   4.18
     64	40013d	     34	   11.0	12874.0	12274.4	 0.1979	 100.00	   4.19
     65	40013d	     34	   18.0	12872.0	12283.5	 0.1986	 100.00	   4.20
     66	40013d	     34	   16.0	12870.0	12292.2	 0.2006	 100.00	   4.20
     67	40013d	     34	   14.0	12868.0	12300.7	 0.2009	 100.00	   4.21
     68	40013d	     34	   14.0	12868.0	12308.9	 0.2016	 100.00	   4.21
     69	40013d	     34	   15.0	12865.0	12316.8	 0.2018	 100.00	   4.22
     70	40013d	     34	   14.0	12865.0	12324.6	 0.2028	 100.00	   4.22
     71	40013d	     34	   10.0	12869.0	12332.1	 0.2024	 100.00	   4.23
     72	40013d	     34	   11.0	12866.0	12339.4	 0.2039	 100.00	   4.24
     73	40013d	     34	   12.0	12870.0	12346.6	 0.2050	 100.00	   4.24
     74	40013d	     34	   18.0	12866.0	12353.5	 0.2057	 100.00	   4.25
     75	40013d	     34	   17.0	12869.0	12360.3	 0.2058	 100.00	   4.25
     76	40013d	     34	   10.0	12865.0	12366.9	 0.2060	 100.00	   4.25
     77	40013d	     34	   15.0	12872.0	12373.3	 0.2065	 100.00	   4.26
     78	40013d	     34	   16.0	12870.0	12379.6	 0.2064	 100.00	   4.26
     79	40013d	     34	   12.0	12870.0	12385.8	 0.2061	 100.00	   4.27
     80	40013d	     34	    8.0	12866.0	12391.7	 0.2058	 100.00	   4.27
     81	40013d	     34	   14.0	12868.0	12397.5	 0.2056	 100.00	   4.28
     82	40013d	     34	   19.0	12867.0	12403.2	 0.2067	 100.00	   4.28
     83	40013d	     34	   14.0	12869.0	12408.7	 0.2071	 100.00	   4.28
     84	40013d	     34	   12.0	12867.0	12414.1	 0.2070	 100.00	   4.29
     85	40013d	     34	   12.0	12865.0	12419.3	 0.2064	 100.00	   4.29
     86	40013d	     34	   14.0	12875.0	12424.6	 0.2069	 100.00	   4.29
     87	40013d	     34	   13.0	12874.0	12429.7	 0.2071	 100.00	   4.30
     88	40013d	     34	   10.0	12870.0	12434.6	 0.2077	 100.00	   4.30
     89	40013d	     34	   14.0	12876.0	12439.5	 0.2072	 100.00	   4.31
     90	40013d	     34	   15.0	12871.0	12444.3	 0.2068	 100.00	   4.31
     91	40013d	     34	   15.0	12872.0	12448.9	 0.2081	 100.00	   4.31
     92	40013d	     34	   12.0	12868.0	12453.4	 0.2074	 100.00	   4.31
     93	40013d	     34	   13.0	12873.0	12457.9	 0.2078	 100.00	   4.32
     94	40013d	     34	   11.0	12874.0	12462.3	 0.2082	 100.00	   4.32
     95	40013d	     34	   16.0	12876.0	12466.6	 0.2085	 100.00	   4.32
     96	40013d	     34	   13.0	12867.0	12470.7	 0.2093	 100.00	   4.33
     97	40013d	     34	   13.0	12868.0	12474.8	 0.2101	 100.00	   4.33
     98	40013d	     34	   13.0	12869.0	12478.7	 0.2096	 100.00	   4.33
     99	40013d	     34	   19.0	12868.0	12482.6	 0.2107	 100.00	   4.34
    100	40013d	     34	   12.0	12866.0	12486.4	 0.2109	 100.00	   4.34
    101	40013d	     34	   12.0	12866.0	12490.2	 0.2117	 100.00	   4.34
    102	40013d	     34	   17.0	12875.0	12493.9	 0.2131	 100.00	   4.34
    103	40013d	     34	   17.0	12868.0	12497.5	 0.2136	 100.00	   4.35
    104	40013d	     34	    9.0	12869.0	12501.0	 0.2133	 100.00	   4.35
    105	40013d	     34	   12.0	12867.0	12504.5	 0.2131	 100.00	   4.35
    106	40013d	     34	   16.0	12869.0	12507.9	 0.2131	 100.00	   4.35
    107	40013d	     34	   19.0	12872.0	12511.3	 0.2139	 100.00	   4.36
    108	40013d	     34	    9.0	12867.0	12514.5	 0.2142	 100.00	   4.36
    109	40013d	     34	   10.0	12869.0	12517.7	 0.2135	 100.00	   4.36
    110	40013d	     34	   14.0	12871.0	12520.9	 0.2134	 100.00	   4.36
    111	40013d	     34	   16.0	12869.0	12524.0	 0.2129	 100.00	   4.37
    112	40013d	     34	   11.0	12870.0	12527.1	 0.2132	 100.00	   4.37
    113	40013d	     34	   14.0	12868.0	12530.1	 0.2132	 100.00	   4.37
    114	40013d	     34	   14.0	12872.0	12533.1	 0.2131	 100.00	   4.37
    115	40013d	     34	   18.0	12872.0	12536.0	 0.2137	 100.00	   4.37
    116	40013d	     34	   14.0	12870.0	12538.8	 0.2138	 100.00	   4.38
    117	40013d	     34	   11.0	12869.0	12541.6	 0.2138	 100.00	   4.38
    118	40013d	     34	   16.0	12871.0	12544.4	 0.2136	 100.00	   4.38
    119	40013d	     34	   10.0	12871.0	12547.1	 0.2140	 100.00	   4.38
    120	40013d	     34	   11.0	12868.0	12549.8	 0.2147	 100.00	   4.38
    121	40013d	     34	   16.0	12874.0	12552.4	 0.2147	 100.00	   4.39
    122	40013d	     34	   14.0	12868.0	12555.0	 0.2148	 100.00	   4.39
    123	40013d	     34	   15.0	12871.0	12557.5	 0.2141	 100.00	   4.39
    124	40013d	     34	    8.0	12869.0	12560.0	 0.2145	 100.00	   4.39
    125	40013d	     34	   16.0	12869.0	12562.5	 0.2147	 100.00	   4.39
    126	40013d	     34	   13.0	12872.0	12564.9	 0.2147	 100.00	   4.40
    127	40013d	     34	   18.0	12870.0	12567.3	 0.2151	 100.00	   4.40
    128	40013d	     34	   13.0	12867.0	12569.6	 0.2146	 100.00	   4.40
    129	40013d	     34	   20.0	12873.0	12572.0	 0.2154	 100.00	   4.40
    130	40013d	     34	   13.0	12874.0	12574.3	 0.2154	 100.00	   4.40
    131	40013d	     34	   14.0	12874.0	12576.5	 0.2158	 100.00	   4.40
    132	40013d	     34	   20.0	12868.0	12578.7	 0.2174	 100.00	   4.40
    133	40013d	     34	   14.0	12868.0	12580.9	 0.2166	 100.00	   4.41
    134	40013d	     34	   16.0	12868.0	12583.0	 0.2168	 100.00	   4.41
    135	40013d	     34	    9.0	12867.0	12585.1	 0.2176	 100.00	   4.41
    136	40013d	     34	   11.0	12868.0	12587.2	 0.2179	 100.00	   4.41
    137	40013d	     34	   13.0	12871.0	12589.2	 0.2172	 100.00	   4.41
    138	40013d	     34	   14.0	12865.0	12591.2	 0.2170	 100.00	   4.41
    139	40013d	     34	   16.0	12875.0	12593.2	 0.2177	 100.00	   4.42
    140	40013d	     34	   15.0	12870.0	12595.2	 0.2185	 100.00	   4.42
    141	40013d	     34	   11.0	12869.0	12597.1	 0.2189	 100.00	   4.42
    142	40013d	     34	   16.0	12871.0	12599.0	 0.2196	 100.00	   4.42
    143	40013d	     34	   15.0	12872.0	12600.9	 0.2196	 100.00	   4.42
    144	40013d	     34	   14.0	12870.0	12602.8	 0.2200	 100.00	   4.42
    145	40013d	     34	   16.0	12872.0	12604.6	 0.2196	 100.00	   4.42
    146	40013d	     34	   13.0	12867.0	12606.4	 0.2198	 100.00	   4.43
    147	40013d	     34	   14.0	12867.0	12608.2	 0.2197	 100.00	   4.43
    148	40013d	     34	   17.0	12868.0	12609.9	 0.2204	 100.00	   4.43
    149	40013d	     34	   11.0	12869.0	12611.7	 0.2199	 100.00	   4.43
    150	40013d	     34	   15.0	12874.0	12613.4	 0.2201	 100.00	   4.43
    151	40013d	     34	   15.0	12871.0	12615.1	 0.2196	 100.00	   4.43
