../../../asc/asc:main.c:294: warning: auxv random bytes were not cleared
  Round	    PC	Excited	Hamming	   Loss	 Regret	    MSE	  Error	   MIPS
      0	40010c	     58	12552.0	12552.0	12552.0	 0.2331	 100.00	0.12895
      1	400142	     58	  310.0	12856.0	 6428.0	 0.2649	 100.00	0.45335
      2	400142	     58	   23.0	12857.0	 4285.7	 0.2926	 100.00	0.76571
      3	400142	     58	   27.0	12860.0	 3215.0	 0.2833	 100.00	   1.06
      4	400142	     58	   15.0	12857.0	 5143.4	 0.3000	 100.00	   1.32
      5	400142	     58	   28.0	12851.0	 6428.0	 0.2995	 100.00	   1.55
      6	400142	     58	   21.0	12856.0	 7346.3	 0.2950	 100.00	   1.76
      7	400142	     58	   18.0	12852.0	 8034.5	 0.2910	 100.00	   1.96
      8	400142	     58	   23.0	12855.0	 8570.1	 0.2900	 100.00	   2.13
      9	400142	     58	   26.0	12857.0	 8998.8	 0.2917	 100.00	   2.29
     10	400142	     58	   22.0	12849.0	 9348.8	 0.2892	 100.00	   2.42
     11	400142	     58	   26.0	12859.0	 9641.3	 0.2885	 100.00	   2.56
     12	400142	     58	   21.0	12862.0	 9889.1	 0.2884	 100.00	   2.69
     13	400142	     58	   25.0	12855.0	10100.9	 0.2804	 100.00	   2.81
     14	400142	     58	   20.0	12857.0	10284.7	 0.2835	 100.00	   2.92
     15	400142	     58	   24.0	12857.0	10445.4	 0.2845	 100.00	   3.02
     16	400142	     58	   19.0	12858.0	10587.4	 0.2884	 100.00	   3.12
     17	400142	     58	   24.0	12852.0	10713.2	 0.2882	 100.00	   3.21
     18	400142	     58	   19.0	12851.0	10825.7	 0.2807	 100.00	   3.27
     19	400142	     58	   19.0	12854.0	10927.1	 0.2835	 100.00	   3.34
     20	400142	     58	   21.0	12855.0	11018.9	 0.2834	 100.00	   3.40
     21	400142	     58	   22.0	12851.0	11102.2	 0.2841	 100.00	   3.45
     22	400142	     58	   30.0	12857.0	11178.5	 0.2850	 100.00	   3.49
     23	400142	     58	   18.0	12853.0	11248.2	 0.2827	 100.00	   3.53
     24	400142	     58	   17.0	12858.0	11312.6	 0.2819	 100.00	   3.57
     25	400142	     58	   23.0	12855.0	11372.0	 0.2818	 100.00	   3.61
     26	400142	     58	   18.0	12855.0	11426.9	 0.2799	 100.00	   3.63
     27	400142	     58	   20.0	12859.0	11478.0	 0.2793	 100.00	   3.66
     28	400142	     58	   14.0	12859.0	11525.7	 0.2773	 100.00	   3.68
     29	400142	     58	   24.0	12855.0	11570.0	 0.2794	 100.00	   3.71
     30	400142	     58	   20.0	12851.0	11611.3	 0.2797	 100.00	   3.72
     31	400142	     58	   21.0	12854.0	11650.1	 0.2794	 100.00	   3.74
     32	400142	     58	   17.0	12857.0	11686.7	 0.2787	 100.00	   3.76
     33	400142	     58	   25.0	12858.0	11721.1	 0.2811	 100.00	   3.78
     34	400142	     58	   17.0	12855.0	11753.5	 0.2792	 100.00	   3.80
     35	400142	     58	   22.0	12853.0	11784.1	 0.2780	 100.00	   3.82
     36	400142	     58	   16.0	12851.0	11812.9	 0.2769	 100.00	   3.83
     37	400142	     58	   23.0	12854.0	11840.3	 0.2767	 100.00	   3.85
     38	400142	     58	   19.0	12857.0	11866.4	 0.2739	 100.00	   3.86
     39	400142	     58	   21.0	12854.0	11891.1	 0.2733	 100.00	   3.87
     40	400142	     58	   16.0	12854.0	11914.6	 0.2715	 100.00	   3.89
     41	400142	     58	   26.0	12856.0	11937.0	 0.2724	 100.00	   3.91
     42	400142	     58	   26.0	12848.0	11958.2	 0.2706	 100.00	   3.92
     43	400142	     58	   23.0	12855.0	11978.5	 0.2719	 100.00	   3.93
     44	400142	     58	   28.0	12853.0	11998.0	 0.2717	 100.00	   3.94
     45	400142	     58	   19.0	12858.0	12016.7	 0.2723	 100.00	   3.95
     46	400142	     58	   26.0	12860.0	12034.6	 0.2718	 100.00	   3.96
     47	400142	     58	   21.0	12859.0	12051.8	 0.2718	 100.00	   3.97
     48	400142	     58	   24.0	12861.0	12068.3	 0.2713	 100.00	   3.98
     49	400142	     58	   16.0	12859.0	12084.1	 0.2713	 100.00	   3.99
     50	400142	     58	   31.0	12856.0	12099.3	 0.2736	 100.00	   4.00
     51	400142	     58	   21.0	12857.0	12113.8	 0.2719	 100.00	   4.01
     52	400142	     58	   21.0	12856.0	12127.8	 0.2708	 100.00	   4.01
     53	400142	     58	   16.0	12850.0	12141.2	 0.2711	 100.00	   4.02
     54	400142	     58	   28.0	12860.0	12154.3	 0.2701	 100.00	   4.03
     55	400142	     58	   18.0	12856.0	12166.8	 0.2692	 100.00	   4.04
     56	400142	     58	   18.0	12858.0	12178.9	 0.2692	 100.00	   4.05
     57	400142	     58	   22.0	12856.0	12190.6	 0.2694	 100.00	   4.05
     58	400142	     58	   26.0	12862.0	12202.0	 0.2668	 100.00	   4.06
     59	400142	     58	   16.0	12860.0	12213.0	 0.2680	 100.00	   4.07
     60	400142	     58	   18.0	12858.0	12223.5	 0.2670	 100.00	   4.07
     61	400142	     58	   22.0	12854.0	12233.7	 0.2665	 100.00	   4.08
     62	400142	     58	   23.0	12857.0	12243.6	 0.2648	 100.00	   4.09
     63	400142	     58	   14.0	12859.0	12253.2	 0.2652	 100.00	   4.09
     64	400142	     58	   19.0	12858.0	12262.5	 0.2648	 100.00	   4.10
     65	400142	     58	   20.0	12858.0	12271.5	 0.2644	 100.00	   4.11
     66	400142	     58	   27.0	12853.0	12280.2	 0.2649	 100.00	   4.11
     67	400142	     58	   22.0	12859.0	12288.7	 0.2658	 100.00	   4.12
     68	400142	     58	   21.0	12854.0	12296.9	 0.2651	 100.00	   4.12
     69	400142	     58	   19.0	12853.0	12304.9	 0.2649	 100.00	   4.13
     70	400142	     58	   25.0	12858.0	12312.6	 0.2645	 100.00	   4.13
     71	400142	     58	   20.0	12858.0	12320.2	 0.2637	 100.00	   4.14
     72	400142	     58	   20.0	12854.0	12327.5	 0.2636	 100.00	   4.14
     73	400142	     58	   15.0	12853.0	12334.6	 0.2637	 100.00	   4.15
     74	400142	     58	   24.0	12857.0	12341.6	 0.2628	 100.00	   4.15
     75	400142	     58	   19.0	12854.0	12348.3	 0.2624	 100.00	   4.16
     76	400142	     58	   15.0	12857.0	12354.9	 0.2621	 100.00	   4.16
     77	400142	     58	   20.0	12857.0	12361.4	 0.2623	 100.00	   4.16
     78	400142	     58	   24.0	12855.0	12367.6	 0.2626	 100.00	   4.17
     79	400142	     58	   14.0	12857.0	12373.8	 0.2625	 100.00	   4.17
     80	400142	     58	   20.0	12855.0	12379.7	 0.2619	 100.00	   4.18
     81	400142	     58	   15.0	12858.0	12385.5	 0.2606	 100.00	   4.18
     82	400142	     58	   24.0	12856.0	12391.2	 0.2602	 100.00	   4.18
     83	400142	     58	   20.0	12850.0	12396.7	 0.2596	 100.00	   4.19
     84	400142	     58	   15.0	12849.0	12402.0	 0.2589	 100.00	   4.19
     85	400142	     58	   18.0	12851.0	12407.2	 0.2586	 100.00	   4.19
     86	400142	     58	   23.0	12858.0	12412.4	 0.2599	 100.00	   4.19
     87	400142	     58	   25.0	12863.0	12417.5	 0.2606	 100.00	   4.20
     88	400142	     58	   20.0	12859.0	12422.5	 0.2620	 100.00	   4.20
     89	400142	     58	   22.0	12859.0	12427.3	 0.2627	 100.00	   4.20
     90	400142	     58	   20.0	12859.0	12432.1	 0.2637	 100.00	   4.21
     91	400142	     58	   26.0	12857.0	12436.7	 0.2641	 100.00	   4.21
     92	400142	     58	   27.0	12856.0	12441.2	 0.2633	 100.00	   4.21
     93	400142	     58	   25.0	12859.0	12445.6	 0.2641	 100.00	   4.22
     94	400142	     58	   19.0	12854.0	12449.9	 0.2648	 100.00	   4.22
     95	400142	     58	   16.0	12858.0	12454.2	 0.2649	 100.00	   4.22
     96	400142	     58	   19.0	12861.0	12458.4	 0.2643	 100.00	   4.22
     97	400142	     58	   23.0	12860.0	12462.5	 0.2643	 100.00	   4.23
     98	400142	     58	   22.0	12858.0	12466.5	 0.2648	 100.00	   4.23
     99	400142	     58	   23.0	12855.0	12470.4	 0.2646	 100.00	   4.23
    100	400142	     58	   18.0	12857.0	12474.2	 0.2646	 100.00	   4.24
    101	400142	     58	   20.0	12859.0	12478.0	 0.2644	 100.00	   4.24
    102	400142	     58	   22.0	12855.0	12481.6	 0.2642	 100.00	   4.24
    103	400142	     58	   18.0	12855.0	12485.2	 0.2636	 100.00	   4.24
    104	400142	     58	   22.0	12855.0	12488.7	 0.2629	 100.00	   4.25
    105	400142	     58	   14.0	12853.0	12492.2	 0.2627	 100.00	   4.25
    106	400142	     58	   14.0	12855.0	12495.6	 0.2621	 100.00	   4.25
    107	400142	     58	   24.0	12857.0	12498.9	 0.2622	 100.00	   4.26
    108	400142	     58	   24.0	12855.0	12502.2	 0.2614	 100.00	   4.26
    109	400142	     58	   17.0	12858.0	12505.4	 0.2612	 100.00	   4.26
    110	400142	     58	   20.0	12860.0	12508.6	 0.2603	 100.00	   4.26
    111	400142	     58	   21.0	12857.0	12511.7	 0.2607	 100.00	   4.26
    112	400142	     58	   20.0	12853.0	12514.7	 0.2602	 100.00	   4.26
    113	400142	     58	   23.0	12858.0	12517.7	 0.2605	 100.00	   4.27
    114	400142	     58	   19.0	12857.0	12520.7	 0.2609	 100.00	   4.27
    115	400142	     58	   27.0	12854.0	12523.6	 0.2614	 100.00	   4.27
    116	400142	     58	   25.0	12857.0	12526.4	 0.2612	 100.00	   4.28
    117	400142	     58	   15.0	12856.0	12529.2	 0.2619	 100.00	   4.28
    118	400142	     58	   20.0	12854.0	12531.9	 0.2616	 100.00	   4.28
    119	400142	     58	   16.0	12858.0	12534.6	 0.2613	 100.00	   4.28
    120	400142	     58	   18.0	12852.0	12537.3	 0.2612	 100.00	   4.28
    121	400142	     58	   21.0	12855.0	12539.9	 0.2608	 100.00	   4.29
    122	400142	     58	   17.0	12854.0	12542.4	 0.2609	 100.00	   4.29
    123	400142	     58	   16.0	12854.0	12544.9	 0.2604	 100.00	   4.29
    124	400142	     58	   19.0	12857.0	12547.4	 0.2602	 100.00	   4.29
    125	400142	     58	   17.0	12852.0	12549.9	 0.2596	 100.00	   4.30
    126	400142	     58	   17.0	12857.0	12552.3	 0.2596	 100.00	   4.30
    127	400142	     58	   28.0	12859.0	12554.7	 0.2602	 100.00	   4.30
    128	400142	     58	   17.0	12856.0	12557.0	 0.2600	 100.00	   4.31
    129	400142	     58	   20.0	12860.0	12559.3	 0.2602	 100.00	   4.31
    130	400142	     58	   19.0	12859.0	12561.6	 0.2601	 100.00	   4.31
    131	400142	     58	   19.0	12864.0	12563.9	 0.2598	 100.00	   4.32
    132	400142	     58	   27.0	12851.0	12566.1	 0.2612	 100.00	   4.32
    133	400142	     58	   25.0	12854.0	12568.2	 0.2611	 100.00	   4.32
    134	400142	     58	   17.0	12851.0	12570.3	 0.2611	 100.00	   4.33
    135	400142	     58	   21.0	12856.0	12572.4	 0.2611	 100.00	   4.33
    136	400142	     58	   22.0	12854.0	12574.5	 0.2617	 100.00	   4.33
    137	400142	     58	   15.0	12857.0	12576.5	 0.2617	 100.00	   4.34
    138	400142	     58	   20.0	12853.0	12578.5	 0.2613	 100.00	   4.34
    139	400142	     58	   21.0	12856.0	12580.5	 0.2612	 100.00	   4.34
    140	400142	     58	   26.0	12854.0	12582.4	 0.2614	 100.00	   4.34
    141	400142	     58	   21.0	12855.0	12584.4	 0.2607	 100.00	   4.35
    142	400142	     58	   21.0	12858.0	12586.3	 0.2608	 100.00	   4.35
    143	400142	     58	   21.0	12861.0	12588.2	 0.2602	 100.00	   4.35
    144	400142	     58	   20.0	12853.0	12590.0	 0.2602	 100.00	   4.36
    145	400142	     58	   20.0	12857.0	12591.8	 0.2597	 100.00	   4.36
    146	400142	     58	   21.0	12854.0	12593.6	 0.2589	 100.00	   4.36
    147	400142	     58	   25.0	12859.0	12595.4	 0.2595	 100.00	   4.36
    148	400142	     58	   24.0	12853.0	12597.1	 0.2601	 100.00	   4.37
    149	400142	     58	   19.0	12850.0	12598.8	 0.2600	 100.00	   4.37
    150	400142	     58	   23.0	12857.0	12600.5	 0.2602	 100.00	   4.37
    151	400142	     58	   17.0	12860.0	12602.2	 0.2594	 100.00	   4.36
