./asc:main.c:294: warning: auxv random bytes were not cleared
  Round	    PC	Excited	Hamming	   Loss	 Regret	    MSE	  Error	   MIPS
      0	40010c	     53	12745.0	12745.0	12745.0	 0.2867	 100.00	0.08137
      1	400148	     53	  294.0	13033.0	 6516.5	 0.2061	 100.00	0.27689
      2	400148	     53	    7.0	13036.0	 4345.3	 0.2213	 100.00	0.45702
      3	400148	     53	   13.0	13037.0	 3259.2	 0.2121	 100.00	0.62176
      4	400148	     53	   14.0	13041.0	 5215.6	 0.2110	 100.00	0.77561
      5	400148	     53	   22.0	13037.0	 6519.2	 0.2306	 100.00	0.91817
      6	400148	     53	   16.0	13041.0	 7450.9	 0.2345	 100.00	   1.05
      7	400148	     53	   11.0	13042.0	 8149.8	 0.2323	 100.00	   1.16
      8	400148	     53	   18.0	13040.0	 8693.1	 0.2326	 100.00	   1.27
      9	400148	     53	   19.0	13043.0	 9128.1	 0.2280	 100.00	   1.37
     10	400148	     53	   19.0	13036.0	 9483.4	 0.2285	 100.00	   1.47
     11	400148	     53	   15.0	13039.0	 9779.7	 0.2291	 100.00	   1.57
     12	400148	     53	   12.0	13035.0	10030.1	 0.2256	 100.00	   1.66
     13	400148	     53	   20.0	13043.0	10245.3	 0.2205	 100.00	   1.74
     14	400148	     53	   16.0	13039.0	10431.5	 0.2271	 100.00	   1.81
     15	400148	     53	   15.0	13044.0	10594.8	 0.2306	 100.00	   1.89
     16	400148	     53	   18.0	13038.0	10738.5	 0.2318	 100.00	   1.95
     17	400148	     53	   17.0	13037.0	10866.2	 0.2330	 100.00	   2.02
     18	400148	     53	   13.0	13040.0	10980.6	 0.2307	 100.00	   2.08
     19	400148	     53	   24.0	13040.0	11083.6	 0.2342	 100.00	   2.13
     20	400148	     53	   16.0	13034.0	11176.5	 0.2301	 100.00	   2.19
     21	400148	     53	   22.0	13038.0	11261.1	 0.2298	 100.00	   2.24
     22	400148	     53	   25.0	13045.0	11338.7	 0.2348	 100.00	   2.29
     23	400148	     53	   16.0	13045.0	11409.8	 0.2355	 100.00	   2.34
     24	400148	     53	   17.0	13046.0	11475.2	 0.2347	 100.00	   2.39
     25	400148	     53	   26.0	13044.0	11535.5	 0.2371	 100.00	   2.43
     26	400148	     53	   16.0	13040.0	11591.3	 0.2385	 100.00	   2.47
     27	400148	     53	   23.0	13041.0	11643.0	 0.2370	 100.00	   2.51
     28	400148	     53	   22.0	13047.0	11691.4	 0.2355	 100.00	   2.54
     29	400148	     53	   18.0	13041.0	11736.4	 0.2364	 100.00	   2.58
     30	400148	     53	   18.0	13043.0	11778.6	 0.2369	 100.00	   2.63
     31	400148	     53	   21.0	13042.0	11818.1	 0.2346	 100.00	   2.67
     32	400148	     53	   20.0	13042.0	11855.2	 0.2339	 100.00	   2.71
     33	400148	     53	   28.0	13036.0	11889.9	 0.2334	 100.00	   2.74
     34	400148	     53	    9.0	13041.0	11922.8	 0.2355	 100.00	   2.76
     35	400148	     53	   18.0	13049.0	11954.1	 0.2366	 100.00	   2.80
     36	400148	     53	   16.0	13041.0	11983.4	 0.2345	 100.00	   2.83
     37	400148	     53	   19.0	13042.0	12011.3	 0.2355	 100.00	   2.86
     38	400148	     53	   17.0	13037.0	12037.6	 0.2349	 100.00	   2.89
     39	400148	     53	   16.0	13041.0	12062.7	 0.2360	 100.00	   2.92
     40	400148	     53	   13.0	13042.0	12086.6	 0.2353	 100.00	   2.95
     41	400148	     53	   21.0	13043.0	12109.3	 0.2340	 100.00	   2.97
     42	400148	     53	   16.0	13043.0	12131.0	 0.2342	 100.00	   3.00
     43	400148	     53	   20.0	13051.0	12152.0	 0.2378	 100.00	   3.03
     44	400148	     53	   15.0	13044.0	12171.8	 0.2381	 100.00	   3.05
     45	400148	     53	   10.0	13046.0	12190.8	 0.2384	 100.00	   3.08
     46	400148	     53	   25.0	13039.0	12208.8	 0.2407	 100.00	   3.09
     47	400148	     53	   17.0	13046.0	12226.3	 0.2404	 100.00	   3.10
     48	400148	     53	   12.0	13044.0	12243.0	 0.2405	 100.00	   3.11
     49	400148	     53	   24.0	13042.0	12258.9	 0.2438	 100.00	   3.13
     50	400148	     53	   17.0	13041.0	12274.3	 0.2432	 100.00	   3.14
     51	400148	     53	   25.0	13044.0	12289.1	 0.2453	 100.00	   3.15
     52	400148	     53	   27.0	13043.0	12303.3	 0.2458	 100.00	   3.16
     53	400148	     53	   23.0	13040.0	12316.9	 0.2484	 100.00	   3.17
     54	400148	     53	   21.0	13045.0	12330.2	 0.2500	 100.00	   3.18
     55	400148	     53	   21.0	13048.0	12343.0	 0.2495	 100.00	   3.20
     56	400148	     53	   23.0	13045.0	12355.3	 0.2506	 100.00	   3.21
     57	400148	     53	   27.0	13044.0	12367.2	 0.2511	 100.00	   3.21
     58	400148	     53	   21.0	13039.0	12378.6	 0.2513	 100.00	   3.23
     59	400148	     53	   19.0	13048.0	12389.7	 0.2530	 100.00	   3.24
     60	400148	     53	   25.0	13035.0	12400.3	 0.2541	 100.00	   3.24
     61	400148	     53	   18.0	13045.0	12410.7	 0.2561	 100.00	   3.25
     62	400148	     53	   23.0	13040.0	12420.7	 0.2550	 100.00	   3.26
     63	400148	     53	   11.0	13045.0	12430.5	 0.2550	 100.00	   3.28
     64	400148	     53	   17.0	13044.0	12439.9	 0.2559	 100.00	   3.29
     65	400148	     53	   25.0	13055.0	12449.2	 0.2563	 100.00	   3.31
     66	400148	     53	   24.0	13047.0	12458.1	 0.2575	 100.00	   3.32
     67	400148	     53	   26.0	13031.0	12466.6	 0.2575	 100.00	   3.33
     68	400148	     53	   19.0	13042.0	12474.9	 0.2583	 100.00	   3.35
     69	400148	     53	   24.0	13036.0	12482.9	 0.2573	 100.00	   3.36
     70	400148	     53	   23.0	13041.0	12490.8	 0.2565	 100.00	   3.37
     71	400148	     53	   22.0	13045.0	12498.5	 0.2566	 100.00	   3.38
     72	400148	     53	   19.0	13040.0	12505.9	 0.2560	 100.00	   3.40
     73	400148	     53	   20.0	13038.0	12513.1	 0.2563	 100.00	   3.41
     74	400148	     53	   17.0	13041.0	12520.1	 0.2585	 100.00	   3.42
     75	400148	     53	   22.0	13045.0	12527.0	 0.2595	 100.00	   3.43
     76	400148	     53	   20.0	13043.0	12533.7	 0.2594	 100.00	   3.44
     77	400148	     53	   15.0	13036.0	12540.2	 0.2592	 100.00	   3.45
     78	400148	     53	   19.0	13039.0	12546.5	 0.2594	 100.00	   3.46
     79	400148	     53	   15.0	13040.0	12552.6	 0.2595	 100.00	   3.47
     80	400148	     53	   16.0	13042.0	12558.7	 0.2593	 100.00	   3.48
     81	400148	     53	   17.0	13045.0	12564.6	 0.2585	 100.00	   3.49
     82	400148	     53	   21.0	13046.0	12570.4	 0.2591	 100.00	   3.50
     83	400148	     53	   17.0	13043.0	12576.0	 0.2600	 100.00	   3.51
     84	400148	     53	   24.0	13037.0	12581.5	 0.2598	 100.00	   3.52
     85	400148	     53	   17.0	13040.0	12586.8	 0.2593	 100.00	   3.53
     86	400148	     53	   19.0	13041.0	12592.0	 0.2604	 100.00	   3.54
     87	400148	     53	   18.0	13045.0	12597.2	 0.2611	 100.00	   3.54
     88	400148	     53	   24.0	13039.0	12602.1	 0.2614	 100.00	   3.55
     89	400148	     53	   22.0	13045.0	12607.1	 0.2616	 100.00	   3.56
     90	400148	     53	   14.0	13043.0	12611.8	 0.2607	 100.00	   3.56
     91	400148	     53	   16.0	13047.0	12616.6	 0.2611	 100.00	   3.57
     92	400148	     53	   15.0	13050.0	12621.2	 0.2612	 100.00	   3.57
     93	400148	     53	   22.0	13036.0	12625.6	 0.2626	 100.00	   3.58
     94	400148	     53	   24.0	13046.0	12630.1	 0.2627	 100.00	   3.58
     95	400148	     53	   25.0	13049.0	12634.4	 0.2633	 100.00	   3.59
     96	400148	     53	   14.0	13051.0	12638.7	 0.2634	 100.00	   3.59
     97	400148	     53	   19.0	13050.0	12642.9	 0.2634	 100.00	   3.60
     98	400148	     53	   23.0	13047.0	12647.0	 0.2630	 100.00	   3.60
     99	400148	     53	   21.0	13040.0	12650.9	 0.2634	 100.00	   3.61
    100	400148	     53	   18.0	13042.0	12654.8	 0.2632	 100.00	   3.62
    101	400148	     53	   16.0	13046.0	12658.6	 0.2636	 100.00	   3.62
    102	400148	     53	   16.0	13046.0	12662.4	 0.2640	 100.00	   3.63
    103	400148	     53	   25.0	13049.0	12666.1	 0.2647	 100.00	   3.64
    104	400148	     53	   26.0	13045.0	12669.7	 0.2653	 100.00	   3.64
    105	400148	     53	   17.0	13046.0	12673.3	 0.2653	 100.00	   3.65
    106	400148	     53	   24.0	13038.0	12676.7	 0.2655	 100.00	   3.65
    107	400148	     53	   17.0	13043.0	12680.1	 0.2662	 100.00	   3.66
    108	400148	     53	   22.0	13051.0	12683.5	 0.2659	 100.00	   3.67
    109	400148	     53	   25.0	13040.0	12686.7	 0.2662	 100.00	   3.67
    110	400148	     53	   20.0	13042.0	12689.9	 0.2662	 100.00	   3.68
    111	400148	     53	   19.0	13039.0	12693.0	 0.2654	 100.00	   3.68
    112	400148	     53	   13.0	13044.0	12696.2	 0.2656	 100.00	   3.69
    113	400148	     53	   27.0	13043.0	12699.2	 0.2654	 100.00	   3.69
    114	400148	     53	    9.0	13042.0	12702.2	 0.2653	 100.00	   3.70
    115	400148	     53	   26.0	13042.0	12705.1	 0.2668	 100.00	   3.70
    116	400148	     53	   19.0	13049.0	12708.0	 0.2667	 100.00	   3.70
    117	400148	     53	   21.0	13042.0	12710.9	 0.2664	 100.00	   3.71
    118	400148	     53	   24.0	13044.0	12713.7	 0.2667	 100.00	   3.71
    119	400148	     53	   18.0	13040.0	12716.4	 0.2669	 100.00	   3.71
    120	400148	     53	   19.0	13047.0	12719.1	 0.2669	 100.00	   3.72
    121	400148	     53	   22.0	13051.0	12721.8	 0.2679	 100.00	   3.72
    122	400148	     53	   25.0	13044.0	12724.5	 0.2683	 100.00	   3.72
    123	400148	     53	   26.0	13042.0	12727.0	 0.2675	 100.00	   3.73
    124	400148	     53	   23.0	13049.0	12729.6	 0.2681	 100.00	   3.73
    125	400148	     53	   33.0	13040.0	12732.1	 0.2675	 100.00	   3.73
    126	400148	     53	   28.0	13052.0	12734.6	 0.2674	 100.00	   3.74
    127	400148	     53	   20.0	13040.0	12737.0	 0.2681	 100.00	   3.74
    128	400148	     53	   21.0	13041.0	12739.3	 0.2680	 100.00	   3.74
    129	400148	     53	   20.0	13045.0	12741.7	 0.2686	 100.00	   3.75
    130	400148	     53	   20.0	13047.0	12744.0	 0.2685	 100.00	   3.75
    131	400148	     53	   22.0	13047.0	12746.3	 0.2690	 100.00	   3.75
    132	400148	     53	   28.0	13045.0	12748.5	 0.2692	 100.00	   3.75
    133	400148	     53	   23.0	13050.0	12750.8	 0.2698	 100.00	   3.76
    134	400148	     53	   21.0	13049.0	12753.0	 0.2696	 100.00	   3.76
    135	400148	     53	   20.0	13045.0	12755.2	 0.2696	 100.00	   3.77
    136	400148	     53	   25.0	13042.0	12757.2	 0.2695	 100.00	   3.77
    137	400148	     53	   27.0	13043.0	12759.3	 0.2694	 100.00	   3.77
    138	400148	     53	   16.0	13039.0	12761.3	 0.2690	 100.00	   3.78
    139	400148	     53	   25.0	13050.0	12763.4	 0.2691	 100.00	   3.78
    140	400148	     53	   23.0	13049.0	12765.4	 0.2686	 100.00	   3.79
    141	400148	     53	   17.0	13044.0	12767.4	 0.2685	 100.00	   3.79
    142	400148	     53	   25.0	13047.0	12769.3	 0.2693	 100.00	   3.79
    143	400148	     53	   16.0	13043.0	12771.2	 0.2694	 100.00	   3.79
    144	400148	     53	   17.0	13044.0	12773.1	 0.2697	 100.00	   3.80
    145	400148	     53	   19.0	13045.0	12775.0	 0.2696	 100.00	   3.80
    146	400148	     53	   22.0	13045.0	12776.8	 0.2697	 100.00	   3.80
    147	400148	     53	   17.0	13046.0	12778.6	 0.2702	 100.00	   3.80
    148	400148	     53	   28.0	13046.0	12780.4	 0.2708	 100.00	   3.80
    149	400148	     53	   20.0	13042.0	12782.2	 0.2702	 100.00	   3.80
    150	400148	     53	   29.0	13041.0	12783.9	 0.2704	 100.00	   3.80
    151	400148	     53	   21.0	13044.0	12785.6	 0.2713	 100.00	   3.80
    152	400148	     53	   17.0	13045.0	12787.3	 0.2720	 100.00	   3.80
    153	400148	     53	   17.0	13048.0	12789.0	 0.2724	 100.00	   3.80
    154	400148	     53	   18.0	13050.0	12790.7	 0.2735	 100.00	   3.80
    155	400148	     53	   23.0	13047.0	12792.3	 0.2731	 100.00	   3.81
    156	400148	     53	   24.0	13041.0	12793.9	 0.2735	 100.00	   3.81
    157	400148	     53	   20.0	13043.0	12795.5	 0.2727	 100.00	   3.81
    158	400148	     53	   27.0	13046.0	12797.1	 0.2726	 100.00	   3.81
    159	400148	     53	   22.0	13050.0	12798.6	 0.2724	 100.00	   3.82
    160	400148	     53	   21.0	13047.0	12800.2	 0.2740	 100.00	   3.82
    161	400148	     53	   26.0	13043.0	12801.7	 0.2745	 100.00	   3.82
    162	400148	     53	   28.0	13047.0	12803.2	 0.2747	 100.00	   3.82
    163	400148	     53	   25.0	13050.0	12804.7	 0.2746	 100.00	   3.82
    164	400148	     53	   22.0	13050.0	12806.2	 0.2746	 100.00	   3.82
    165	400148	     53	   21.0	13041.0	12807.6	 0.2741	 100.00	   3.82
    166	400148	     53	   29.0	13040.0	12809.0	 0.2753	 100.00	   3.82
    167	400148	     53	   17.0	13051.0	12810.4	 0.2752	 100.00	   3.83
    168	400148	     53	   17.0	13040.0	12811.8	 0.2751	 100.00	   3.83
    169	400148	     53	   23.0	13039.0	12813.1	 0.2751	 100.00	   3.83
    170	400148	     53	   19.0	13036.0	12814.4	 0.2749	 100.00	   3.83
    171	400148	     53	   20.0	13048.0	12815.8	 0.2747	 100.00	   3.83
    172	400148	     53	   15.0	13047.0	12817.1	 0.2746	 100.00	   3.83
    173	400148	     53	   16.0	13047.0	12818.4	 0.2749	 100.00	   3.83
    174	400148	     53	   17.0	13048.0	12819.7	 0.2748	 100.00	   3.83
    175	400148	     53	   20.0	13044.0	12821.0	 0.2751	 100.00	   3.83
    176	400148	     53	   26.0	13050.0	12822.3	 0.2756	 100.00	   3.83
    177	400148	     53	   30.0	13044.0	12823.6	 0.2755	 100.00	   3.83
    178	400148	     53	   23.0	13051.0	12824.8	 0.2757	 100.00	   3.84
    179	400148	     53	   26.0	13047.0	12826.1	 0.2765	 100.00	   3.84
    180	400148	     53	   25.0	13044.0	12827.3	 0.2762	 100.00	   3.84
    181	400148	     53	   19.0	13045.0	12828.5	 0.2772	 100.00	   3.84
    182	400148	     53	   28.0	13045.0	12829.6	 0.2781	 100.00	   3.84
    183	400148	     53	   21.0	13044.0	12830.8	 0.2785	 100.00	   3.84
    184	400148	     53	   18.0	13050.0	12832.0	 0.2791	 100.00	   3.84
    185	400148	     53	   31.0	13049.0	12833.2	 0.2796	 100.00	   3.85
    186	400148	     53	   18.0	13043.0	12834.3	 0.2798	 100.00	   3.85
    187	400148	     53	   18.0	13049.0	12835.4	 0.2797	 100.00	   3.85
    188	400148	     53	   25.0	13038.0	12836.5	 0.2803	 100.00	   3.85
    189	400148	     53	   18.0	13040.0	12837.6	 0.2804	 100.00	   3.85
    190	400148	     53	   17.0	13045.0	12838.7	 0.2800	 100.00	   3.85
    191	400148	     53	   17.0	13046.0	12839.7	 0.2802	 100.00	   3.86
    192	400148	     53	   20.0	13048.0	12840.8	 0.2803	 100.00	   3.86
    193	400148	     53	   27.0	13041.0	12841.8	 0.2807	 100.00	   3.86
    194	400148	     53	   23.0	13048.0	12842.9	 0.2804	 100.00	   3.86
    195	400148	     53	   28.0	13046.0	12843.9	 0.2799	 100.00	   3.86
    196	400148	     53	   28.0	13046.0	12845.0	 0.2799	 100.00	   3.86
    197	400148	     53	   27.0	13047.0	12846.0	 0.2806	 100.00	   3.86
    198	400148	     53	   21.0	13042.0	12847.0	 0.2807	 100.00	   3.86
    199	400148	     53	   22.0	13040.0	12847.9	 0.2805	 100.00	   3.86
    200	400148	     53	   25.0	13041.0	12848.9	 0.2807	 100.00	   3.86
    201	400148	     53	   24.0	13039.0	12849.8	 0.2804	 100.00	   3.86
    202	400148	     53	   25.0	13048.0	12850.8	 0.2802	 100.00	   3.86
    203	400148	     53	   25.0	13045.0	12851.8	 0.2806	 100.00	   3.86
    204	400148	     53	   20.0	13043.0	12852.7	 0.2806	 100.00	   3.86
    205	400148	     53	   18.0	13041.0	12853.6	 0.2808	 100.00	   3.86
    206	400148	     53	   26.0	13043.0	12854.5	 0.2808	 100.00	   3.87
    207	400148	     53	   21.0	13042.0	12855.4	 0.2810	 100.00	   3.87
    208	400148	     53	   21.0	13043.0	12856.3	 0.2810	 100.00	   3.87
    209	400148	     53	   16.0	13049.0	12857.2	 0.2807	 100.00	   3.87
    210	400148	     53	   21.0	13044.0	12858.1	 0.2808	 100.00	   3.87
    211	400148	     53	   21.0	13037.0	12859.0	 0.2810	 100.00	   3.87
    212	400148	     53	   26.0	13051.0	12859.9	 0.2813	 100.00	   3.87
    213	400148	     53	   24.0	13043.0	12860.7	 0.2823	 100.00	   3.87
    214	400148	     53	   18.0	13051.0	12861.6	 0.2829	 100.00	   3.87
    215	400148	     53	   22.0	13045.0	12862.5	 0.2823	 100.00	   3.87
    216	400148	     53	   22.0	13041.0	12863.3	 0.2828	 100.00	   3.88
    217	400148	     53	   19.0	13050.0	12864.1	 0.2825	 100.00	   3.88
    218	400148	     53	   17.0	13053.0	12865.0	 0.2829	 100.00	   3.88
    219	400148	     53	   15.0	13054.0	12865.9	 0.2833	 100.00	   3.88
    220	400148	     53	   26.0	13050.0	12866.7	 0.2833	 100.00	   3.88
    221	400148	     53	   25.0	13049.0	12867.5	 0.2839	 100.00	   3.88
    222	400148	     53	   33.0	13048.0	12868.3	 0.2840	 100.00	   3.89
    223	400148	     53	   22.0	13046.0	12869.1	 0.2846	 100.00	   3.89
    224	400148	     53	   22.0	13042.0	12869.9	 0.2850	 100.00	   3.89
    225	400148	     53	   26.0	13046.0	12870.7	 0.2854	 100.00	   3.89
    226	400148	     53	   31.0	13049.0	12871.5	 0.2856	 100.00	   3.89
    227	400148	     53	   21.0	13050.0	12872.2	 0.2854	 100.00	   3.89
    228	400148	     53	   23.0	13047.0	12873.0	 0.2850	 100.00	   3.89
    229	400148	     53	   20.0	13047.0	12873.8	 0.2851	 100.00	   3.89
    230	400148	     53	   23.0	13048.0	12874.5	 0.2848	 100.00	   3.89
    231	400148	     53	   20.0	13042.0	12875.2	 0.2848	 100.00	   3.89
    232	400148	     53	   24.0	13040.0	12875.9	 0.2849	 100.00	   3.89
    233	400148	     53	   21.0	13041.0	12876.6	 0.2846	 100.00	   3.89
    234	400148	     53	   21.0	13046.0	12877.4	 0.2842	 100.00	   3.90
    235	400148	     53	   19.0	13055.0	12878.1	 0.2847	 100.00	   3.90
    236	400148	     53	   23.0	13038.0	12878.8	 0.2849	 100.00	   3.90
    237	400148	     53	   27.0	13047.0	12879.5	 0.2849	 100.00	   3.90
    238	400148	     53	   28.0	13045.0	12880.2	 0.2850	 100.00	   3.90
    239	400148	     53	   26.0	13045.0	12880.9	 0.2852	 100.00	   3.90
    240	400148	     53	   16.0	13035.0	12881.5	 0.2859	 100.00	   3.90
    241	400148	     53	   23.0	13052.0	12882.2	 0.2857	 100.00	   3.90
    242	400148	     53	   28.0	13048.0	12882.9	 0.2858	 100.00	   3.90
    243	400148	     53	   18.0	13048.0	12883.6	 0.2861	 100.00	   3.90
    244	400148	     53	   18.0	13044.0	12884.2	 0.2858	 100.00	   3.90
    245	400148	     53	   17.0	13051.0	12884.9	 0.2857	 100.00	   3.90
    246	400148	     53	   28.0	13045.0	12885.6	 0.2861	 100.00	   3.90
    247	400148	     53	   16.0	13047.0	12886.2	 0.2860	 100.00	   3.90
    248	400148	     53	   23.0	13046.0	12886.9	 0.2865	 100.00	   3.90
    249	400148	     53	   24.0	13040.0	12887.5	 0.2861	 100.00	   3.91
    250	400148	     53	   19.0	13043.0	12888.1	 0.2858	 100.00	   3.91
    251	400148	     53	   20.0	13043.0	12888.7	 0.2862	 100.00	   3.91
    252	400148	     53	   20.0	13049.0	12889.3	 0.2858	 100.00	   3.91
    253	400148	     53	   17.0	13044.0	12889.9	 0.2861	 100.00	   3.91
    254	400148	     53	   26.0	13048.0	12890.6	 0.2862	 100.00	   3.91
    255	400148	     53	   22.0	13048.0	12891.2	 0.2864	 100.00	   3.91
    256	400148	     53	   17.0	13041.0	12891.8	 0.2863	 100.00	   3.92
    257	400148	     53	   20.0	13049.0	12892.4	 0.2867	 100.00	   3.92
    258	400148	     53	   12.0	13049.0	12893.0	 0.2867	 100.00	   3.92
    259	400148	     53	   20.0	13055.0	12893.6	 0.2871	 100.00	   3.92
    260	400148	     53	   20.0	13051.0	12894.2	 0.2872	 100.00	   3.92
    261	400148	     53	   25.0	13054.0	12894.8	 0.2871	 100.00	   3.92
    262	400148	     53	   22.0	13052.0	12895.4	 0.2874	 100.00	   3.92
    263	400148	     53	   32.0	13046.0	12896.0	 0.2880	 100.00	   3.92
    264	400148	     53	   20.0	13040.0	12896.5	 0.2880	 100.00	   3.92
    265	400148	     53	   19.0	13047.0	12897.1	 0.2879	 100.00	   3.92
    266	400148	     53	   17.0	13044.0	12897.6	 0.2880	 100.00	   3.92
    267	400148	     53	   25.0	13045.0	12898.2	 0.2884	 100.00	   3.92
    268	400148	     53	   25.0	13038.0	12898.7	 0.2881	 100.00	   3.92
    269	400148	     53	   18.0	13040.0	12899.2	 0.2879	 100.00	   3.92
    270	400148	     53	   16.0	13048.0	12899.8	 0.2882	 100.00	   3.92
    271	400148	     53	   23.0	13041.0	12900.3	 0.2881	 100.00	   3.92
    272	400148	     53	   22.0	13043.0	12900.8	 0.2883	 100.00	   3.92
    273	400148	     53	   24.0	13051.0	12901.4	 0.2885	 100.00	   3.92
    274	400148	     53	   16.0	13055.0	12901.9	 0.2885	 100.00	   3.92
    275	400148	     53	   28.0	13045.0	12902.4	 0.2890	 100.00	   3.92
    276	400148	     53	   20.0	13043.0	12903.0	 0.2887	 100.00	   3.92
    277	400148	     53	   19.0	13042.0	12903.5	 0.2888	 100.00	   3.92
    278	400148	     53	   23.0	13051.0	12904.0	 0.2890	 100.00	   3.92
    279	400148	     53	   27.0	13048.0	12904.5	 0.2894	 100.00	   3.92
    280	400148	     53	   24.0	13044.0	12905.0	 0.2895	 100.00	   3.93
    281	400148	     53	   22.0	13048.0	12905.5	 0.2895	 100.00	   3.93
    282	400148	     53	   25.0	13041.0	12906.0	 0.2895	 100.00	   3.93
    283	400148	     53	   26.0	13035.0	12906.4	 0.2897	 100.00	   3.93
    284	400148	     53	   16.0	13047.0	12906.9	 0.2898	 100.00	   3.93
    285	400148	     53	   19.0	13040.0	12907.4	 0.2897	 100.00	   3.93
    286	400148	     53	   25.0	13049.0	12907.9	 0.2898	 100.00	   3.93
    287	400148	     53	   24.0	13041.0	12908.4	 0.2899	 100.00	   3.93
    288	400148	     53	   17.0	13046.0	12908.8	 0.2896	 100.00	   3.93
    289	400148	     53	   26.0	13044.0	12909.3	 0.2897	 100.00	   3.93
    290	400148	     53	   25.0	13051.0	12909.8	 0.2901	 100.00	   3.93
    291	400148	     53	   26.0	13043.0	12910.2	 0.2906	 100.00	   3.93
    292	400148	     53	   26.0	13045.0	12910.7	 0.2908	 100.00	   3.93
    293	400148	     53	   19.0	13050.0	12911.2	 0.2907	 100.00	   3.94
    294	400148	     53	   27.0	13049.0	12911.6	 0.2906	 100.00	   3.94
    295	400148	     53	   29.0	13036.0	12912.1	 0.2910	 100.00	   3.94
    296	400148	     53	   26.0	13046.0	12912.5	 0.2910	 100.00	   3.94
    297	400148	     53	   27.0	13045.0	12913.0	 0.2908	 100.00	   3.94
    298	400148	     53	   20.0	13037.0	12913.4	 0.2910	 100.00	   3.94
    299	400148	     53	   28.0	13049.0	12913.8	 0.2914	 100.00	   3.94
    300	400148	     53	   17.0	13050.0	12914.3	 0.2917	 100.00	   3.94
    301	400148	     53	   16.0	13046.0	12914.7	 0.2916	 100.00	   3.94
    302	400148	     53	   28.0	13048.0	12915.1	 0.2919	 100.00	   3.94
