./asc:main.c:294: warning: auxv random bytes were not cleared
  Round	    PC	Excited	Hamming	   Loss	 Regret	    MSE	  Error	   MIPS
      0	40010c	     17	12752.0	12752.0	12752.0	 0.3449	 100.00	0.10981
      1	40013f	     17	  307.0	13055.0	 6527.5	 0.1848	 100.00	0.47752
      2	40013f	     17	    4.0	13055.0	 4351.7	 0.1311	 100.00	0.74149
      3	40013f	     17	    6.0	13057.0	 3264.2	 0.0992	 100.00	0.98058
      4	40013f	     17	    3.0	13056.0	 5222.6	 0.0875	 100.00	   1.18
      5	40013f	     17	    6.0	13054.0	 6527.8	 0.0764	 100.00	   1.36
      6	40013f	     17	    6.0	13056.0	 7460.4	 0.0656	 100.00	   1.51
      7	40013f	     17	    4.0	13056.0	 8159.9	 0.0600	 100.00	   1.63
      8	40013f	     17	    4.0	13056.0	 8703.9	 0.0595	 100.00	   1.75
      9	40013f	     17	    7.0	13055.0	 9139.0	 0.0564	 100.00	   1.86
     10	40013f	     17	    5.0	13054.0	 9494.9	 0.0520	 100.00	   1.96
     11	40013f	     17	    7.0	13057.0	 9791.8	 0.0562	 100.00	   2.06
     12	40013f	     17	    4.0	13057.0	10042.9	 0.0558	 100.00	   2.15
     13	40013f	     17	    6.0	13055.0	10258.1	 0.0544	 100.00	   2.23
     14	40013f	     17	    5.0	13056.0	10444.6	 0.0510	 100.00	   2.30
     15	40013f	     17	    5.0	13057.0	10607.9	 0.0479	 100.00	   2.37
     16	40013f	     17	    4.0	13055.0	10751.8	 0.0458	 100.00	   2.45
     17	40013f	     17	   10.0	13055.0	10879.8	 0.0483	 100.00	   2.53
     18	40013f	     17	    4.0	13055.0	10994.3	 0.0461	 100.00	   2.59
     19	40013f	     17	    6.0	13055.0	11097.3	 0.0441	 100.00	   2.66
     20	40013f	     17	    3.0	13054.0	11190.5	 0.0444	 100.00	   2.72
     21	40013f	     17	    6.0	13054.0	11275.2	 0.0425	 100.00	   2.78
     22	40013f	     17	    8.0	13058.0	11352.7	 0.0427	 100.00	   2.83
     23	40013f	     17	    4.0	13058.0	11423.8	 0.0423	 100.00	   2.88
     24	40013f	     17	    4.0	13056.0	11489.0	 0.0425	 100.00	   2.93
     25	40013f	     17	    7.0	13055.0	11549.3	 0.0413	 100.00	   2.98
     26	40013f	     17	    5.0	13056.0	11605.1	 0.0398	 100.00	   3.03
     27	40013f	     17	    6.0	13058.0	11657.0	 0.0396	 100.00	   3.07
     28	40013f	     17	    4.0	13056.0	11705.2	 0.0399	 100.00	   3.11
     29	40013f	     17	    6.0	13056.0	11750.2	 0.0390	 100.00	   3.15
     30	40013f	     17	    5.0	13057.0	11792.4	 0.0378	 100.00	   3.19
     31	40013f	     17	    5.0	13056.0	11831.9	 0.0386	 100.00	   3.22
     32	40013f	     17	    4.0	13056.0	11869.0	 0.0390	 100.00	   3.26
     33	40013f	     17	   12.0	13054.0	11903.8	 0.0394	 100.00	   3.29
     34	40013f	     17	    4.0	13054.0	11936.7	 0.0382	 100.00	   3.32
     35	40013f	     17	    6.0	13056.0	11967.8	 0.0378	 100.00	   3.35
     36	40013f	     17	    3.0	13055.0	11997.2	 0.0383	 100.00	   3.38
     37	40013f	     17	    6.0	13053.0	12024.9	 0.0373	 100.00	   3.41
     38	40013f	     17	    6.0	13055.0	12051.4	 0.0371	 100.00	   3.44
     39	40013f	     17	    4.0	13055.0	12076.5	 0.0372	 100.00	   3.47
     40	40013f	     17	    4.0	13055.0	12100.3	 0.0363	 100.00	   3.49
     41	40013f	     17	    7.0	13054.0	12123.0	 0.0358	 100.00	   3.52
     42	40013f	     17	    5.0	13053.0	12144.7	 0.0350	 100.00	   3.54
     43	40013f	     17	    6.0	13059.0	12165.4	 0.0403	 100.00	   3.56
     44	40013f	     17	    5.0	13058.0	12185.3	 0.0407	 100.00	   3.59
     45	40013f	     17	    4.0	13058.0	12204.2	 0.0399	 100.00	   3.61
     46	40013f	     17	    7.0	13057.0	12222.4	 0.0404	 100.00	   3.63
     47	40013f	     17	    4.0	13059.0	12239.8	 0.0398	 100.00	   3.65
     48	40013f	     17	    5.0	13056.0	12256.5	 0.0399	 100.00	   3.67
     49	40013f	     17	    6.0	13060.0	12272.5	 0.0391	 100.00	   3.69
     50	40013f	     17	    8.0	13056.0	12287.9	 0.0417	 100.00	   3.70
     51	40013f	     17	    5.0	13057.0	12302.7	 0.0410	 100.00	   3.72
     52	40013f	     17	    4.0	13055.0	12316.9	 0.0413	 100.00	   3.74
     53	40013f	     17	    4.0	13057.0	12330.6	 0.0405	 100.00	   3.76
     54	40013f	     17	    9.0	13058.0	12343.8	 0.0413	 100.00	   3.77
     55	40013f	     17	    3.0	13059.0	12356.6	 0.0414	 100.00	   3.79
     56	40013f	     17	    5.0	13056.0	12368.9	 0.0408	 100.00	   3.80
     57	40013f	     17	    4.0	13058.0	12380.7	 0.0401	 100.00	   3.82
     58	40013f	     17	    8.0	13056.0	12392.2	 0.0400	 100.00	   3.83
     59	40013f	     17	    5.0	13059.0	12403.3	 0.0409	 100.00	   3.85
     60	40013f	     17	    5.0	13056.0	12414.0	 0.0404	 100.00	   3.86
     61	40013f	     17	    4.0	13058.0	12424.4	 0.0398	 100.00	   3.88
     62	40013f	     17	    7.0	13057.0	12434.4	 0.0394	 100.00	   3.89
     63	40013f	     17	    4.0	13057.0	12444.2	 0.0388	 100.00	   3.90
     64	40013f	     17	    5.0	13056.0	12453.6	 0.0388	 100.00	   3.92
     65	40013f	     17	    8.0	13060.0	12462.8	 0.0390	 100.00	   3.93
     66	40013f	     17	   10.0	13054.0	12471.6	 0.0426	 100.00	   3.94
     67	40013f	     17	    5.0	13057.0	12480.2	 0.0425	 100.00	   3.95
     68	40013f	     17	    4.0	13055.0	12488.5	 0.0425	 100.00	   3.96
     69	40013f	     17	    4.0	13055.0	12496.6	 0.0420	 100.00	   3.97
     70	40013f	     17	    8.0	13055.0	12504.5	 0.0415	 100.00	   3.98
     71	40013f	     17	    3.0	13056.0	12512.1	 0.0410	 100.00	   4.00
     72	40013f	     17	    5.0	13055.0	12519.6	 0.0405	 100.00	   4.01
     73	40013f	     17	    4.0	13057.0	12526.8	 0.0400	 100.00	   4.02
     74	40013f	     17	    8.0	13053.0	12533.9	 0.0395	 100.00	   4.03
     75	40013f	     17	    6.0	13057.0	12540.7	 0.0395	 100.00	   4.04
     76	40013f	     17	    5.0	13056.0	12547.4	 0.0391	 100.00	   4.04
     77	40013f	     17	    4.0	13056.0	12553.9	 0.0391	 100.00	   4.05
     78	40013f	     17	    7.0	13055.0	12560.3	 0.0391	 100.00	   4.06
     79	40013f	     17	    4.0	13057.0	12566.5	 0.0386	 100.00	   4.07
     80	40013f	     17	    5.0	13054.0	12572.5	 0.0382	 100.00	   4.08
     81	40013f	     17	    6.0	13058.0	12578.4	 0.0385	 100.00	   4.09
     82	40013f	     17	    8.0	13054.0	12584.2	 0.0389	 100.00	   4.09
     83	40013f	     17	    5.0	13055.0	12589.8	 0.0386	 100.00	   4.10
     84	40013f	     17	    4.0	13053.0	12595.2	 0.0387	 100.00	   4.11
     85	40013f	     17	    4.0	13055.0	12600.6	 0.0382	 100.00	   4.12
     86	40013f	     17	    7.0	13060.0	12605.9	 0.0395	 100.00	   4.12
     87	40013f	     17	    5.0	13059.0	12611.0	 0.0391	 100.00	   4.13
     88	40013f	     17	    4.0	13057.0	12616.0	 0.0387	 100.00	   4.14
     89	40013f	     17	    5.0	13058.0	12620.9	 0.0382	 100.00	   4.15
     90	40013f	     17	    5.0	13059.0	12625.7	 0.0379	 100.00	   4.16
     91	40013f	     17	    8.0	13059.0	12630.4	 0.0380	 100.00	   4.16
     92	40013f	     17	    4.0	13057.0	12635.0	 0.0377	 100.00	   4.17
     93	40013f	     17	    5.0	13058.0	12639.5	 0.0379	 100.00	   4.18
     94	40013f	     17	    5.0	13059.0	12643.9	 0.0380	 100.00	   4.19
     95	40013f	     17	    6.0	13057.0	12648.2	 0.0377	 100.00	   4.20
     96	40013f	     17	    4.0	13057.0	12652.5	 0.0381	 100.00	   4.21
     97	40013f	     17	    8.0	13059.0	12656.6	 0.0385	 100.00	   4.21
     98	40013f	     17	    4.0	13059.0	12660.7	 0.0385	 100.00	   4.22
     99	40013f	     17	   10.0	13057.0	12664.6	 0.0388	 100.00	   4.23
    100	40013f	     17	    3.0	13056.0	12668.5	 0.0389	 100.00	   4.24
    101	40013f	     17	    5.0	13055.0	12672.3	 0.0385	 100.00	   4.24
    102	40013f	     17	    6.0	13057.0	12676.0	 0.0382	 100.00	   4.25
    103	40013f	     17	    5.0	13056.0	12679.7	 0.0378	 100.00	   4.26
    104	40013f	     17	    4.0	13056.0	12683.3	 0.0375	 100.00	   4.26
    105	40013f	     17	    5.0	13057.0	12686.8	 0.0372	 100.00	   4.27
    106	40013f	     17	    5.0	13056.0	12690.3	 0.0369	 100.00	   4.28
    107	40013f	     17	   10.0	13058.0	12693.7	 0.0375	 100.00	   4.28
    108	40013f	     17	    4.0	13058.0	12697.0	 0.0373	 100.00	   4.29
    109	40013f	     17	    5.0	13057.0	12700.3	 0.0372	 100.00	   4.30
    110	40013f	     17	    5.0	13058.0	12703.5	 0.0369	 100.00	   4.30
    111	40013f	     17	    6.0	13058.0	12706.7	 0.0366	 100.00	   4.31
    112	40013f	     17	    4.0	13056.0	12709.8	 0.0363	 100.00	   4.32
    113	40013f	     17	    7.0	13059.0	12712.8	 0.0361	 100.00	   4.32
    114	40013f	     17	    4.0	13059.0	12715.8	 0.0361	 100.00	   4.33
    115	40013f	     17	    9.0	13056.0	12718.8	 0.0362	 100.00	   4.33
    116	40013f	     17	    3.0	13055.0	12721.6	 0.0362	 100.00	   4.34
    117	40013f	     17	    5.0	13056.0	12724.5	 0.0359	 100.00	   4.35
    118	40013f	     17	    7.0	13059.0	12727.3	 0.0358	 100.00	   4.35
    119	40013f	     17	    5.0	13058.0	12730.0	 0.0355	 100.00	   4.36
    120	40013f	     17	    4.0	13056.0	12732.7	 0.0353	 100.00	   4.36
    121	40013f	     17	    5.0	13057.0	12735.4	 0.0351	 100.00	   4.37
    122	40013f	     17	    5.0	13058.0	12738.0	 0.0352	 100.00	   4.37
    123	40013f	     17	    8.0	13058.0	12740.6	 0.0354	 100.00	   4.38
    124	40013f	     17	    4.0	13056.0	12743.1	 0.0351	 100.00	   4.38
    125	40013f	     17	    5.0	13057.0	12745.6	 0.0349	 100.00	   4.39
    126	40013f	     17	    5.0	13058.0	12748.1	 0.0346	 100.00	   4.39
    127	40013f	     17	    6.0	13056.0	12750.5	 0.0344	 100.00	   4.39
    128	40013f	     17	    4.0	13056.0	12752.8	 0.0342	 100.00	   4.40
    129	40013f	     17	    7.0	13061.0	12755.2	 0.0347	 100.00	   4.40
    130	40013f	     17	    5.0	13060.0	12757.5	 0.0346	 100.00	   4.40
    131	40013f	     17	    5.0	13063.0	12759.8	 0.0344	 100.00	   4.41
    132	40013f	     17	   10.0	13055.0	12762.1	 0.0360	 100.00	   4.41
    133	40013f	     17	    4.0	13055.0	12764.3	 0.0357	 100.00	   4.42
    134	40013f	     17	    7.0	13056.0	12766.4	 0.0356	 100.00	   4.42
    135	40013f	     17	    3.0	13057.0	12768.6	 0.0354	 100.00	   4.42
    136	40013f	     17	    6.0	13055.0	12770.6	 0.0355	 100.00	   4.42
    137	40013f	     17	    4.0	13057.0	12772.7	 0.0353	 100.00	   4.43
    138	40013f	     17	    6.0	13055.0	12774.7	 0.0351	 100.00	   4.43
    139	40013f	     17	    6.0	13059.0	12776.8	 0.0355	 100.00	   4.44
    140	40013f	     17	    7.0	13056.0	12778.8	 0.0360	 100.00	   4.44
    141	40013f	     17	    4.0	13056.0	12780.7	 0.0358	 100.00	   4.44
    142	40013f	     17	    6.0	13056.0	12782.6	 0.0356	 100.00	   4.44
    143	40013f	     17	    4.0	13058.0	12784.5	 0.0353	 100.00	   4.45
    144	40013f	     17	    6.0	13054.0	12786.4	 0.0355	 100.00	   4.45
    145	40013f	     17	    6.0	13058.0	12788.3	 0.0353	 100.00	   4.45
    146	40013f	     17	    5.0	13057.0	12790.1	 0.0351	 100.00	   4.46
    147	40013f	     17	    5.0	13058.0	12791.9	 0.0349	 100.00	   4.46
    148	40013f	     17	    7.0	13053.0	12793.7	 0.0351	 100.00	   4.46
    149	40013f	     17	    4.0	13055.0	12795.4	 0.0349	 100.00	   4.47
    150	40013f	     17	    9.0	13058.0	12797.1	 0.0348	 100.00	   4.47
    151	40013f	     17	    3.0	13059.0	12798.9	 0.0347	 100.00	   4.47
    152	40013f	     17	    6.0	13055.0	12800.5	 0.0349	 100.00	   4.47
    153	40013f	     17	    4.0	13057.0	12802.2	 0.0347	 100.00	   4.48
    154	40013f	     17	    6.0	13057.0	12803.8	 0.0349	 100.00	   4.48
    155	40013f	     17	    5.0	13060.0	12805.5	 0.0347	 100.00	   4.48
    156	40013f	     17	    7.0	13055.0	12807.1	 0.0349	 100.00	   4.48
    157	40013f	     17	    4.0	13057.0	12808.7	 0.0347	 100.00	   4.49
    158	40013f	     17	    6.0	13057.0	12810.2	 0.0346	 100.00	   4.49
    159	40013f	     17	    4.0	13057.0	12811.8	 0.0347	 100.00	   4.49
    160	40013f	     17	    6.0	13055.0	12813.3	 0.0350	 100.00	   4.49
    161	40013f	     17	    7.0	13058.0	12814.8	 0.0349	 100.00	   4.50
    162	40013f	     17	    5.0	13057.0	12816.3	 0.0347	 100.00	   4.50
    163	40013f	     17	    5.0	13060.0	12817.8	 0.0345	 100.00	   4.50
    164	40013f	     17	    8.0	13054.0	12819.2	 0.0345	 100.00	   4.50
    165	40013f	     17	    4.0	13054.0	12820.6	 0.0343	 100.00	   4.51
    166	40013f	     17	    7.0	13055.0	12822.0	 0.0341	 100.00	   4.51
    167	40013f	     17	    3.0	13056.0	12823.4	 0.0340	 100.00	   4.51
    168	40013f	     17	    6.0	13054.0	12824.8	 0.0341	 100.00	   4.51
    169	40013f	     17	    4.0	13056.0	12826.1	 0.0339	 100.00	   4.52
    170	40013f	     17	    6.0	13054.0	12827.5	 0.0338	 100.00	   4.52
    171	40013f	     17	    6.0	13060.0	12828.8	 0.0340	 100.00	   4.52
    172	40013f	     17	    4.0	13060.0	12830.1	 0.0340	 100.00	   4.52
    173	40013f	     17	    7.0	13057.0	12831.4	 0.0341	 100.00	   4.52
    174	40013f	     17	    5.0	13058.0	12832.7	 0.0342	 100.00	   4.53
    175	40013f	     17	    5.0	13059.0	12834.0	 0.0340	 100.00	   4.53
    176	40013f	     17	    4.0	13057.0	12835.3	 0.0341	 100.00	   4.53
    177	40013f	     17	    8.0	13059.0	12836.5	 0.0339	 100.00	   4.53
    178	40013f	     17	    4.0	13059.0	12837.8	 0.0340	 100.00	   4.53
    179	40013f	     17	    6.0	13059.0	12839.0	 0.0338	 100.00	   4.54
    180	40013f	     17	    3.0	13058.0	12840.2	 0.0340	 100.00	   4.54
    181	40013f	     17	    8.0	13056.0	12841.4	 0.0340	 100.00	   4.54
    182	40013f	     17	    7.0	13059.0	12842.6	 0.0339	 100.00	   4.54
    183	40013f	     17	    4.0	13059.0	12843.8	 0.0339	 100.00	   4.54
    184	40013f	     17	    4.0	13057.0	12844.9	 0.0339	 100.00	   4.55
    185	40013f	     17	    6.0	13057.0	12846.1	 0.0337	 100.00	   4.55
    186	40013f	     17	    5.0	13058.0	12847.2	 0.0335	 100.00	   4.55
    187	40013f	     17	    6.0	13060.0	12848.3	 0.0334	 100.00	   4.55
    188	40013f	     17	    4.0	13058.0	12849.4	 0.0334	 100.00	   4.55
    189	40013f	     17	    7.0	13057.0	12850.5	 0.0333	 100.00	   4.55
    190	40013f	     17	    5.0	13058.0	12851.6	 0.0332	 100.00	   4.56
    191	40013f	     17	    5.0	13057.0	12852.7	 0.0330	 100.00	   4.56
    192	40013f	     17	    4.0	13057.0	12853.8	 0.0329	 100.00	   4.56
    193	40013f	     17	   10.0	13059.0	12854.8	 0.0331	 100.00	   4.56
    194	40013f	     17	    4.0	13059.0	12855.9	 0.0330	 100.00	   4.56
    195	40013f	     17	    6.0	13061.0	12856.9	 0.0329	 100.00	   4.57
    196	40013f	     17	    3.0	13060.0	12857.9	 0.0330	 100.00	   4.57
    197	40013f	     17	   10.0	13054.0	12858.9	 0.0333	 100.00	   4.57
    198	40013f	     17	    6.0	13056.0	12859.9	 0.0332	 100.00	   4.57
    199	40013f	     17	    4.0	13056.0	12860.9	 0.0330	 100.00	   4.57
    200	40013f	     17	    4.0	13056.0	12861.9	 0.0329	 100.00	   4.57
    201	40013f	     17	    6.0	13056.0	12862.8	 0.0327	 100.00	   4.58
    202	40013f	     17	    5.0	13055.0	12863.8	 0.0325	 100.00	   4.58
    203	40013f	     17	    7.0	13058.0	12864.7	 0.0324	 100.00	   4.58
    204	40013f	     17	    4.0	13058.0	12865.7	 0.0323	 100.00	   4.58
    205	40013f	     17	    7.0	13055.0	12866.6	 0.0322	 100.00	   4.58
    206	40013f	     17	    5.0	13056.0	12867.5	 0.0320	 100.00	   4.58
    207	40013f	     17	    5.0	13057.0	12868.4	 0.0319	 100.00	   4.59
    208	40013f	     17	    4.0	13055.0	12869.3	 0.0317	 100.00	   4.59
    209	40013f	     17	    8.0	13057.0	12870.2	 0.0316	 100.00	   4.59
    210	40013f	     17	    4.0	13057.0	12871.1	 0.0315	 100.00	   4.59
    211	40013f	     17	    6.0	13057.0	12872.0	 0.0313	 100.00	   4.59
    212	40013f	     17	    3.0	13056.0	12872.8	 0.0315	 100.00	   4.59
    213	40013f	     17	    8.0	13054.0	12873.7	 0.0314	 100.00	   4.60
    214	40013f	     17	    7.0	13059.0	12874.5	 0.0313	 100.00	   4.60
    215	40013f	     17	    3.0	13060.0	12875.4	 0.0312	 100.00	   4.60
    216	40013f	     17	    5.0	13057.0	12876.2	 0.0312	 100.00	   4.60
    217	40013f	     17	    4.0	13059.0	12877.1	 0.0311	 100.00	   4.60
    218	40013f	     17	    7.0	13058.0	12877.9	 0.0311	 100.00	   4.60
    219	40013f	     17	    5.0	13061.0	12878.7	 0.0310	 100.00	   4.60
    220	40013f	     17	    5.0	13058.0	12879.5	 0.0309	 100.00	   4.61
    221	40013f	     17	    4.0	13060.0	12880.4	 0.0308	 100.00	   4.61
    222	40013f	     17	    8.0	13058.0	12881.1	 0.0309	 100.00	   4.61
    223	40013f	     17	    4.0	13058.0	12881.9	 0.0308	 100.00	   4.61
    224	40013f	     17	    5.0	13057.0	12882.7	 0.0307	 100.00	   4.61
    225	40013f	     17	    7.0	13060.0	12883.5	 0.0306	 100.00	   4.61
    226	40013f	     17	    6.0	13058.0	12884.3	 0.0306	 100.00	   4.61
    227	40013f	     17	    5.0	13061.0	12885.0	 0.0305	 100.00	   4.61
    228	40013f	     17	    4.0	13059.0	12885.8	 0.0306	 100.00	   4.62
    229	40013f	     17	    4.0	13059.0	12886.6	 0.0304	 100.00	   4.62
    230	40013f	     17	   11.0	13056.0	12887.3	 0.0307	 100.00	   4.62
    231	40013f	     17	    3.0	13057.0	12888.0	 0.0306	 100.00	   4.62
    232	40013f	     17	    5.0	13056.0	12888.7	 0.0305	 100.00	   4.62
    233	40013f	     17	    4.0	13058.0	12889.5	 0.0304	 100.00	   4.62
    234	40013f	     17	    7.0	13055.0	12890.2	 0.0302	 100.00	   4.62
    235	40013f	     17	    7.0	13060.0	12890.9	 0.0302	 100.00	   4.62
    236	40013f	     17	    5.0	13059.0	12891.6	 0.0303	 100.00	   4.63
    237	40013f	     17	    4.0	13059.0	12892.3	 0.0304	 100.00	   4.63
    238	40013f	     17	    8.0	13057.0	12893.0	 0.0304	 100.00	   4.63
    239	40013f	     17	    4.0	13059.0	12893.7	 0.0303	 100.00	   4.63
    240	40013f	     17	    5.0	13056.0	12894.4	 0.0301	 100.00	   4.63
    241	40013f	     17	    6.0	13060.0	12895.0	 0.0300	 100.00	   4.63
    242	40013f	     17	    6.0	13058.0	12895.7	 0.0300	 100.00	   4.63
    243	40013f	     17	    5.0	13059.0	12896.4	 0.0298	 100.00	   4.63
    244	40013f	     17	    4.0	13057.0	12897.0	 0.0298	 100.00	   4.64
    245	40013f	     17	    4.0	13059.0	12897.7	 0.0297	 100.00	   4.64
    246	40013f	     17	   11.0	13058.0	12898.3	 0.0298	 100.00	   4.64
    247	40013f	     17	    3.0	13059.0	12899.0	 0.0298	 100.00	   4.64
    248	40013f	     17	    5.0	13056.0	12899.6	 0.0298	 100.00	   4.64
    249	40013f	     17	    4.0	13058.0	12900.3	 0.0297	 100.00	   4.64
    250	40013f	     17	    7.0	13057.0	12900.9	 0.0296	 100.00	   4.64
    251	40013f	     17	    5.0	13060.0	12901.5	 0.0297	 100.00	   4.65
    252	40013f	     17	    5.0	13057.0	12902.1	 0.0298	 100.00	   4.65
    253	40013f	     17	    4.0	13059.0	12902.7	 0.0298	 100.00	   4.65
    254	40013f	     17	    8.0	13057.0	12903.3	 0.0298	 100.00	   4.65
    255	40013f	     17	    4.0	13057.0	12903.9	 0.0297	 100.00	   4.65
    256	40013f	     17	    5.0	13056.0	12904.5	 0.0296	 100.00	   4.66
    257	40013f	     17	    7.0	13061.0	12905.1	 0.0297	 100.00	   4.66
    258	40013f	     17	    4.0	13061.0	12905.7	 0.0296	 100.00	   4.66
    259	40013f	     17	    7.0	13062.0	12906.4	 0.0295	 100.00	   4.66
    260	40013f	     17	    3.0	13061.0	12906.9	 0.0294	 100.00	   4.66
    261	40013f	     17	    5.0	13060.0	12907.5	 0.0293	 100.00	   4.66
    262	40013f	     17	    6.0	13062.0	12908.1	 0.0292	 100.00	   4.67
    263	40013f	     17	   11.0	13055.0	12908.7	 0.0302	 100.00	   4.67
    264	40013f	     17	    4.0	13055.0	12909.2	 0.0302	 100.00	   4.67
    265	40013f	     17	    5.0	13056.0	12909.8	 0.0301	 100.00	   4.67
    266	40013f	     17	    5.0	13055.0	12910.3	 0.0300	 100.00	   4.67
    267	40013f	     17	    8.0	13057.0	12910.9	 0.0300	 100.00	   4.67
    268	40013f	     17	    4.0	13057.0	12911.4	 0.0299	 100.00	   4.67
    269	40013f	     17	    5.0	13056.0	12911.9	 0.0299	 100.00	   4.67
    270	40013f	     17	    5.0	13057.0	12912.5	 0.0299	 100.00	   4.68
    271	40013f	     17	    7.0	13056.0	12913.0	 0.0299	 100.00	   4.68
    272	40013f	     17	    4.0	13054.0	12913.5	 0.0298	 100.00	   4.68
    273	40013f	     17	    7.0	13057.0	12914.0	 0.0298	 100.00	   4.68
    274	40013f	     17	    4.0	13057.0	12914.6	 0.0297	 100.00	   4.68
    275	40013f	     17	    7.0	13056.0	12915.1	 0.0297	 100.00	   4.68
    276	40013f	     17	    3.0	13055.0	12915.6	 0.0297	 100.00	   4.68
    277	40013f	     17	    5.0	13056.0	12916.1	 0.0296	 100.00	   4.68
    278	40013f	     17	    8.0	13060.0	12916.6	 0.0298	 100.00	   4.68
    279	40013f	     17	    7.0	13057.0	12917.1	 0.0298	 100.00	   4.68
    280	40013f	     17	    4.0	13055.0	12917.6	 0.0299	 100.00	   4.68
    281	40013f	     17	    5.0	13056.0	12918.1	 0.0298	 100.00	   4.68
    282	40013f	     17	    5.0	13057.0	12918.6	 0.0297	 100.00	   4.68
    283	40013f	     17	    7.0	13058.0	12919.1	 0.0298	 100.00	   4.68
    284	40013f	     17	    4.0	13056.0	12919.6	 0.0297	 100.00	   4.68
    285	40013f	     17	    5.0	13057.0	12920.0	 0.0296	 100.00	   4.68
    286	40013f	     17	    5.0	13058.0	12920.5	 0.0295	 100.00	   4.68
    287	40013f	     17	    7.0	13055.0	12921.0	 0.0296	 100.00	   4.68
    288	40013f	     17	    4.0	13055.0	12921.4	 0.0295	 100.00	   4.69
    289	40013f	     17	    8.0	13057.0	12921.9	 0.0295	 100.00	   4.69
    290	40013f	     17	    4.0	13057.0	12922.4	 0.0294	 100.00	   4.69
    291	40013f	     17	    7.0	13058.0	12922.8	 0.0294	 100.00	   4.69
    292	40013f	     17	    3.0	13057.0	12923.3	 0.0294	 100.00	   4.69
    293	40013f	     17	    5.0	13056.0	12923.7	 0.0294	 100.00	   4.69
    294	40013f	     17	    6.0	13058.0	12924.2	 0.0293	 100.00	   4.69
    295	40013f	     17	    8.0	13054.0	12924.6	 0.0296	 100.00	   4.69
    296	40013f	     17	    4.0	13054.0	12925.1	 0.0295	 100.00	   4.69
    297	40013f	     17	    5.0	13055.0	12925.5	 0.0294	 100.00	   4.69
    298	40013f	     17	    5.0	13054.0	12925.9	 0.0293	 100.00	   4.69
    299	40013f	     17	    6.0	13060.0	12926.4	 0.0297	 100.00	   4.69
    300	40013f	     17	    6.0	13058.0	12926.8	 0.0298	 100.00	   4.69
    301	40013f	     17	    4.0	13058.0	12927.3	 0.0299	 100.00	   4.69
    302	40013f	     17	    6.0	13058.0	12927.7	 0.0299	 100.00	   4.69
